Active: ImageLevelloss True True False 2 
Active: Adjacencyloss True True 30 0.0001 True 
Active: Relationsloss True 2 False 0.1 
Active: OneHotloss True 20 
Active: MinSizeBackgroundloss True 1 

Test Scores: [0.095, 0.189, 0.221, 0.214, 0.239, 0.243, 0.299, 0.267, 0.263, 0.254, 0.25, 0.25, 0.247, 0.245, 0.244, 0.242, 0.242, 0.247, 0.246, 0.258, 0.269, 0.278, 0.293, 0.288, 0.295, 0.292, 0.295, 0.309, 0.305, 0.301, 0.317, 0.309, 0.321, 0.398, 0.418, 0.409, 0.427, 0.419, 0.429, 0.422, 0.433, 0.45, 0.476, 0.467, 0.485, 0.49, 0.523, 0.523, 0.512, 0.541, 0.556, 0.541, 0.539, 0.498, 0.559, 0.533, 0.527, 0.549, 0.537, 0.561, 0.571, 0.535, 0.529, 0.558, 0.565, 0.599, 0.588, 0.595, 0.664, 0.731, 0.709, 0.702, 0.72, 0.688, 0.693, 0.765, 0.73, 0.765, 0.787, 0.819, 0.793, 0.812, 0.793, 0.813, 0.791, 0.758, 0.828, 0.816, 0.779, 0.8, 0.794, 0.807, 0.799, 0.818, 0.822, 0.814, 0.786, 0.834, 0.807, 0.765, 0.826, 0.827, 0.836, 0.81, 0.835, 0.802, 0.841, 0.828, 0.809, 0.835, 0.824, 0.881, 0.846, 0.855, 0.843, 0.835, 0.828, 0.841, 0.846, 0.861, 0.825, 0.836, 0.857, 0.844, 0.862, 0.83, 0.83, 0.798, 0.853, 0.824, 0.863, 0.863, 0.828, 0.81, 0.854, 0.833, 0.862, 0.832, 0.863, 0.852, 0.858, 0.846, 0.819, 0.859, 0.847, 0.827, 0.857, 0.853, 0.869, 0.869, 0.868, 0.851, 0.85, 0.855, 0.862, 0.868, 0.873, 0.853, 0.845, 0.835, 0.825, 0.868, 0.846, 0.865, 0.848, 0.868, 0.849, 0.836, 0.855, 0.877, 0.88, 0.872, 0.85, 0.857, 0.875, 0.857, 0.86, 0.83, 0.858, 0.872, 0.873, 0.847, 0.862, 0.867, 0.858, 0.857, 0.841, 0.874, 0.852, 0.852, 0.872, 0.861, 0.872, 0.867, 0.851, 0.86, 0.847, 0.865, 0.783, 0.859, 0.872, 0.866, 0.869, 0.852, 0.855, 0.865, 0.866, 0.844, 0.834, 0.873, 0.863, 0.851, 0.871, 0.852, 0.868, 0.847, 0.855, 0.86, 0.827, 0.83]
Test Scores w/o background: [0.051, 0.067, 0.073, 0.068, 0.089, 0.065, 0.083, 0.044, 0.039, 0.027, 0.022, 0.022, 0.019, 0.016, 0.015, 0.012, 0.013, 0.019, 0.018, 0.033, 0.046, 0.057, 0.076, 0.069, 0.078, 0.074, 0.08, 0.098, 0.092, 0.086, 0.107, 0.098, 0.113, 0.209, 0.237, 0.224, 0.25, 0.239, 0.253, 0.241, 0.255, 0.277, 0.312, 0.301, 0.323, 0.33, 0.374, 0.374, 0.359, 0.396, 0.417, 0.397, 0.393, 0.338, 0.42, 0.384, 0.377, 0.406, 0.39, 0.422, 0.435, 0.386, 0.378, 0.418, 0.426, 0.472, 0.457, 0.467, 0.557, 0.646, 0.617, 0.607, 0.631, 0.587, 0.595, 0.69, 0.644, 0.69, 0.72, 0.762, 0.727, 0.752, 0.727, 0.755, 0.725, 0.68, 0.774, 0.757, 0.707, 0.736, 0.728, 0.746, 0.735, 0.76, 0.765, 0.754, 0.716, 0.781, 0.745, 0.689, 0.77, 0.771, 0.783, 0.749, 0.781, 0.738, 0.789, 0.773, 0.747, 0.782, 0.767, 0.843, 0.797, 0.809, 0.792, 0.782, 0.772, 0.789, 0.796, 0.816, 0.768, 0.783, 0.811, 0.793, 0.817, 0.775, 0.775, 0.732, 0.805, 0.767, 0.819, 0.819, 0.772, 0.749, 0.807, 0.779, 0.817, 0.778, 0.819, 0.805, 0.811, 0.797, 0.76, 0.814, 0.798, 0.771, 0.81, 0.805, 0.827, 0.827, 0.826, 0.803, 0.801, 0.809, 0.817, 0.825, 0.833, 0.806, 0.795, 0.782, 0.768, 0.826, 0.796, 0.821, 0.799, 0.826, 0.8, 0.782, 0.808, 0.837, 0.842, 0.831, 0.802, 0.811, 0.834, 0.811, 0.815, 0.775, 0.812, 0.831, 0.833, 0.797, 0.817, 0.825, 0.813, 0.81, 0.789, 0.834, 0.805, 0.804, 0.831, 0.817, 0.83, 0.824, 0.802, 0.815, 0.798, 0.821, 0.712, 0.814, 0.83, 0.823, 0.827, 0.804, 0.808, 0.821, 0.823, 0.793, 0.78, 0.832, 0.818, 0.803, 0.829, 0.804, 0.825, 0.797, 0.808, 0.815, 0.771, 0.775]
Train Scores: [0.078, 0.182, 0.225, 0.22, 0.244, 0.25, 0.301, 0.269, 0.264, 0.254, 0.248, 0.248, 0.247, 0.246, 0.244, 0.242, 0.243, 0.25, 0.249, 0.263, 0.276, 0.287, 0.298, 0.297, 0.308, 0.308, 0.309, 0.314, 0.317, 0.316, 0.327, 0.324, 0.336, 0.418, 0.43, 0.436, 0.435, 0.448, 0.458, 0.464, 0.473, 0.478, 0.498, 0.515, 0.515, 0.519, 0.536, 0.541, 0.557, 0.565, 0.577, 0.585, 0.572, 0.594, 0.597, 0.609, 0.607, 0.611, 0.624, 0.61, 0.631, 0.629, 0.622, 0.636, 0.626, 0.64, 0.628, 0.634, 0.696, 0.755, 0.766, 0.772, 0.787, 0.749, 0.765, 0.794, 0.787, 0.819, 0.815, 0.838, 0.824, 0.842, 0.841, 0.843, 0.809, 0.847, 0.862, 0.864, 0.811, 0.839, 0.821, 0.85, 0.845, 0.856, 0.868, 0.863, 0.861, 0.871, 0.863, 0.831, 0.857, 0.86, 0.875, 0.869, 0.872, 0.875, 0.875, 0.862, 0.861, 0.871, 0.887, 0.899, 0.877, 0.889, 0.873, 0.886, 0.872, 0.891, 0.891, 0.893, 0.865, 0.872, 0.892, 0.878, 0.891, 0.865, 0.887, 0.861, 0.882, 0.885, 0.9, 0.9, 0.882, 0.883, 0.891, 0.896, 0.899, 0.877, 0.908, 0.89, 0.906, 0.892, 0.87, 0.893, 0.884, 0.875, 0.9, 0.888, 0.896, 0.899, 0.899, 0.887, 0.896, 0.893, 0.901, 0.886, 0.903, 0.902, 0.891, 0.88, 0.872, 0.9, 0.884, 0.906, 0.891, 0.902, 0.89, 0.867, 0.884, 0.91, 0.909, 0.903, 0.887, 0.893, 0.903, 0.9, 0.896, 0.876, 0.895, 0.916, 0.906, 0.887, 0.903, 0.906, 0.899, 0.896, 0.89, 0.907, 0.893, 0.888, 0.902, 0.897, 0.903, 0.905, 0.897, 0.901, 0.88, 0.9, 0.834, 0.871, 0.906, 0.895, 0.908, 0.889, 0.89, 0.899, 0.899, 0.894, 0.867, 0.909, 0.901, 0.901, 0.908, 0.888, 0.904, 0.881, 0.901, 0.907, 0.884, 0.886]
Train Scores w/o background: [0.031, 0.054, 0.079, 0.08, 0.102, 0.08, 0.086, 0.045, 0.038, 0.026, 0.019, 0.019, 0.018, 0.017, 0.013, 0.011, 0.012, 0.022, 0.02, 0.038, 0.055, 0.068, 0.082, 0.081, 0.094, 0.094, 0.097, 0.103, 0.107, 0.106, 0.119, 0.117, 0.132, 0.237, 0.254, 0.261, 0.261, 0.278, 0.29, 0.297, 0.309, 0.315, 0.342, 0.364, 0.364, 0.369, 0.391, 0.398, 0.42, 0.429, 0.445, 0.455, 0.438, 0.467, 0.47, 0.487, 0.484, 0.49, 0.506, 0.488, 0.516, 0.513, 0.504, 0.522, 0.508, 0.527, 0.511, 0.519, 0.601, 0.677, 0.693, 0.7, 0.72, 0.669, 0.692, 0.73, 0.721, 0.763, 0.758, 0.788, 0.768, 0.792, 0.792, 0.794, 0.748, 0.798, 0.818, 0.821, 0.75, 0.788, 0.764, 0.803, 0.795, 0.811, 0.826, 0.82, 0.817, 0.83, 0.819, 0.776, 0.811, 0.816, 0.835, 0.827, 0.831, 0.835, 0.835, 0.818, 0.816, 0.83, 0.851, 0.867, 0.838, 0.853, 0.832, 0.849, 0.831, 0.856, 0.855, 0.858, 0.822, 0.831, 0.857, 0.839, 0.856, 0.821, 0.851, 0.815, 0.844, 0.848, 0.867, 0.868, 0.844, 0.845, 0.856, 0.863, 0.867, 0.837, 0.878, 0.855, 0.877, 0.857, 0.828, 0.859, 0.847, 0.835, 0.868, 0.852, 0.862, 0.867, 0.867, 0.85, 0.862, 0.858, 0.869, 0.849, 0.872, 0.871, 0.856, 0.841, 0.831, 0.868, 0.847, 0.876, 0.856, 0.87, 0.855, 0.824, 0.847, 0.882, 0.88, 0.872, 0.85, 0.859, 0.872, 0.868, 0.863, 0.836, 0.861, 0.889, 0.876, 0.85, 0.872, 0.876, 0.866, 0.863, 0.854, 0.877, 0.859, 0.852, 0.871, 0.864, 0.872, 0.874, 0.864, 0.87, 0.841, 0.868, 0.781, 0.829, 0.876, 0.861, 0.879, 0.854, 0.854, 0.867, 0.867, 0.86, 0.824, 0.879, 0.869, 0.869, 0.878, 0.852, 0.873, 0.843, 0.869, 0.877, 0.846, 0.849]
Train Loss: [270.548, 208.349, 172.367, 151.24, 135.22, 120.745, 107.82, 95.06, 81.773, 70.204, 61.12, 51.361, 42.961, 35.92, 30.628, 27.37, 25.7, 24.883, 24.302, 23.957, 23.606, 23.584, 22.529, 21.826, 21.476, 21.063, 20.207, 19.515, 18.662, 18.255, 17.615, 17.41, 15.912, 14.189, 12.263, 10.797, 9.702, 8.5, 7.84, 6.653, 6.04, 5.571, 4.999, 4.497, 4.155, 3.717, 3.476, 3.309, 3.047, 2.875, 2.682, 2.56, 2.392, 2.177, 2.107, 2.008, 2.042, 1.943, 1.823, 1.845, 1.69, 1.603, 1.536, 1.657, 1.568, 1.422, 1.391, 1.486, 1.358, 1.237, 1.351, 1.127, 0.998, 0.93, 0.894, 0.789, 0.865, 0.726, 0.81, 0.656, 0.53, 0.522, 0.498, 0.496, 0.446, 0.446, 0.447, 0.695, 0.37, 0.702, 0.419, 0.877, 0.521, 0.427, 0.314, 0.312, 0.276, 0.292, 0.329, 0.252, 0.266, 0.267, 0.349, 0.454, 0.23, 0.271, 0.373, 0.222, 0.257, 0.288, 0.331, 0.177, 0.202, 0.192, 0.207, 0.236, 0.192, 0.214, 0.161, 0.385, 0.19, 0.177, 0.178, 0.473, 0.178, 0.387, 0.141, 0.19, 0.181, 0.15, 0.126, 0.115, 0.144, 0.139, 0.171, 0.226, 0.132, 0.453, 0.184, 0.135, 0.116, 0.12, 0.122, 0.112, 0.279, 0.121, 0.405, 0.387, 0.312, 0.173, 0.289, 0.097, 0.107, 0.109, 0.088, 0.111, 0.097, 0.35, 0.321, 0.152, 0.161, 0.213, 0.102, 0.155, 0.253, 0.095, 0.094, 0.088, 0.185, 0.088, 0.304, 0.089, 0.094, 0.106, 0.125, 0.089, 0.158, 0.099, 0.102, 0.176, 0.099, 0.198, 0.285, 0.165, 0.101, 0.14, 0.104, 0.106, 0.136, 0.15, 0.077, 0.075, 0.075, 0.071, 0.073, 0.069, 0.296, 0.076, 0.072, 0.079, 0.094, 0.115, 0.085, 0.071, 0.14, 0.068, 0.075, 0.069, 0.065, 0.074, 0.135, 0.063, 0.068, 0.067, 0.063, 0.066, 0.064, 0.259, 0.22, 0.246]
Test Loss: [267.609, 205.579, 170.46, 150.63, 134.257, 119.507, 106.701, 93.829, 81.659, 69.052, 60.212, 51.875, 43.12, 36.692, 30.814, 27.756, 26.355, 25.735, 25.343, 24.873, 24.746, 25.15, 24.524, 24.423, 24.968, 24.663, 23.584, 22.819, 22.936, 22.091, 21.218, 20.549, 18.098, 17.404, 14.626, 13.497, 11.749, 11.587, 11.074, 9.792, 9.383, 8.841, 9.618, 8.435, 8.36, 7.649, 6.555, 6.897, 6.886, 7.391, 6.211, 5.084, 5.211, 6.172, 5.885, 6.185, 6.333, 7.921, 4.533, 6.138, 4.597, 4.187, 5.611, 4.649, 4.988, 4.648, 5.666, 4.275, 3.553, 3.984, 4.525, 3.716, 4.111, 3.858, 3.886, 4.071, 4.146, 4.137, 2.372, 3.732, 2.655, 2.721, 3.73, 2.972, 3.206, 4.796, 1.878, 5.737, 1.928, 2.806, 4.93, 5.246, 3.005, 2.185, 2.585, 2.747, 1.753, 2.041, 2.632, 2.281, 2.611, 2.145, 2.794, 1.868, 2.849, 4.462, 2.221, 1.751, 3.101, 2.47, 2.188, 2.206, 2.297, 1.847, 1.704, 4.198, 4.838, 4.295, 4.092, 4.046, 3.659, 2.639, 3.867, 4.71, 2.285, 4.016, 3.17, 4.967, 3.043, 4.388, 4.557, 4.305, 5.098, 4.26, 4.091, 3.364, 3.573, 4.259, 3.853, 2.957, 2.47, 3.083, 4.046, 5.024, 2.746, 3.859, 4.278, 5.082, 2.463, 2.074, 3.986, 4.063, 4.188, 4.064, 4.656, 4.513, 4.923, 3.813, 5.199, 3.767, 2.418, 2.824, 5.01, 5.192, 3.259, 3.189, 4.452, 3.71, 4.131, 4.74, 5.251, 3.405, 5.362, 4.782, 4.933, 3.513, 3.272, 3.834, 6.832, 4.728, 4.251, 6.287, 4.124, 3.872, 5.535, 5.132, 4.323, 4.859, 3.807, 4.741, 3.869, 3.961, 3.643, 3.278, 5.277, 5.141, 4.367, 4.953, 4.684, 5.277, 6.193, 5.224, 4.393, 4.252, 4.212, 3.747, 4.735, 4.544, 7.641, 7.039, 5.541, 2.914, 4.568, 5.521, 6.748, 5.359, 6.003, 6.273, 5.304, 4.549]
Max test score: 0.881 found at epoch: 112
Max test score shapes: 0.843 found at epoch: 112
