Active: ImageLevelloss True True False 2 
Active: Relationsloss True 2 False 0.1 
Active: OneHotloss True 10 
Active: MinSizeBackgroundloss True 1 

Test Scores: [0.096, 0.178, 0.217, 0.21, 0.243, 0.238, 0.293, 0.264, 0.256, 0.255, 0.246, 0.245, 0.243, 0.247, 0.242, 0.242, 0.239, 0.239, 0.241, 0.245, 0.253, 0.251, 0.237, 0.253, 0.25, 0.257, 0.251, 0.262, 0.261, 0.254, 0.258, 0.286, 0.281, 0.292, 0.313, 0.326, 0.377, 0.341, 0.376, 0.402, 0.408, 0.403, 0.42, 0.449, 0.408, 0.468, 0.49, 0.48, 0.479, 0.499, 0.487, 0.502, 0.513, 0.531, 0.537, 0.542, 0.556, 0.551, 0.552, 0.677, 0.641, 0.668, 0.61, 0.685, 0.71, 0.67, 0.684, 0.679, 0.729, 0.708, 0.745, 0.702, 0.71, 0.697, 0.683, 0.754, 0.726, 0.762, 0.742, 0.721, 0.742, 0.756, 0.745, 0.744, 0.78, 0.754, 0.729, 0.789, 0.754, 0.8, 0.798, 0.743, 0.764, 0.805, 0.775, 0.755, 0.813, 0.799, 0.771, 0.803, 0.803, 0.754, 0.749, 0.795, 0.788, 0.767, 0.822, 0.769, 0.795, 0.782, 0.818, 0.796, 0.816, 0.838, 0.826, 0.819, 0.787, 0.809, 0.842, 0.809, 0.843, 0.816, 0.754, 0.858, 0.81, 0.789, 0.794, 0.819, 0.761, 0.825, 0.822, 0.855, 0.777, 0.806, 0.816, 0.839, 0.849, 0.797, 0.852, 0.832, 0.836, 0.829, 0.818, 0.823, 0.835, 0.808, 0.851, 0.84, 0.83, 0.827, 0.826, 0.796, 0.805, 0.833, 0.865, 0.833, 0.824, 0.829, 0.836, 0.806, 0.822, 0.819, 0.843, 0.829, 0.829, 0.865, 0.829, 0.809, 0.8, 0.848, 0.824, 0.82, 0.852, 0.834, 0.845, 0.838, 0.839, 0.861, 0.837, 0.833, 0.843, 0.85, 0.848, 0.829, 0.822, 0.834, 0.836, 0.849, 0.789, 0.848, 0.816, 0.844, 0.83, 0.86, 0.871, 0.814, 0.782, 0.834, 0.779, 0.835, 0.856, 0.837, 0.845, 0.861, 0.838, 0.857, 0.852, 0.797, 0.822, 0.854, 0.829, 0.864, 0.858, 0.843, 0.87, 0.856, 0.875, 0.848, 0.795, 0.806]
Test Scores w/o background: [0.052, 0.057, 0.063, 0.058, 0.09, 0.067, 0.076, 0.039, 0.029, 0.028, 0.018, 0.016, 0.014, 0.019, 0.012, 0.012, 0.009, 0.009, 0.012, 0.017, 0.026, 0.024, 0.006, 0.027, 0.022, 0.032, 0.024, 0.038, 0.036, 0.028, 0.033, 0.067, 0.061, 0.075, 0.103, 0.118, 0.184, 0.135, 0.182, 0.215, 0.225, 0.214, 0.238, 0.276, 0.222, 0.3, 0.329, 0.316, 0.315, 0.341, 0.324, 0.345, 0.359, 0.382, 0.39, 0.397, 0.415, 0.408, 0.41, 0.576, 0.528, 0.564, 0.485, 0.588, 0.619, 0.565, 0.584, 0.577, 0.643, 0.615, 0.665, 0.607, 0.618, 0.6, 0.581, 0.676, 0.638, 0.686, 0.66, 0.631, 0.659, 0.678, 0.663, 0.662, 0.71, 0.674, 0.642, 0.721, 0.674, 0.736, 0.733, 0.66, 0.688, 0.742, 0.703, 0.676, 0.753, 0.734, 0.696, 0.739, 0.739, 0.674, 0.667, 0.728, 0.72, 0.692, 0.765, 0.693, 0.729, 0.711, 0.759, 0.729, 0.756, 0.786, 0.769, 0.76, 0.718, 0.747, 0.792, 0.747, 0.792, 0.757, 0.673, 0.812, 0.748, 0.72, 0.726, 0.76, 0.683, 0.768, 0.764, 0.809, 0.704, 0.743, 0.757, 0.787, 0.8, 0.73, 0.804, 0.778, 0.782, 0.773, 0.758, 0.766, 0.781, 0.746, 0.802, 0.788, 0.774, 0.771, 0.77, 0.729, 0.742, 0.778, 0.821, 0.779, 0.767, 0.773, 0.783, 0.742, 0.764, 0.76, 0.792, 0.773, 0.773, 0.822, 0.774, 0.747, 0.734, 0.799, 0.767, 0.761, 0.803, 0.779, 0.795, 0.785, 0.787, 0.816, 0.783, 0.778, 0.792, 0.802, 0.798, 0.774, 0.763, 0.779, 0.782, 0.8, 0.72, 0.798, 0.756, 0.793, 0.775, 0.815, 0.829, 0.754, 0.711, 0.78, 0.707, 0.781, 0.809, 0.784, 0.795, 0.815, 0.786, 0.81, 0.804, 0.73, 0.764, 0.806, 0.773, 0.82, 0.811, 0.792, 0.828, 0.808, 0.835, 0.798, 0.728, 0.742]
Train Scores: [0.079, 0.176, 0.224, 0.214, 0.248, 0.241, 0.295, 0.268, 0.258, 0.256, 0.245, 0.244, 0.243, 0.247, 0.243, 0.243, 0.24, 0.241, 0.243, 0.249, 0.259, 0.259, 0.241, 0.262, 0.258, 0.268, 0.261, 0.275, 0.283, 0.271, 0.281, 0.3, 0.296, 0.308, 0.321, 0.339, 0.377, 0.362, 0.398, 0.427, 0.417, 0.452, 0.435, 0.481, 0.46, 0.498, 0.505, 0.524, 0.527, 0.529, 0.525, 0.555, 0.525, 0.565, 0.59, 0.592, 0.596, 0.575, 0.598, 0.727, 0.719, 0.714, 0.692, 0.747, 0.751, 0.736, 0.75, 0.742, 0.775, 0.763, 0.787, 0.792, 0.788, 0.775, 0.758, 0.82, 0.803, 0.826, 0.802, 0.788, 0.819, 0.819, 0.831, 0.833, 0.826, 0.807, 0.806, 0.854, 0.832, 0.857, 0.852, 0.83, 0.827, 0.86, 0.843, 0.824, 0.869, 0.868, 0.837, 0.857, 0.853, 0.808, 0.835, 0.856, 0.861, 0.834, 0.872, 0.858, 0.848, 0.875, 0.884, 0.877, 0.882, 0.875, 0.883, 0.883, 0.868, 0.874, 0.888, 0.881, 0.889, 0.874, 0.837, 0.895, 0.877, 0.873, 0.888, 0.871, 0.843, 0.896, 0.886, 0.901, 0.871, 0.847, 0.897, 0.893, 0.893, 0.876, 0.896, 0.88, 0.894, 0.895, 0.872, 0.888, 0.892, 0.882, 0.912, 0.902, 0.902, 0.879, 0.895, 0.893, 0.876, 0.896, 0.904, 0.904, 0.899, 0.897, 0.901, 0.871, 0.901, 0.899, 0.895, 0.9, 0.894, 0.91, 0.889, 0.879, 0.868, 0.912, 0.904, 0.907, 0.915, 0.903, 0.907, 0.91, 0.911, 0.904, 0.897, 0.905, 0.912, 0.912, 0.905, 0.907, 0.901, 0.904, 0.891, 0.897, 0.883, 0.918, 0.885, 0.899, 0.889, 0.891, 0.913, 0.896, 0.853, 0.898, 0.861, 0.899, 0.918, 0.906, 0.9, 0.904, 0.902, 0.908, 0.911, 0.878, 0.881, 0.911, 0.898, 0.916, 0.909, 0.904, 0.92, 0.914, 0.915, 0.913, 0.875, 0.89]
Train Scores w/o background: [0.031, 0.05, 0.073, 0.068, 0.102, 0.076, 0.079, 0.044, 0.031, 0.029, 0.015, 0.014, 0.013, 0.018, 0.012, 0.012, 0.01, 0.01, 0.013, 0.02, 0.033, 0.033, 0.011, 0.037, 0.032, 0.045, 0.035, 0.054, 0.063, 0.049, 0.062, 0.085, 0.08, 0.096, 0.112, 0.136, 0.184, 0.166, 0.211, 0.249, 0.238, 0.279, 0.259, 0.319, 0.292, 0.341, 0.349, 0.376, 0.38, 0.38, 0.375, 0.415, 0.376, 0.429, 0.463, 0.464, 0.47, 0.441, 0.472, 0.642, 0.633, 0.627, 0.596, 0.67, 0.674, 0.653, 0.672, 0.662, 0.705, 0.69, 0.721, 0.727, 0.723, 0.704, 0.682, 0.763, 0.741, 0.771, 0.739, 0.72, 0.761, 0.762, 0.777, 0.78, 0.771, 0.746, 0.744, 0.808, 0.779, 0.811, 0.805, 0.775, 0.772, 0.815, 0.793, 0.768, 0.828, 0.826, 0.785, 0.811, 0.806, 0.746, 0.782, 0.809, 0.816, 0.78, 0.831, 0.812, 0.799, 0.835, 0.847, 0.838, 0.844, 0.834, 0.845, 0.846, 0.825, 0.833, 0.851, 0.843, 0.853, 0.834, 0.784, 0.862, 0.838, 0.832, 0.852, 0.83, 0.792, 0.863, 0.85, 0.869, 0.83, 0.798, 0.864, 0.859, 0.859, 0.836, 0.862, 0.841, 0.86, 0.861, 0.831, 0.852, 0.858, 0.844, 0.883, 0.87, 0.87, 0.839, 0.861, 0.858, 0.836, 0.863, 0.874, 0.873, 0.867, 0.863, 0.869, 0.829, 0.87, 0.866, 0.861, 0.868, 0.86, 0.881, 0.853, 0.84, 0.825, 0.884, 0.872, 0.877, 0.888, 0.872, 0.877, 0.881, 0.883, 0.873, 0.864, 0.875, 0.883, 0.883, 0.874, 0.876, 0.869, 0.873, 0.856, 0.864, 0.845, 0.892, 0.848, 0.866, 0.853, 0.856, 0.886, 0.862, 0.806, 0.865, 0.816, 0.866, 0.891, 0.876, 0.868, 0.873, 0.87, 0.878, 0.882, 0.839, 0.842, 0.882, 0.865, 0.889, 0.88, 0.874, 0.894, 0.886, 0.888, 0.885, 0.835, 0.855]
Train Loss: [260.268, 199.316, 164.311, 143.863, 128.105, 113.882, 100.956, 88.527, 75.792, 64.812, 56.048, 46.503, 38.519, 32.349, 28.056, 25.508, 24.127, 23.583, 23.035, 22.665, 22.368, 22.134, 21.937, 21.561, 20.845, 20.633, 20.264, 20.233, 19.468, 19.174, 18.769, 18.009, 17.452, 16.942, 16.65, 15.931, 14.494, 13.106, 12.148, 11.088, 9.867, 9.556, 8.212, 7.314, 6.374, 5.564, 4.99, 4.683, 3.911, 3.5, 3.209, 2.901, 2.607, 2.462, 2.293, 2.291, 1.921, 1.858, 1.647, 1.561, 1.494, 1.27, 1.143, 1.097, 0.98, 0.888, 0.818, 0.743, 0.663, 0.721, 0.575, 0.77, 0.526, 0.456, 0.422, 0.432, 0.403, 0.385, 0.359, 0.369, 0.417, 0.36, 0.368, 0.384, 0.488, 0.299, 0.272, 0.307, 0.392, 0.244, 0.261, 0.334, 0.224, 0.223, 0.254, 0.213, 0.218, 0.194, 0.259, 0.21, 0.208, 0.367, 0.235, 0.302, 0.251, 0.195, 0.231, 0.223, 0.202, 0.181, 0.189, 0.167, 0.155, 0.164, 0.151, 0.147, 0.148, 0.154, 0.136, 0.132, 0.158, 0.138, 0.151, 0.155, 0.152, 0.139, 0.127, 0.133, 0.115, 0.114, 0.134, 0.124, 0.133, 0.174, 0.404, 0.119, 0.13, 0.195, 0.128, 0.122, 0.116, 0.136, 0.111, 0.115, 0.116, 0.107, 0.099, 0.113, 0.1, 0.097, 0.101, 0.11, 0.298, 0.096, 0.102, 0.092, 0.098, 0.099, 0.087, 0.099, 0.099, 0.107, 0.105, 0.097, 0.094, 0.088, 0.197, 0.105, 0.208, 0.091, 0.083, 0.091, 0.076, 0.096, 0.08, 0.082, 0.08, 0.083, 0.133, 0.094, 0.087, 0.074, 0.082, 0.077, 0.082, 0.083, 0.077, 0.078, 0.085, 0.079, 0.082, 0.087, 0.086, 0.087, 0.085, 0.086, 0.08, 0.083, 0.075, 0.115, 0.07, 0.063, 0.062, 0.063, 0.068, 0.069, 0.068, 0.063, 0.067, 0.071, 0.065, 0.071, 0.073, 0.075, 0.082, 0.091, 0.073, 0.074, 0.07, 0.069]
Test Loss: [257.379, 196.565, 162.423, 143.297, 127.188, 112.769, 99.557, 87.173, 74.481, 63.552, 55.058, 46.071, 38.3, 32.279, 28.122, 25.77, 24.708, 24.394, 24.064, 23.801, 23.534, 23.625, 23.532, 23.126, 22.848, 22.667, 22.603, 23.106, 22.409, 22.569, 21.895, 21.694, 21.258, 21.136, 20.348, 20.142, 18.456, 15.949, 16.783, 16.515, 12.837, 13.163, 13.247, 11.512, 10.65, 9.293, 9.295, 8.405, 9.642, 6.198, 5.456, 7.07, 6.161, 6.129, 6.147, 6.274, 4.241, 5.006, 6.246, 6.62, 5.027, 4.89, 2.568, 4.608, 3.676, 3.522, 5.411, 4.393, 3.352, 5.698, 4.511, 4.557, 6.501, 4.984, 3.264, 4.253, 4.579, 6.262, 9.037, 5.481, 7.634, 3.444, 6.966, 10.64, 10.401, 5.373, 5.448, 4.28, 5.172, 3.356, 4.506, 3.168, 2.931, 4.694, 5.947, 4.773, 5.671, 4.594, 6.68, 5.112, 3.94, 8.01, 3.69, 11.381, 9.338, 4.051, 3.221, 3.476, 4.089, 4.757, 6.677, 4.064, 4.107, 5.648, 2.41, 4.641, 4.251, 6.306, 2.616, 4.803, 6.408, 3.336, 7.842, 5.183, 4.537, 5.185, 6.593, 7.261, 5.417, 4.525, 7.365, 4.513, 6.982, 5.71, 4.057, 3.092, 4.651, 12.563, 5.334, 7.595, 8.909, 9.107, 5.729, 3.299, 4.778, 7.831, 6.485, 2.95, 5.69, 2.434, 5.037, 9.341, 3.68, 3.935, 2.616, 3.327, 6.208, 8.899, 8.197, 5.865, 5.812, 7.655, 3.713, 3.408, 6.16, 5.826, 3.679, 5.39, 8.074, 2.908, 4.713, 9.227, 4.861, 3.897, 6.548, 5.501, 6.346, 4.432, 3.498, 8.161, 7.584, 3.626, 6.0, 3.74, 6.44, 7.084, 7.839, 6.037, inf, 4.505, 5.775, 7.233, 4.551, 3.997, 4.346, inf, 7.754, 4.494, 4.642, inf, 8.407, 6.704, 7.71, 5.99, 4.493, inf, inf, inf, 5.465, 4.878, 5.097, inf, 4.633, 4.255, 4.22, inf, 2.777, 6.604, inf, 8.175]
Max test score: 0.875 found at epoch: 217
Max test score shapes: 0.835 found at epoch: 217
