Active: Relationsloss True 2 False 0.1 
Active: OneHotloss True 10 
Active: MinSizeBackgroundloss True 1 
Active: MinSizeShapesloss True 30 

Test Scores: [0.091, 0.12, 0.118, 0.17, 0.192, 0.209, 0.311, 0.276, 0.274, 0.264, 0.254, 0.254, 0.23, 0.219, 0.21, 0.208, 0.21, 0.213, 0.214, 0.215, 0.216, 0.213, 0.215, 0.215, 0.213, 0.205, 0.212, 0.215, 0.208, 0.209, 0.213, 0.214, 0.215, 0.215, 0.211, 0.211, 0.211, 0.208, 0.205, 0.21, 0.211, 0.212, 0.21, 0.211, 0.205, 0.207, 0.205, 0.205, 0.198, 0.196, 0.198, 0.196, 0.204, 0.199, 0.201, 0.198, 0.201, 0.199, 0.199, 0.2, 0.198, 0.198, 0.199, 0.2, 0.199, 0.203, 0.2, 0.202, 0.202, 0.203, 0.199, 0.196, 0.207, 0.203, 0.201, 0.205, 0.202, 0.201, 0.199, 0.203, 0.206, 0.205, 0.207, 0.198, 0.207, 0.203, 0.203, 0.203, 0.208, 0.213, 0.203, 0.198, 0.199, 0.201, 0.205, 0.211, 0.21, 0.202, 0.197, 0.204, 0.216, 0.222, 0.215, 0.204, 0.207, 0.21, 0.223, 0.214, 0.202, 0.207, 0.207, 0.204, 0.21, 0.214, 0.204, 0.214, 0.212, 0.216, 0.211, 0.214, 0.216, 0.205, 0.216, 0.21, 0.214, 0.2, 0.185, 0.185, 0.198, 0.203, 0.199, 0.197, 0.211, 0.221, 0.227, 0.224, 0.209, 0.216, 0.214, 0.2, 0.194, 0.213, 0.206, 0.197, 0.2, 0.2, 0.212, 0.21, 0.212, 0.206, 0.205, 0.207, 0.211, 0.218, 0.219, 0.233, 0.229, 0.212, 0.22, 0.213, 0.218, 0.234, 0.221, 0.215, 0.219, 0.223, 0.228, 0.227, 0.218, 0.232, 0.233, 0.241, 0.235, 0.233, 0.231, 0.212, 0.222, 0.223, 0.22, 0.219, 0.224, 0.223, 0.222, 0.214, 0.22, 0.22, 0.213, 0.23, 0.225, 0.221, 0.207, 0.209, 0.223, 0.218, 0.216, 0.2, 0.216, 0.22, 0.22, 0.229, 0.224, 0.222, 0.225, 0.214, 0.197, 0.192, 0.187, 0.18, 0.177, 0.187, 0.19, 0.185, 0.192, 0.199, 0.203, 0.199, 0.214, 0.2, 0.209, 0.202]
Test Scores w/o background: [0.053, 0.066, 0.017, 0.063, 0.073, 0.078, 0.101, 0.056, 0.052, 0.04, 0.027, 0.029, 0.02, 0.02, 0.018, 0.019, 0.02, 0.019, 0.02, 0.019, 0.02, 0.019, 0.02, 0.019, 0.019, 0.015, 0.02, 0.021, 0.018, 0.021, 0.022, 0.022, 0.027, 0.024, 0.021, 0.023, 0.024, 0.022, 0.019, 0.022, 0.021, 0.023, 0.021, 0.022, 0.021, 0.023, 0.022, 0.021, 0.021, 0.02, 0.019, 0.02, 0.022, 0.02, 0.023, 0.02, 0.021, 0.02, 0.02, 0.019, 0.02, 0.02, 0.02, 0.02, 0.019, 0.021, 0.02, 0.022, 0.021, 0.021, 0.019, 0.018, 0.025, 0.02, 0.019, 0.021, 0.02, 0.022, 0.02, 0.022, 0.023, 0.022, 0.024, 0.02, 0.021, 0.02, 0.018, 0.021, 0.023, 0.024, 0.023, 0.021, 0.021, 0.018, 0.02, 0.026, 0.025, 0.023, 0.022, 0.023, 0.03, 0.031, 0.028, 0.023, 0.022, 0.026, 0.032, 0.026, 0.019, 0.02, 0.018, 0.018, 0.02, 0.024, 0.023, 0.026, 0.022, 0.021, 0.02, 0.025, 0.024, 0.023, 0.026, 0.025, 0.024, 0.018, 0.008, 0.006, 0.008, 0.012, 0.013, 0.016, 0.021, 0.026, 0.032, 0.03, 0.024, 0.026, 0.02, 0.017, 0.016, 0.02, 0.019, 0.018, 0.013, 0.015, 0.022, 0.023, 0.022, 0.016, 0.021, 0.02, 0.022, 0.021, 0.027, 0.033, 0.031, 0.025, 0.028, 0.026, 0.04, 0.035, 0.029, 0.027, 0.028, 0.028, 0.031, 0.031, 0.027, 0.034, 0.033, 0.038, 0.036, 0.034, 0.034, 0.026, 0.029, 0.029, 0.026, 0.028, 0.03, 0.032, 0.03, 0.027, 0.028, 0.029, 0.027, 0.033, 0.031, 0.029, 0.024, 0.025, 0.028, 0.025, 0.024, 0.02, 0.022, 0.025, 0.025, 0.028, 0.026, 0.024, 0.024, 0.019, 0.01, 0.005, 0.003, 0.0, 0.0, 0.002, 0.001, 0.002, 0.005, 0.012, 0.016, 0.017, 0.023, 0.02, 0.023, 0.022]
Train Scores: [0.075, 0.109, 0.12, 0.177, 0.201, 0.215, 0.313, 0.281, 0.278, 0.268, 0.254, 0.254, 0.231, 0.217, 0.208, 0.206, 0.208, 0.21, 0.212, 0.212, 0.213, 0.21, 0.213, 0.213, 0.212, 0.205, 0.21, 0.215, 0.207, 0.21, 0.213, 0.213, 0.216, 0.215, 0.209, 0.211, 0.211, 0.207, 0.206, 0.21, 0.209, 0.211, 0.21, 0.212, 0.205, 0.209, 0.207, 0.204, 0.199, 0.197, 0.199, 0.199, 0.206, 0.2, 0.2, 0.2, 0.202, 0.2, 0.199, 0.199, 0.196, 0.198, 0.199, 0.199, 0.199, 0.203, 0.2, 0.198, 0.202, 0.203, 0.199, 0.196, 0.207, 0.205, 0.203, 0.211, 0.205, 0.2, 0.201, 0.204, 0.206, 0.204, 0.208, 0.199, 0.204, 0.202, 0.207, 0.211, 0.212, 0.214, 0.205, 0.199, 0.199, 0.201, 0.213, 0.219, 0.217, 0.206, 0.205, 0.213, 0.221, 0.228, 0.224, 0.214, 0.21, 0.213, 0.226, 0.221, 0.212, 0.216, 0.213, 0.208, 0.217, 0.224, 0.211, 0.218, 0.216, 0.221, 0.214, 0.216, 0.219, 0.209, 0.22, 0.214, 0.219, 0.206, 0.188, 0.187, 0.194, 0.198, 0.201, 0.202, 0.215, 0.225, 0.234, 0.234, 0.22, 0.22, 0.215, 0.202, 0.194, 0.213, 0.208, 0.2, 0.206, 0.208, 0.217, 0.215, 0.217, 0.212, 0.209, 0.212, 0.218, 0.227, 0.229, 0.243, 0.238, 0.22, 0.226, 0.222, 0.221, 0.244, 0.228, 0.225, 0.232, 0.235, 0.238, 0.241, 0.231, 0.243, 0.243, 0.256, 0.25, 0.246, 0.245, 0.224, 0.233, 0.229, 0.224, 0.222, 0.229, 0.23, 0.229, 0.22, 0.23, 0.231, 0.222, 0.235, 0.231, 0.23, 0.218, 0.22, 0.228, 0.226, 0.225, 0.206, 0.221, 0.225, 0.223, 0.233, 0.227, 0.223, 0.228, 0.216, 0.198, 0.194, 0.189, 0.179, 0.174, 0.184, 0.189, 0.185, 0.192, 0.201, 0.207, 0.205, 0.221, 0.207, 0.215, 0.211]
Train Scores w/o background: [0.033, 0.051, 0.021, 0.074, 0.087, 0.091, 0.103, 0.063, 0.057, 0.044, 0.026, 0.027, 0.02, 0.021, 0.019, 0.02, 0.021, 0.02, 0.021, 0.019, 0.02, 0.019, 0.021, 0.02, 0.02, 0.017, 0.02, 0.023, 0.02, 0.025, 0.025, 0.024, 0.031, 0.027, 0.022, 0.025, 0.027, 0.023, 0.022, 0.024, 0.022, 0.024, 0.024, 0.025, 0.024, 0.026, 0.026, 0.022, 0.023, 0.023, 0.022, 0.023, 0.027, 0.023, 0.024, 0.023, 0.024, 0.023, 0.023, 0.021, 0.021, 0.022, 0.023, 0.021, 0.022, 0.023, 0.022, 0.022, 0.024, 0.024, 0.022, 0.021, 0.025, 0.024, 0.022, 0.026, 0.024, 0.024, 0.022, 0.024, 0.023, 0.023, 0.025, 0.022, 0.02, 0.021, 0.021, 0.026, 0.027, 0.027, 0.026, 0.024, 0.023, 0.018, 0.026, 0.031, 0.03, 0.028, 0.027, 0.03, 0.034, 0.037, 0.035, 0.028, 0.024, 0.029, 0.036, 0.032, 0.025, 0.025, 0.022, 0.02, 0.024, 0.03, 0.027, 0.029, 0.026, 0.028, 0.025, 0.029, 0.027, 0.027, 0.031, 0.03, 0.028, 0.02, 0.009, 0.006, 0.006, 0.012, 0.015, 0.017, 0.025, 0.031, 0.04, 0.039, 0.03, 0.027, 0.023, 0.022, 0.019, 0.022, 0.023, 0.023, 0.016, 0.02, 0.027, 0.028, 0.026, 0.021, 0.024, 0.025, 0.029, 0.028, 0.035, 0.042, 0.039, 0.032, 0.034, 0.034, 0.037, 0.045, 0.037, 0.035, 0.037, 0.038, 0.039, 0.042, 0.037, 0.044, 0.043, 0.051, 0.049, 0.046, 0.047, 0.035, 0.038, 0.035, 0.032, 0.031, 0.035, 0.036, 0.036, 0.033, 0.035, 0.039, 0.035, 0.04, 0.038, 0.037, 0.032, 0.032, 0.033, 0.031, 0.029, 0.022, 0.027, 0.029, 0.028, 0.032, 0.029, 0.026, 0.027, 0.022, 0.012, 0.007, 0.004, 0.001, 0.003, 0.004, 0.003, 0.004, 0.006, 0.014, 0.019, 0.021, 0.029, 0.026, 0.029, 0.028]
Train Loss: [117.012, 76.963, 62.353, 52.31, 45.082, 39.738, 35.182, 30.868, 26.742, 22.588, 19.285, 18.436, 17.903, 17.172, 16.523, 15.987, 15.723, 15.545, 15.361, 15.223, 15.009, 14.865, 14.656, 14.495, 14.406, 14.469, 14.196, 14.011, 13.78, 13.837, 13.539, 12.945, 12.87, 11.997, 12.039, 11.134, 10.784, 10.603, 10.194, 9.571, 9.389, 9.561, 8.464, 8.647, 7.776, 7.136, 6.539, 6.561, 5.836, 5.88, 7.925, 7.849, 6.501, 6.525, 6.354, 7.445, 7.243, 6.925, 5.945, 6.215, 7.672, 9.616, 8.968, 9.545, 7.51, 9.102, 8.194, 10.428, 10.177, 12.162, 15.82, 15.311, 16.314, 15.82, 18.239, 15.265, 14.477, 19.705, 22.849, 29.198, 19.61, 23.087, 20.981, 26.809, 22.729, 24.102, 19.129, 22.064, 19.469, 29.821, 24.997, 28.971, 19.675, 25.579, 26.352, 21.719, 18.616, 25.471, 26.19, 23.401, 19.84, 26.337, 22.314, 26.404, 17.919, 26.184, 24.375, 16.925, 23.113, 26.46, 26.471, 19.313, 18.16, 16.172, 9.996, 17.092, 12.735, 13.465, 14.803, 14.262, 8.909, 10.48, 11.892, 12.204, 14.799, 15.048, 12.647, 17.202, 18.465, 15.215, 23.744, 13.643, 24.55, 21.311, 13.997, 12.921, 17.955, 18.035, 15.165, 15.308, 19.703, 22.488, 25.519, 27.989, 27.463, 22.781, 23.04, 19.193, 11.146, 11.128, 9.411, 12.749, 17.994, 12.324, 9.495, 16.285, 11.449, 11.209, 13.308, 6.173, 16.931, 13.47, 10.304, 12.341, 23.845, 15.422, 13.868, 13.762, 13.746, 13.32, 12.232, 11.313, 9.495, 9.542, 10.501, 10.844, 9.9, 9.966, 7.201, 8.227, 7.369, 12.287, 11.544, 8.266, 11.15, 9.598, 14.65, 12.018, 16.335, 15.819, 10.005, 13.786, 11.768, 11.731, 8.874, 6.714, 6.335, 6.53, 12.032, 11.818, 6.596, 7.102, 8.459, 8.419, 7.03, 16.152, 18.423, 18.147, 11.275, 10.575, 11.862, 11.898, 10.932, 9.454, 7.343, 12.789, 15.823, 23.142, 18.596, 10.953]
Test Loss: [114.634, 74.271, 60.987, 52.636, 44.571, 39.125, 34.34, 30.197, 26.282, 21.936, 19.192, 17.764, 17.243, 16.484, 15.842, 15.333, 15.069, 14.976, 14.963, 15.0, 15.017, 15.21, 15.563, 15.719, 16.152, 16.983, 16.546, 16.879, 17.49, 16.811, 17.642, 16.478, 17.444, 18.093, 17.578, 17.541, 16.492, 17.277, 17.981, 18.302, 18.72, 19.062, 17.295, 18.927, 17.894, 18.406, 17.785, 18.104, 19.532, 22.888, 25.777, 25.151, 28.012, 27.936, 26.131, 27.175, 29.772, 31.085, 38.675, 39.612, 36.623, 39.43, 42.873, 44.178, 48.367, 45.929, 46.67, 46.49, 54.997, 57.897, 45.702, 53.477, 66.234, 62.451, 62.953, 56.198, 58.804, 58.665, 70.422, 74.391, 56.159, 65.776, 61.95, 69.691, 68.379, 65.449, 71.773, 69.096, 93.0, 75.271, 78.117, 76.08, 69.754, 75.556, 84.84, 74.434, 80.544, 85.828, 91.474, 91.187, 75.897, 93.425, 67.478, 67.078, 64.836, 88.13, 65.502, 60.149, 73.55, 80.685, 86.265, 96.028, 86.661, 87.905, 68.951, 79.295, 78.936, 94.931, 86.376, 78.176, 69.984, 66.085, 99.634, 86.28, 86.889, 74.804, 88.891, 91.099, 93.833, 86.761, 92.02, 72.132, 95.244, 87.056, 55.792, 58.595, 74.632, 74.944, 64.295, 93.629, 77.142, 92.748, 89.231, 75.112, 66.186, 58.341, 70.279, 77.507, 68.742, 65.315, 68.737, 66.397, 87.095, 73.614, 63.122, 84.671, 56.665, 58.741, 76.6, 55.694, 62.371, 66.733, 64.96, 69.606, 72.488, 68.496, 66.325, 61.903, 72.221, 67.454, 55.525, 62.467, 64.145, 61.019, 59.206, 61.275, 65.886, 69.082, 65.56, 52.828, 39.067, 55.905, 49.411, 64.88, 70.637, 76.473, 57.107, 64.175, 69.943, 82.189, 84.088, 90.499, 63.88, 73.883, 68.738, 76.282, 60.857, 72.926, 71.496, 62.345, 72.676, 71.272, 68.586, 76.564, 60.684, 79.457, 71.873, 60.643, 64.88, 63.897, 62.757, 79.756, 73.32, 91.82, 95.606, 73.002, 70.83, 69.243, 94.28, 97.692]
Max test score: 0.311 found at epoch: 7
Max test score shapes: 0.101 found at epoch: 7
