Active: ImageLevelloss True True False 2 
Active: Relationsloss True 1 False 0.05 
Active: OneHotloss True 20 
Active: MinSizeBackgroundloss True 1 

Test Scores: [0.163, 0.229, 0.277, 0.3, 0.312, 0.316, 0.285, 0.262, 0.254, 0.255, 0.246, 0.244, 0.244, 0.248, 0.25, 0.246, 0.252, 0.242, 0.257, 0.256, 0.271, 0.258, 0.283, 0.277, 0.28, 0.285, 0.279, 0.285, 0.297, 0.289, 0.3, 0.347, 0.321, 0.333, 0.312, 0.348, 0.379, 0.4, 0.412, 0.46, 0.457, 0.468, 0.493, 0.508, 0.508, 0.508, 0.506, 0.554, 0.546, 0.525, 0.632, 0.636, 0.642, 0.67, 0.699, 0.712, 0.725, 0.739, 0.72, 0.684, 0.771, 0.711, 0.701, 0.671, 0.722, 0.709, 0.737, 0.719, 0.71, 0.774, 0.715, 0.711, 0.806, 0.717, 0.743, 0.781, 0.762, 0.786, 0.724, 0.777, 0.765, 0.721, 0.786, 0.734, 0.779, 0.796, 0.743, 0.82, 0.808, 0.798, 0.771, 0.804, 0.747, 0.832, 0.763, 0.762, 0.8, 0.781, 0.756, 0.798, 0.777, 0.803, 0.763, 0.821, 0.784, 0.775, 0.785, 0.809, 0.789, 0.798, 0.846, 0.821, 0.824, 0.773, 0.831, 0.787, 0.808, 0.836, 0.794, 0.804, 0.825, 0.825, 0.825, 0.773, 0.825, 0.798, 0.831, 0.795, 0.781, 0.811, 0.849, 0.844, 0.821, 0.804, 0.81, 0.846, 0.825, 0.808, 0.825, 0.756, 0.851, 0.803, 0.814, 0.796, 0.744, 0.824, 0.795, 0.808, 0.819, 0.861, 0.845, 0.834, 0.808, 0.81, 0.824, 0.867, 0.812, 0.828, 0.814, 0.858, 0.828, 0.813, 0.813, 0.823, 0.795, 0.821, 0.838, 0.772, 0.835, 0.84, 0.813, 0.811, 0.821, 0.858, 0.853, 0.809, 0.815, 0.85, 0.821, 0.834]
Test Scores w/o background: [0.052, 0.054, 0.081, 0.082, 0.096, 0.1, 0.064, 0.036, 0.027, 0.029, 0.017, 0.014, 0.015, 0.02, 0.022, 0.017, 0.025, 0.012, 0.031, 0.029, 0.047, 0.03, 0.061, 0.052, 0.057, 0.065, 0.057, 0.066, 0.078, 0.067, 0.084, 0.143, 0.112, 0.127, 0.098, 0.143, 0.184, 0.212, 0.228, 0.291, 0.286, 0.299, 0.333, 0.353, 0.353, 0.353, 0.35, 0.414, 0.402, 0.375, 0.514, 0.52, 0.529, 0.565, 0.604, 0.621, 0.638, 0.657, 0.631, 0.583, 0.7, 0.618, 0.605, 0.565, 0.633, 0.616, 0.652, 0.629, 0.616, 0.702, 0.623, 0.617, 0.743, 0.625, 0.659, 0.711, 0.684, 0.717, 0.635, 0.705, 0.689, 0.629, 0.717, 0.648, 0.708, 0.73, 0.659, 0.762, 0.745, 0.732, 0.697, 0.74, 0.664, 0.778, 0.685, 0.684, 0.735, 0.709, 0.676, 0.732, 0.704, 0.738, 0.685, 0.762, 0.714, 0.701, 0.715, 0.746, 0.72, 0.732, 0.796, 0.763, 0.767, 0.698, 0.776, 0.717, 0.745, 0.782, 0.727, 0.74, 0.768, 0.768, 0.768, 0.699, 0.768, 0.732, 0.776, 0.727, 0.709, 0.749, 0.799, 0.793, 0.762, 0.74, 0.748, 0.795, 0.767, 0.745, 0.768, 0.676, 0.802, 0.738, 0.753, 0.73, 0.66, 0.767, 0.728, 0.746, 0.76, 0.816, 0.794, 0.78, 0.745, 0.747, 0.767, 0.824, 0.75, 0.772, 0.754, 0.811, 0.772, 0.751, 0.752, 0.765, 0.727, 0.763, 0.785, 0.697, 0.781, 0.787, 0.752, 0.749, 0.763, 0.812, 0.805, 0.747, 0.754, 0.801, 0.762, 0.78]
Train Scores: [0.155, 0.239, 0.287, 0.31, 0.318, 0.317, 0.283, 0.262, 0.255, 0.256, 0.248, 0.244, 0.244, 0.247, 0.248, 0.244, 0.249, 0.248, 0.258, 0.258, 0.274, 0.272, 0.29, 0.293, 0.295, 0.297, 0.295, 0.293, 0.316, 0.316, 0.314, 0.348, 0.34, 0.358, 0.34, 0.362, 0.393, 0.423, 0.436, 0.465, 0.478, 0.486, 0.492, 0.512, 0.531, 0.511, 0.518, 0.556, 0.561, 0.539, 0.671, 0.65, 0.654, 0.689, 0.737, 0.745, 0.745, 0.773, 0.761, 0.723, 0.805, 0.741, 0.758, 0.738, 0.765, 0.745, 0.793, 0.8, 0.753, 0.832, 0.754, 0.785, 0.858, 0.788, 0.812, 0.835, 0.818, 0.853, 0.768, 0.839, 0.83, 0.781, 0.867, 0.795, 0.825, 0.869, 0.802, 0.88, 0.862, 0.865, 0.86, 0.855, 0.831, 0.876, 0.863, 0.815, 0.87, 0.845, 0.812, 0.854, 0.817, 0.857, 0.838, 0.886, 0.861, 0.825, 0.879, 0.876, 0.843, 0.845, 0.899, 0.875, 0.88, 0.83, 0.881, 0.828, 0.875, 0.879, 0.845, 0.842, 0.888, 0.88, 0.887, 0.851, 0.886, 0.854, 0.893, 0.859, 0.843, 0.88, 0.9, 0.904, 0.897, 0.861, 0.892, 0.91, 0.876, 0.867, 0.889, 0.827, 0.907, 0.872, 0.865, 0.851, 0.806, 0.899, 0.882, 0.879, 0.897, 0.916, 0.909, 0.909, 0.865, 0.862, 0.874, 0.906, 0.88, 0.885, 0.893, 0.907, 0.905, 0.864, 0.887, 0.877, 0.856, 0.869, 0.903, 0.801, 0.886, 0.897, 0.864, 0.882, 0.881, 0.914, 0.909, 0.87, 0.872, 0.894, 0.899, 0.895]
Train Scores w/o background: [0.039, 0.063, 0.093, 0.096, 0.103, 0.103, 0.061, 0.035, 0.027, 0.028, 0.018, 0.014, 0.013, 0.017, 0.018, 0.013, 0.019, 0.019, 0.031, 0.031, 0.05, 0.049, 0.07, 0.073, 0.078, 0.081, 0.077, 0.076, 0.102, 0.103, 0.101, 0.144, 0.137, 0.159, 0.135, 0.163, 0.203, 0.243, 0.261, 0.298, 0.314, 0.324, 0.332, 0.359, 0.384, 0.357, 0.367, 0.417, 0.424, 0.394, 0.566, 0.54, 0.546, 0.591, 0.656, 0.665, 0.666, 0.702, 0.687, 0.637, 0.746, 0.659, 0.682, 0.655, 0.69, 0.664, 0.728, 0.736, 0.674, 0.779, 0.676, 0.716, 0.813, 0.72, 0.752, 0.783, 0.759, 0.806, 0.692, 0.787, 0.776, 0.71, 0.824, 0.729, 0.769, 0.827, 0.738, 0.841, 0.818, 0.822, 0.815, 0.809, 0.776, 0.836, 0.819, 0.755, 0.827, 0.795, 0.75, 0.807, 0.758, 0.811, 0.786, 0.85, 0.815, 0.768, 0.839, 0.836, 0.792, 0.795, 0.867, 0.835, 0.841, 0.775, 0.842, 0.772, 0.835, 0.84, 0.795, 0.791, 0.852, 0.842, 0.851, 0.802, 0.849, 0.807, 0.858, 0.813, 0.792, 0.842, 0.868, 0.873, 0.864, 0.816, 0.858, 0.88, 0.836, 0.823, 0.853, 0.771, 0.877, 0.83, 0.821, 0.803, 0.743, 0.866, 0.844, 0.839, 0.864, 0.889, 0.879, 0.879, 0.821, 0.817, 0.833, 0.876, 0.841, 0.848, 0.858, 0.877, 0.874, 0.819, 0.85, 0.837, 0.809, 0.826, 0.872, 0.736, 0.85, 0.864, 0.819, 0.843, 0.842, 0.887, 0.88, 0.828, 0.831, 0.859, 0.866, 0.861]
Train Loss: [235.124, 186.058, 154.654, 137.452, 123.001, 108.717, 95.377, 82.39, 69.025, 58.556, 49.529, 40.355, 32.548, 26.489, 22.293, 19.751, 18.32, 17.533, 17.008, 16.628, 16.22, 16.06, 15.602, 15.39, 14.679, 13.987, 13.628, 13.48, 13.727, 13.395, 13.098, 12.74, 11.962, 11.271, 11.01, 10.334, 9.353, 8.679, 8.312, 7.041, 6.695, 5.798, 5.315, 4.516, 3.813, 3.476, 3.118, 2.867, 2.627, 2.337, 2.162, 1.956, 1.95, 1.852, 1.52, 1.423, 1.257, 1.153, 1.117, 0.972, 0.926, 0.902, 0.781, 0.89, 0.689, 0.641, 0.613, 0.546, 0.602, 0.636, 0.494, 0.551, 0.419, 0.449, 0.375, 0.359, 0.362, 0.379, 0.358, 0.327, 0.331, 0.309, 0.361, 0.329, 0.37, 0.36, 0.352, 0.269, 0.254, 0.224, 0.241, 0.223, 0.216, 0.239, 0.34, 0.266, 0.186, 0.187, 0.214, 0.195, 0.196, 0.209, 0.184, 0.184, 0.169, 0.166, 0.209, 0.217, 0.247, 0.149, 0.157, 0.136, 0.143, 0.141, 0.149, 0.166, 0.148, 0.167, 0.143, 0.153, 0.14, 0.176, 0.156, 0.162, 0.184, 0.119, 0.123, 0.114, 0.111, 0.119, 0.124, 0.141, 0.115, 0.108, 0.135, 0.111, 0.115, 0.107, 0.107, 0.097, 0.156, 0.099, 0.089, 0.098, 0.128, 0.128, 0.15, 0.133, 0.095, 0.085, 0.087, 0.094, 0.087, 0.091, 0.105, 0.108, 0.106, 0.286, 0.245, 0.095, 0.111, 0.227, 0.103, 0.125, 0.102, 0.08, 0.076, 0.08, 0.08, 0.074, 0.083, 0.074, 0.078, 0.082, 0.081, 0.085, 0.076, 0.081, 0.067, 0.095]
Test Loss: [233.68, 184.454, 153.447, 136.96, 122.145, 108.169, 94.794, 81.693, 68.476, 57.986, 49.074, 41.496, 33.339, 27.48, 23.471, 21.454, 19.747, 19.413, 19.34, 18.917, 19.071, 18.397, 18.333, 18.086, 18.01, 16.988, 17.393, 17.263, 16.282, 16.396, 16.494, 16.326, 15.614, 15.117, 15.376, 14.081, 13.322, 13.08, 12.929, 10.995, 9.81, 8.75, 7.995, 7.948, 6.414, 6.239, 6.052, 5.72, 6.116, 4.604, 4.96, 4.683, 4.682, 5.781, 4.61, 4.857, 3.589, 3.503, 3.543, 3.298, 4.842, 3.768, 3.446, 4.205, 3.612, 3.476, 3.952, 3.503, 3.211, 3.025, 3.14, 2.76, 2.727, 3.217, 2.291, 2.503, 3.289, 2.678, 3.309, 2.579, 2.588, 2.687, 3.642, 2.805, 3.889, 2.082, 2.981, 3.027, 2.232, 1.849, 1.675, 2.732, 2.155, 2.587, 3.734, 2.301, 1.57, 1.82, 2.305, 1.698, 3.089, 2.199, 2.76, 1.664, 1.615, 2.656, 3.436, 3.745, 3.341, 1.451, 1.483, 2.068, 1.906, 2.175, 1.64, 1.926, 2.098, 2.268, 1.898, 1.894, 2.603, 2.874, 3.398, 3.856, 1.998, 2.214, 1.219, 1.657, 2.52, 1.268, 1.531, 1.475, 2.744, 2.218, 3.749, 1.805, 1.813, 1.46, 3.073, 2.033, 2.228, 1.486, 1.295, 1.189, 1.546, 1.106, 2.921, 2.659, 2.615, 0.861, 0.819, 1.207, 1.306, 1.439, 1.587, 2.249, 2.225, 2.203, 2.693, 2.072, 1.491, 3.724, 2.57, 3.874, 2.252, 2.623, 1.195, 1.45, 1.355, 1.239, 1.032, 2.028, 1.124, 1.775, 1.541, 1.573, 1.823, 3.108, 2.265, 2.597]
Max test score: 0.867 found at epoch: 156
Max test score shapes: 0.824 found at epoch: 156
