Active: ImageLevelloss True True False 2 
Active: Relationsloss True 2 False 0.1 
Active: OneHotloss True 20 
Active: MinSizeBackgroundloss True 1 

Test Scores: [0.096, 0.181, 0.213, 0.208, 0.236, 0.234, 0.3, 0.266, 0.264, 0.259, 0.248, 0.249, 0.248, 0.26, 0.245, 0.253, 0.256, 0.268, 0.257, 0.262, 0.253, 0.263, 0.257, 0.271, 0.271, 0.27, 0.272, 0.273, 0.249, 0.264, 0.269, 0.28, 0.28, 0.27, 0.264, 0.268, 0.278, 0.271, 0.282, 0.302, 0.306, 0.345, 0.342, 0.386, 0.416, 0.415, 0.438, 0.432, 0.483, 0.453, 0.481, 0.485, 0.464, 0.501, 0.492, 0.5, 0.497, 0.526, 0.495, 0.496, 0.493, 0.526, 0.539, 0.524, 0.54, 0.55, 0.533, 0.536, 0.532, 0.53, 0.541, 0.537, 0.525, 0.528, 0.57, 0.573, 0.538, 0.54, 0.548, 0.552, 0.541, 0.52, 0.535, 0.521, 0.54, 0.561, 0.553, 0.533, 0.546, 0.551, 0.527, 0.563, 0.543, 0.535, 0.521, 0.597, 0.587, 0.57, 0.538, 0.554, 0.579, 0.566, 0.587, 0.601, 0.591, 0.578, 0.595, 0.552, 0.587, 0.587, 0.58, 0.522, 0.586, 0.592, 0.537, 0.601, 0.602, 0.557, 0.596, 0.605, 0.533, 0.565, 0.548, 0.612, 0.576, 0.56, 0.6, 0.573, 0.592, 0.59, 0.6, 0.576, 0.56, 0.594, 0.547, 0.569, 0.601, 0.612, 0.601, 0.572, 0.59, 0.569, 0.609, 0.595, 0.577, 0.613, 0.6, 0.608, 0.596, 0.583, 0.587, 0.57, 0.581, 0.597, 0.601, 0.568, 0.572, 0.566, 0.607, 0.534, 0.587, 0.609, 0.614, 0.598, 0.585, 0.61, 0.593, 0.559, 0.598, 0.599, 0.573, 0.6, 0.606, 0.594, 0.62, 0.559, 0.615, 0.554, 0.59, 0.604, 0.597, 0.597, 0.57, 0.595, 0.599, 0.62, 0.609, 0.588, 0.593, 0.601, 0.569, 0.556, 0.598, 0.586, 0.61, 0.557, 0.621, 0.61, 0.566, 0.6, 0.614, 0.611, 0.602, 0.567, 0.572, 0.635, 0.625, 0.551, 0.617, 0.6, 0.613, 0.615, 0.605, 0.588, 0.621, 0.623, 0.585, 0.59, 0.606, 0.596]
Test Scores w/o background: [0.052, 0.059, 0.063, 0.062, 0.088, 0.065, 0.084, 0.043, 0.04, 0.033, 0.02, 0.022, 0.021, 0.036, 0.016, 0.026, 0.03, 0.045, 0.032, 0.037, 0.027, 0.037, 0.03, 0.046, 0.046, 0.046, 0.05, 0.05, 0.023, 0.039, 0.047, 0.06, 0.06, 0.05, 0.041, 0.049, 0.058, 0.052, 0.065, 0.087, 0.095, 0.142, 0.141, 0.194, 0.232, 0.233, 0.261, 0.254, 0.321, 0.279, 0.317, 0.322, 0.299, 0.348, 0.343, 0.352, 0.347, 0.383, 0.343, 0.349, 0.347, 0.382, 0.397, 0.378, 0.401, 0.415, 0.393, 0.395, 0.392, 0.389, 0.403, 0.397, 0.381, 0.384, 0.441, 0.446, 0.398, 0.404, 0.412, 0.416, 0.4, 0.373, 0.397, 0.378, 0.403, 0.427, 0.42, 0.395, 0.407, 0.415, 0.383, 0.43, 0.402, 0.395, 0.375, 0.476, 0.46, 0.439, 0.394, 0.417, 0.452, 0.433, 0.463, 0.482, 0.466, 0.448, 0.474, 0.414, 0.462, 0.463, 0.455, 0.375, 0.462, 0.47, 0.396, 0.483, 0.484, 0.423, 0.476, 0.488, 0.391, 0.435, 0.411, 0.497, 0.447, 0.424, 0.479, 0.442, 0.469, 0.468, 0.482, 0.45, 0.425, 0.47, 0.411, 0.441, 0.48, 0.496, 0.481, 0.442, 0.468, 0.437, 0.493, 0.473, 0.449, 0.497, 0.482, 0.491, 0.474, 0.455, 0.464, 0.441, 0.453, 0.474, 0.484, 0.436, 0.44, 0.434, 0.49, 0.391, 0.463, 0.493, 0.497, 0.475, 0.458, 0.494, 0.471, 0.422, 0.475, 0.482, 0.442, 0.481, 0.49, 0.475, 0.507, 0.426, 0.499, 0.417, 0.466, 0.49, 0.478, 0.476, 0.439, 0.474, 0.478, 0.508, 0.49, 0.465, 0.468, 0.481, 0.438, 0.42, 0.476, 0.46, 0.492, 0.421, 0.507, 0.493, 0.431, 0.478, 0.499, 0.494, 0.483, 0.434, 0.441, 0.528, 0.512, 0.412, 0.501, 0.476, 0.496, 0.497, 0.486, 0.461, 0.509, 0.508, 0.459, 0.466, 0.484, 0.472]
Train Scores: [0.079, 0.177, 0.22, 0.213, 0.241, 0.238, 0.301, 0.269, 0.262, 0.258, 0.246, 0.248, 0.247, 0.26, 0.244, 0.248, 0.247, 0.257, 0.25, 0.255, 0.249, 0.259, 0.257, 0.269, 0.268, 0.272, 0.273, 0.268, 0.249, 0.264, 0.28, 0.272, 0.283, 0.276, 0.274, 0.275, 0.278, 0.274, 0.287, 0.323, 0.325, 0.363, 0.362, 0.432, 0.441, 0.459, 0.466, 0.468, 0.515, 0.509, 0.527, 0.54, 0.517, 0.537, 0.548, 0.541, 0.555, 0.561, 0.566, 0.56, 0.548, 0.577, 0.6, 0.609, 0.574, 0.588, 0.615, 0.615, 0.603, 0.621, 0.61, 0.62, 0.599, 0.615, 0.615, 0.625, 0.623, 0.609, 0.607, 0.633, 0.629, 0.628, 0.62, 0.612, 0.589, 0.628, 0.626, 0.63, 0.629, 0.631, 0.635, 0.625, 0.632, 0.616, 0.608, 0.627, 0.638, 0.641, 0.629, 0.622, 0.613, 0.616, 0.644, 0.66, 0.639, 0.641, 0.639, 0.645, 0.643, 0.646, 0.634, 0.626, 0.65, 0.62, 0.636, 0.642, 0.665, 0.652, 0.654, 0.651, 0.635, 0.641, 0.642, 0.644, 0.612, 0.637, 0.656, 0.654, 0.611, 0.653, 0.657, 0.652, 0.64, 0.631, 0.644, 0.656, 0.655, 0.652, 0.617, 0.635, 0.66, 0.649, 0.653, 0.649, 0.594, 0.645, 0.66, 0.652, 0.661, 0.65, 0.656, 0.639, 0.647, 0.651, 0.632, 0.629, 0.601, 0.61, 0.655, 0.641, 0.662, 0.658, 0.652, 0.644, 0.615, 0.663, 0.65, 0.568, 0.658, 0.642, 0.593, 0.664, 0.676, 0.649, 0.667, 0.644, 0.659, 0.631, 0.642, 0.655, 0.653, 0.65, 0.65, 0.667, 0.654, 0.664, 0.649, 0.648, 0.636, 0.66, 0.653, 0.648, 0.651, 0.663, 0.653, 0.643, 0.657, 0.662, 0.65, 0.658, 0.662, 0.662, 0.648, 0.649, 0.655, 0.666, 0.675, 0.643, 0.632, 0.656, 0.676, 0.669, 0.659, 0.645, 0.673, 0.67, 0.665, 0.668, 0.663, 0.659]
Train Scores w/o background: [0.031, 0.052, 0.072, 0.073, 0.1, 0.076, 0.085, 0.045, 0.036, 0.031, 0.017, 0.018, 0.018, 0.033, 0.014, 0.019, 0.018, 0.03, 0.022, 0.028, 0.02, 0.033, 0.03, 0.044, 0.044, 0.049, 0.051, 0.045, 0.022, 0.04, 0.061, 0.05, 0.063, 0.055, 0.053, 0.056, 0.058, 0.054, 0.071, 0.114, 0.118, 0.166, 0.167, 0.256, 0.266, 0.291, 0.298, 0.302, 0.363, 0.355, 0.379, 0.396, 0.371, 0.398, 0.419, 0.407, 0.425, 0.432, 0.44, 0.435, 0.42, 0.452, 0.479, 0.494, 0.448, 0.468, 0.503, 0.503, 0.488, 0.511, 0.497, 0.509, 0.481, 0.502, 0.502, 0.516, 0.513, 0.497, 0.493, 0.525, 0.52, 0.519, 0.511, 0.501, 0.47, 0.517, 0.519, 0.525, 0.52, 0.523, 0.528, 0.514, 0.522, 0.504, 0.492, 0.517, 0.53, 0.536, 0.518, 0.509, 0.499, 0.502, 0.54, 0.561, 0.531, 0.533, 0.534, 0.541, 0.539, 0.543, 0.53, 0.515, 0.548, 0.509, 0.529, 0.539, 0.57, 0.551, 0.555, 0.552, 0.528, 0.538, 0.538, 0.541, 0.496, 0.528, 0.556, 0.551, 0.496, 0.553, 0.559, 0.552, 0.533, 0.521, 0.542, 0.558, 0.554, 0.551, 0.504, 0.527, 0.563, 0.545, 0.553, 0.546, 0.473, 0.541, 0.564, 0.55, 0.562, 0.547, 0.558, 0.534, 0.542, 0.547, 0.527, 0.518, 0.481, 0.494, 0.556, 0.536, 0.565, 0.561, 0.549, 0.538, 0.5, 0.567, 0.548, 0.435, 0.557, 0.541, 0.472, 0.568, 0.584, 0.549, 0.572, 0.54, 0.559, 0.522, 0.536, 0.559, 0.554, 0.549, 0.547, 0.572, 0.553, 0.568, 0.545, 0.547, 0.528, 0.561, 0.552, 0.544, 0.549, 0.564, 0.552, 0.535, 0.556, 0.564, 0.545, 0.557, 0.565, 0.563, 0.546, 0.545, 0.553, 0.572, 0.581, 0.536, 0.522, 0.553, 0.581, 0.57, 0.559, 0.539, 0.58, 0.572, 0.567, 0.571, 0.562, 0.558]
Train Loss: [267.69, 205.998, 170.496, 149.539, 133.622, 119.366, 106.468, 93.938, 80.822, 69.382, 60.348, 50.188, 41.198, 34.202, 29.467, 26.712, 25.395, 24.874, 24.289, 23.866, 23.275, 23.066, 23.028, 22.522, 22.179, 21.947, 21.643, 21.175, 21.242, 20.838, 20.108, 19.599, 19.159, 19.172, 18.261, 17.737, 17.198, 16.894, 16.033, 15.003, 13.332, 12.398, 11.291, 10.251, 9.013, 7.888, 7.38, 6.409, 5.923, 5.254, 4.788, 4.296, 3.782, 3.493, 3.407, 2.974, 2.794, 2.679, 2.591, 1.993, 1.988, 2.267, 1.856, 1.727, 1.439, 1.531, 1.492, 1.445, 1.072, 1.061, 0.894, 0.947, 0.953, 1.009, 0.807, 0.726, 0.71, 0.605, 0.613, 0.642, 0.64, 0.824, 0.674, 0.96, 0.572, 0.666, 0.535, 0.509, 0.503, 0.447, 0.631, 0.456, 0.458, 0.492, 0.711, 0.525, 0.614, 0.425, 0.443, 0.473, 0.486, 0.401, 0.383, 0.521, 0.36, 0.404, 0.401, 0.394, 0.436, 0.437, 0.483, 0.781, 0.748, 0.376, 0.339, 0.314, 0.459, 0.278, 0.26, 0.538, 0.348, 0.265, 0.336, 0.461, 0.286, 0.277, 0.339, 0.331, 0.25, 0.326, 0.256, 0.25, 0.245, 0.28, 0.522, 0.255, 0.308, 0.644, 0.981, 0.304, 0.269, 0.245, 0.234, 0.294, 0.2, 0.216, 0.254, 0.245, 0.272, 0.301, 0.275, 0.323, 0.332, 0.284, 0.326, 0.298, 0.254, 0.51, 0.206, 0.263, 0.188, 0.205, 0.183, 0.172, 0.168, 0.173, 0.174, 0.185, 0.204, 0.22, 0.232, 0.2, 0.211, 0.221, 0.176, 0.245, 0.263, 0.284, 0.34, 0.258, 0.189, 0.226, 0.18, 0.293, 0.186, 0.56, 0.21, 0.205, 0.205, 0.177, 0.152, 0.162, 0.177, 0.135, 0.137, 0.161, 0.198, 0.202, 0.18, 0.188, 0.218, 0.245, 0.159, 0.199, 0.236, 0.142, 0.148, 0.191, 0.247, 0.177, 0.202, 0.139, 0.284, 0.179, 0.181, 0.204, 0.128, 0.191, 0.205, 0.195]
Test Loss: [264.805, 203.258, 168.61, 148.935, 132.677, 118.189, 105.192, 92.72, 79.848, 68.199, 59.473, 49.948, 41.387, 34.783, 29.91, 27.089, 25.996, 25.587, 25.089, 24.976, 24.717, 24.932, 25.332, 25.526, 25.864, 26.079, 25.34, 25.254, 25.025, 25.917, 25.401, 25.092, 25.339, 25.597, 25.741, 24.725, 24.241, 23.485, 25.576, 24.008, 19.767, 19.674, 18.575, 17.083, 14.877, 14.509, 14.315, 12.361, 11.198, 10.994, 9.608, 10.177, 8.622, 8.515, 8.479, 8.742, 9.196, 8.717, 7.951, 10.653, 9.238, 8.272, 6.307, 6.188, 6.609, 8.961, 6.52, 7.716, 7.233, 7.151, 8.401, 8.156, 8.177, 9.167, 7.755, 7.595, 10.112, 9.671, 10.457, 11.304, 6.1, 10.736, 11.18, 8.357, 8.237, 10.626, 11.024, 10.786, 10.9, 11.211, 10.812, 5.79, 9.077, 8.98, 12.654, 13.354, 8.947, 6.684, 7.563, 9.637, 10.106, 10.562, 7.071, 5.997, 7.997, 7.306, 9.687, 7.459, 9.635, 7.045, 6.454, 8.63, 11.385, 9.089, 9.253, 10.375, 10.755, 8.522, 7.0, 7.608, 8.976, 9.604, 8.669, 10.476, 9.521, 8.86, 13.619, 10.469, 7.545, 9.245, 6.632, 8.777, 6.481, 5.952, 9.528, 10.08, 8.751, 12.429, 8.843, 10.029, 12.049, 12.615, 15.911, 13.94, 11.047, 10.539, 11.442, 6.587, 7.463, 13.985, 10.341, 9.385, 11.462, 6.763, 12.794, 6.814, 6.178, 8.719, 11.721, 12.762, 10.45, 6.769, 10.279, 10.988, 6.228, 8.042, 10.124, 13.38, 10.65, 7.902, 8.433, 11.313, 10.745, 9.533, 8.889, 14.411, 10.835, 9.762, 13.476, 13.006, 12.378, 8.618, 9.63, 8.513, 9.44, 11.39, 6.126, 6.181, 7.926, 10.698, 10.068, 8.454, 9.066, 8.195, 8.304, 8.402, 8.165, 11.854, 12.384, 9.158, 6.669, 7.799, 7.386, 11.491, 14.21, 7.963, 8.613, 7.497, 11.865, 10.651, 8.681, 10.221, inf, 12.241, inf, 6.929, 6.213, 6.768, 9.821, 9.267]
Max test score: 0.635 found at epoch: 206
Max test score shapes: 0.528 found at epoch: 206
