Active:  BBox loss [True, True, 1] [True, 0.2] [True, 0.2] linear 
Active: OneHotloss True 20 

Test Scores: [0.082, 0.195, 0.197, 0.205, 0.177, 0.199, 0.237, 0.21, 0.256, 0.318, 0.332, 0.432, 0.445, 0.461, 0.541, 0.605, 0.637, 0.63, 0.648, 0.699, 0.612, 0.694, 0.708, 0.651, 0.739, 0.75, 0.7, 0.742, 0.661, 0.702, 0.766, 0.739, 0.786, 0.733, 0.729, 0.766, 0.791, 0.727, 0.744, 0.734, 0.772, 0.753, 0.738, 0.791, 0.816, 0.729, 0.745, 0.795, 0.804, 0.742, 0.791, 0.769, 0.804, 0.824, 0.788, 0.778, 0.793, 0.814, 0.807, 0.811, 0.81, 0.811, 0.781, 0.797, 0.827, 0.782, 0.812, 0.84, 0.774, 0.823, 0.813, 0.809, 0.818, 0.799, 0.803, 0.79, 0.824, 0.791, 0.799, 0.814]
Test Scores w/o background: [0.036, 0.082, 0.081, 0.097, 0.076, 0.094, 0.142, 0.116, 0.164, 0.224, 0.215, 0.312, 0.311, 0.32, 0.406, 0.481, 0.521, 0.512, 0.536, 0.603, 0.487, 0.596, 0.615, 0.538, 0.655, 0.67, 0.604, 0.66, 0.551, 0.606, 0.691, 0.655, 0.717, 0.647, 0.642, 0.691, 0.723, 0.639, 0.661, 0.648, 0.699, 0.673, 0.653, 0.724, 0.758, 0.641, 0.662, 0.729, 0.742, 0.658, 0.724, 0.695, 0.742, 0.767, 0.719, 0.706, 0.726, 0.754, 0.745, 0.751, 0.749, 0.751, 0.711, 0.732, 0.771, 0.711, 0.752, 0.788, 0.7, 0.767, 0.753, 0.747, 0.759, 0.734, 0.74, 0.722, 0.767, 0.724, 0.734, 0.754]
Train Scores: [0.083, 0.198, 0.212, 0.205, 0.188, 0.232, 0.265, 0.234, 0.301, 0.353, 0.388, 0.494, 0.533, 0.554, 0.635, 0.726, 0.773, 0.753, 0.772, 0.795, 0.783, 0.816, 0.831, 0.799, 0.838, 0.85, 0.825, 0.834, 0.807, 0.848, 0.854, 0.864, 0.868, 0.856, 0.859, 0.875, 0.88, 0.874, 0.878, 0.865, 0.876, 0.87, 0.879, 0.879, 0.886, 0.858, 0.863, 0.883, 0.89, 0.857, 0.878, 0.877, 0.898, 0.899, 0.885, 0.878, 0.885, 0.896, 0.896, 0.894, 0.891, 0.896, 0.893, 0.898, 0.9, 0.877, 0.889, 0.9, 0.887, 0.903, 0.903, 0.895, 0.903, 0.899, 0.897, 0.896, 0.896, 0.89, 0.9, 0.902]
Train Scores w/o background: [0.036, 0.083, 0.098, 0.098, 0.091, 0.137, 0.177, 0.144, 0.22, 0.265, 0.287, 0.391, 0.424, 0.443, 0.53, 0.641, 0.703, 0.676, 0.701, 0.731, 0.715, 0.759, 0.778, 0.736, 0.788, 0.803, 0.77, 0.783, 0.746, 0.801, 0.809, 0.821, 0.827, 0.811, 0.815, 0.835, 0.842, 0.835, 0.84, 0.823, 0.837, 0.829, 0.842, 0.841, 0.85, 0.813, 0.82, 0.846, 0.856, 0.811, 0.84, 0.838, 0.866, 0.868, 0.849, 0.84, 0.849, 0.864, 0.864, 0.861, 0.858, 0.864, 0.86, 0.866, 0.869, 0.839, 0.854, 0.869, 0.851, 0.873, 0.874, 0.862, 0.873, 0.868, 0.866, 0.864, 0.864, 0.855, 0.869, 0.871]
Train Loss: [243.414, 199.999, 148.594, 114.258, 97.587, 77.054, 63.713, 54.768, 49.573, 43.476, 40.009, 37.501, 33.726, 31.311, 29.48, 26.948, 24.578, 24.023, 22.443, 20.518, 18.514, 16.736, 14.65, 13.27, 11.991, 10.829, 10.137, 8.757, 7.72, 7.012, 6.16, 5.544, 4.886, 4.328, 3.897, 3.553, 3.478, 3.331, 3.218, 2.977, 2.775, 2.924, 2.677, 2.748, 2.559, 2.378, 2.831, 2.57, 2.899, 2.482, 2.729, 2.443, 2.404, 2.288, 2.321, 2.14, 1.984, 2.065, 1.757, 2.077, 2.235, 1.947, 1.881, 1.979, 1.68, 1.669, 1.527, 1.496, 1.543, 1.528, 1.451, 1.302, 1.314, 1.454, 1.406, 1.406, 1.464, 1.635, 1.569, 1.326]
Test Loss: [243.42, 208.311, 178.834, 153.637, 132.726, 114.26, 106.293, 93.513, 94.237, 85.232, 79.124, 69.771, 70.17, 74.661, 62.906, 55.029, 59.421, 47.768, 52.145, 46.271, 57.159, 45.317, 38.55, 41.077, 35.465, 31.929, 32.359, 27.619, 24.734, 33.752, 27.453, 23.58, 26.367, 24.883, 16.773, 20.274, 21.065, 20.523, 24.048, 23.969, 23.747, 25.815, 34.21, 29.066, 17.12, 20.528, 20.399, 16.243, 18.801, 15.66, 24.215, 27.022, 21.445, 21.774, 20.239, 17.701, 17.744, 17.795, 15.393, 14.351, 24.892, 14.541, 18.289, 24.735, 22.23, 20.148, 20.067, 12.32, 15.411, 17.226, 16.064, 18.314, 15.031, 13.492, 14.64, 13.376, 14.106, 15.137, 20.009, 17.201]
Max test score: 0.84 found at epoch: 68
Max test score shapes: 0.788 found at epoch: 68
