Active:  BBox loss [True, True, 1] [True, 0.2] [True, 0.2] linear 

Test Scores: [0.081, 0.194, 0.199, 0.204, 0.183, 0.204, 0.245, 0.234, 0.284, 0.301, 0.349, 0.431, 0.54, 0.575, 0.6, 0.587, 0.652, 0.639, 0.647, 0.668, 0.665, 0.664, 0.656, 0.684, 0.681, 0.692, 0.725, 0.72, 0.64, 0.763, 0.654, 0.762, 0.769, 0.701, 0.75, 0.753, 0.798, 0.789, 0.735, 0.742, 0.697, 0.767, 0.792, 0.771, 0.741, 0.755, 0.754, 0.718, 0.824, 0.807, 0.775, 0.789, 0.791, 0.7, 0.805, 0.74, 0.686, 0.782, 0.741, 0.783, 0.713, 0.798, 0.74, 0.817, 0.779, 0.812, 0.754, 0.818, 0.789, 0.764, 0.805, 0.785, 0.752, 0.808, 0.819, 0.724, 0.767, 0.76, 0.818, 0.827]
Test Scores w/o background: [0.035, 0.078, 0.08, 0.089, 0.077, 0.095, 0.148, 0.136, 0.198, 0.189, 0.211, 0.277, 0.402, 0.442, 0.474, 0.455, 0.541, 0.523, 0.534, 0.561, 0.558, 0.557, 0.545, 0.582, 0.579, 0.593, 0.637, 0.63, 0.523, 0.687, 0.541, 0.686, 0.696, 0.605, 0.67, 0.673, 0.733, 0.721, 0.649, 0.658, 0.599, 0.692, 0.725, 0.697, 0.657, 0.676, 0.675, 0.627, 0.768, 0.745, 0.702, 0.721, 0.724, 0.602, 0.743, 0.656, 0.583, 0.711, 0.657, 0.713, 0.62, 0.733, 0.655, 0.758, 0.708, 0.752, 0.675, 0.759, 0.721, 0.688, 0.742, 0.716, 0.672, 0.746, 0.761, 0.634, 0.692, 0.682, 0.76, 0.771]
Train Scores: [0.082, 0.199, 0.216, 0.205, 0.197, 0.239, 0.264, 0.27, 0.327, 0.373, 0.414, 0.527, 0.628, 0.674, 0.725, 0.729, 0.78, 0.76, 0.778, 0.792, 0.805, 0.807, 0.806, 0.839, 0.832, 0.827, 0.844, 0.859, 0.798, 0.859, 0.825, 0.851, 0.85, 0.833, 0.872, 0.868, 0.883, 0.878, 0.869, 0.874, 0.866, 0.871, 0.882, 0.873, 0.856, 0.849, 0.884, 0.863, 0.888, 0.887, 0.888, 0.868, 0.887, 0.855, 0.888, 0.886, 0.843, 0.891, 0.889, 0.875, 0.85, 0.878, 0.874, 0.903, 0.895, 0.897, 0.876, 0.899, 0.904, 0.9, 0.898, 0.898, 0.885, 0.907, 0.907, 0.894, 0.882, 0.89, 0.898, 0.908]
Train Scores w/o background: [0.036, 0.08, 0.099, 0.09, 0.095, 0.14, 0.171, 0.182, 0.251, 0.282, 0.295, 0.402, 0.519, 0.573, 0.639, 0.644, 0.711, 0.685, 0.708, 0.727, 0.745, 0.747, 0.745, 0.789, 0.779, 0.773, 0.795, 0.815, 0.734, 0.815, 0.77, 0.804, 0.803, 0.781, 0.832, 0.827, 0.847, 0.839, 0.828, 0.835, 0.823, 0.831, 0.845, 0.833, 0.811, 0.802, 0.847, 0.82, 0.854, 0.851, 0.853, 0.827, 0.852, 0.81, 0.853, 0.851, 0.794, 0.857, 0.854, 0.835, 0.802, 0.84, 0.835, 0.873, 0.862, 0.864, 0.837, 0.868, 0.875, 0.869, 0.866, 0.866, 0.849, 0.878, 0.878, 0.861, 0.844, 0.856, 0.866, 0.879]
Train Loss: [228.44, 185.512, 135.562, 102.486, 84.155, 63.014, 49.56, 42.04, 38.261, 34.532, 32.651, 28.67, 25.913, 24.123, 21.483, 20.345, 18.579, 16.861, 15.539, 14.708, 12.854, 12.008, 10.965, 10.08, 9.29, 8.308, 7.531, 6.897, 6.506, 6.24, 5.244, 4.775, 4.555, 4.005, 3.548, 3.38, 3.115, 3.274, 3.509, 3.093, 3.147, 2.731, 2.69, 2.662, 2.72, 2.586, 2.435, 2.131, 2.132, 2.132, 2.188, 2.105, 1.89, 1.829, 1.847, 2.321, 2.275, 2.294, 1.969, 1.928, 2.176, 1.813, 2.037, 2.084, 1.788, 1.847, 1.77, 1.768, 1.69, 1.71, 1.708, 1.517, 1.645, 1.712, 1.642, 1.621, 1.671, 1.77, 1.773, 1.578]
Test Loss: [228.767, 193.627, 165.434, 143.507, 120.341, 99.662, 94.738, 87.261, 83.749, 79.662, 71.74, 69.736, 67.864, 58.289, 54.77, 52.63, 51.366, 45.016, 37.946, 50.654, 36.145, 39.113, 40.552, 38.792, 36.109, 34.323, 26.769, 24.656, 33.914, 28.684, 28.489, 22.185, 28.009, 30.3, 28.664, 28.895, 22.827, 18.975, 16.608, 25.866, 24.111, 22.667, 19.646, 20.604, 20.139, 22.589, 29.644, 20.689, 19.655, 17.161, 18.952, 32.244, 19.066, 19.99, 15.469, 18.729, 18.802, 28.427, 24.323, 27.186, 20.191, 17.153, 18.524, 25.004, 20.283, 21.768, 21.631, 19.526, 22.046, 21.543, 26.705, 16.574, 25.095, 22.25, 17.554, 13.236, 18.794, 22.34, 18.791, 18.891]
Max test score: 0.827 found at epoch: 80
Max test score shapes: 0.771 found at epoch: 80
