Active:  BBox loss [True, True, 1] [False, 0.2] [True, 0.2] linear 
Active: OneHotloss True 20 
Active: MinSizeBackgroundloss True 1 

Test Scores: [0.119, 0.198, 0.191, 0.205, 0.219, 0.293, 0.343, 0.37, 0.38, 0.409, 0.47, 0.499, 0.546, 0.573, 0.602, 0.564, 0.584, 0.598, 0.611, 0.618, 0.62, 0.653, 0.58, 0.573, 0.669, 0.667, 0.644, 0.681, 0.611, 0.669, 0.653, 0.653, 0.682, 0.72, 0.706, 0.679, 0.727, 0.709, 0.668, 0.737, 0.681, 0.722, 0.7, 0.722, 0.684, 0.721, 0.73, 0.767, 0.745, 0.723, 0.711, 0.748, 0.754, 0.734, 0.702, 0.731, 0.73, 0.725, 0.756, 0.732, 0.689, 0.725, 0.726, 0.753, 0.741, 0.753, 0.744, 0.784, 0.782, 0.735, 0.751, 0.788, 0.77, 0.764, 0.776, 0.735, 0.773, 0.771, 0.768, 0.797]
Test Scores w/o background: [0.041, 0.084, 0.075, 0.086, 0.083, 0.128, 0.173, 0.196, 0.208, 0.238, 0.311, 0.346, 0.406, 0.441, 0.477, 0.426, 0.454, 0.471, 0.488, 0.498, 0.499, 0.544, 0.446, 0.436, 0.565, 0.561, 0.532, 0.579, 0.486, 0.564, 0.543, 0.542, 0.581, 0.632, 0.613, 0.577, 0.641, 0.617, 0.562, 0.653, 0.579, 0.633, 0.604, 0.633, 0.583, 0.631, 0.644, 0.693, 0.663, 0.635, 0.619, 0.667, 0.675, 0.65, 0.607, 0.645, 0.644, 0.636, 0.678, 0.646, 0.589, 0.637, 0.638, 0.674, 0.658, 0.674, 0.662, 0.716, 0.712, 0.65, 0.672, 0.72, 0.697, 0.689, 0.705, 0.65, 0.7, 0.699, 0.694, 0.733]
Train Scores: [0.123, 0.202, 0.209, 0.207, 0.24, 0.332, 0.377, 0.423, 0.444, 0.472, 0.542, 0.579, 0.622, 0.656, 0.694, 0.689, 0.689, 0.705, 0.71, 0.721, 0.715, 0.73, 0.699, 0.708, 0.744, 0.754, 0.732, 0.76, 0.746, 0.767, 0.772, 0.772, 0.773, 0.786, 0.781, 0.795, 0.798, 0.783, 0.787, 0.801, 0.806, 0.811, 0.813, 0.818, 0.789, 0.817, 0.817, 0.824, 0.822, 0.826, 0.823, 0.828, 0.834, 0.824, 0.806, 0.822, 0.84, 0.831, 0.824, 0.835, 0.825, 0.841, 0.838, 0.823, 0.836, 0.84, 0.843, 0.847, 0.85, 0.848, 0.847, 0.845, 0.85, 0.855, 0.858, 0.854, 0.854, 0.845, 0.852, 0.861]
Train Scores w/o background: [0.043, 0.086, 0.097, 0.086, 0.108, 0.178, 0.219, 0.267, 0.293, 0.321, 0.407, 0.454, 0.507, 0.551, 0.6, 0.592, 0.594, 0.614, 0.621, 0.635, 0.626, 0.646, 0.606, 0.616, 0.665, 0.677, 0.649, 0.686, 0.666, 0.695, 0.701, 0.701, 0.702, 0.719, 0.712, 0.732, 0.735, 0.716, 0.72, 0.739, 0.746, 0.752, 0.755, 0.762, 0.723, 0.76, 0.76, 0.77, 0.766, 0.771, 0.768, 0.775, 0.783, 0.769, 0.745, 0.766, 0.79, 0.779, 0.769, 0.784, 0.77, 0.792, 0.788, 0.767, 0.785, 0.79, 0.794, 0.799, 0.803, 0.8, 0.8, 0.797, 0.804, 0.81, 0.813, 0.809, 0.808, 0.797, 0.806, 0.817]
Train Loss: [229.517, 184.868, 132.831, 102.142, 87.606, 70.176, 55.746, 48.252, 39.826, 34.467, 29.682, 25.225, 21.469, 17.098, 13.595, 12.104, 11.359, 10.943, 9.366, 8.998, 7.975, 8.035, 7.463, 6.59, 5.892, 5.382, 5.429, 4.688, 4.538, 4.171, 3.708, 3.481, 3.382, 3.298, 3.32, 3.181, 2.998, 2.903, 2.992, 3.077, 2.572, 2.473, 2.348, 2.377, 2.603, 2.352, 2.228, 2.215, 2.183, 1.949, 2.243, 2.386, 2.126, 1.941, 1.68, 1.947, 1.93, 1.702, 1.631, 1.653, 1.709, 1.541, 1.748, 1.7, 1.824, 1.54, 1.52, 1.396, 1.594, 1.494, 1.343, 1.467, 1.442, 1.446, 1.476, 1.406, 1.314, 1.269, 1.132, 1.185]
Test Loss: [234.9, 198.231, 169.098, 149.993, 120.556, 107.58, 99.227, 93.368, 86.771, 79.817, 72.208, 61.897, 59.053, 46.748, 42.553, 39.849, 40.634, 41.474, 40.639, 35.338, 40.798, 27.943, 34.781, 36.337, 30.809, 25.398, 31.375, 35.115, 27.35, 27.084, 24.746, 26.84, 34.26, 22.617, 24.222, 23.089, 23.902, 19.679, 27.283, 23.679, 22.677, 19.899, 23.452, 25.05, 18.211, 17.404, 29.371, 21.429, 18.297, 15.485, 21.59, 18.183, 21.27, 22.191, 17.778, 27.138, 26.495, 20.743, 17.293, 14.927, 20.917, 27.393, 17.979, 20.608, 19.361, 13.905, 18.55, 15.574, 14.365, 14.788, 19.443, 18.999, 13.554, 18.312, 17.584, 15.718, 21.361, 18.193, 14.874, 13.907]
Max test score: 0.797 found at epoch: 80
Max test score shapes: 0.733 found at epoch: 80
