Active:  BBox loss [True, True, 1] [False, 0.2] [True, 0.2] linear 
Active: OneHotloss True 20 

Test Scores: [0.057, 0.153, 0.162, 0.166, 0.148, 0.141, 0.138, 0.128, 0.127, 0.122, 0.135, 0.13, 0.138, 0.141, 0.152, 0.153, 0.157, 0.152, 0.147, 0.153, 0.156, 0.161, 0.162, 0.168, 0.164, 0.17, 0.177, 0.173, 0.185, 0.196, 0.194, 0.19, 0.198, 0.2, 0.205, 0.218, 0.224, 0.214, 0.213, 0.234, 0.231, 0.24, 0.229, 0.234, 0.253, 0.244, 0.244, 0.246, 0.248, 0.252, 0.254, 0.253, 0.269, 0.271, 0.259, 0.257, 0.264, 0.27, 0.265, 0.261, 0.253, 0.271, 0.284, 0.276, 0.278, 0.278, 0.282, 0.286, 0.284, 0.286, 0.299, 0.289, 0.293, 0.295, 0.297, 0.296, 0.293, 0.297, 0.297, 0.303]
Test Scores w/o background: [0.031, 0.066, 0.077, 0.086, 0.069, 0.066, 0.068, 0.061, 0.061, 0.06, 0.067, 0.062, 0.068, 0.071, 0.087, 0.083, 0.082, 0.086, 0.078, 0.086, 0.084, 0.082, 0.085, 0.087, 0.078, 0.089, 0.094, 0.087, 0.094, 0.105, 0.102, 0.095, 0.102, 0.102, 0.109, 0.121, 0.12, 0.114, 0.108, 0.131, 0.125, 0.133, 0.12, 0.126, 0.143, 0.137, 0.135, 0.134, 0.139, 0.14, 0.141, 0.141, 0.156, 0.158, 0.146, 0.143, 0.149, 0.157, 0.152, 0.143, 0.135, 0.155, 0.168, 0.159, 0.16, 0.161, 0.167, 0.172, 0.167, 0.172, 0.181, 0.171, 0.175, 0.178, 0.18, 0.177, 0.174, 0.179, 0.176, 0.185]
Train Scores: [0.059, 0.158, 0.173, 0.17, 0.163, 0.154, 0.151, 0.14, 0.14, 0.135, 0.147, 0.147, 0.15, 0.155, 0.163, 0.165, 0.175, 0.165, 0.162, 0.169, 0.169, 0.179, 0.177, 0.184, 0.183, 0.186, 0.19, 0.192, 0.202, 0.208, 0.21, 0.209, 0.212, 0.221, 0.22, 0.227, 0.238, 0.23, 0.231, 0.247, 0.243, 0.254, 0.248, 0.252, 0.268, 0.254, 0.257, 0.263, 0.263, 0.269, 0.269, 0.27, 0.282, 0.282, 0.272, 0.271, 0.282, 0.282, 0.281, 0.282, 0.276, 0.292, 0.299, 0.292, 0.295, 0.294, 0.297, 0.298, 0.299, 0.301, 0.31, 0.302, 0.307, 0.312, 0.311, 0.312, 0.31, 0.315, 0.319, 0.316]
Train Scores w/o background: [0.033, 0.068, 0.088, 0.087, 0.086, 0.082, 0.085, 0.075, 0.077, 0.077, 0.083, 0.083, 0.083, 0.088, 0.1, 0.097, 0.105, 0.101, 0.095, 0.106, 0.1, 0.104, 0.104, 0.106, 0.102, 0.109, 0.109, 0.111, 0.115, 0.119, 0.121, 0.118, 0.12, 0.128, 0.127, 0.131, 0.136, 0.133, 0.13, 0.147, 0.14, 0.15, 0.144, 0.148, 0.161, 0.148, 0.15, 0.155, 0.157, 0.16, 0.16, 0.162, 0.171, 0.172, 0.162, 0.16, 0.171, 0.171, 0.171, 0.17, 0.163, 0.181, 0.187, 0.179, 0.182, 0.182, 0.186, 0.187, 0.186, 0.191, 0.196, 0.189, 0.192, 0.2, 0.198, 0.197, 0.196, 0.202, 0.205, 0.202]
Train Loss: [179.629, 139.197, 91.772, 63.631, 54.827, 42.293, 29.41, 26.302, 22.784, 18.989, 16.89, 15.991, 14.521, 15.629, 12.57, 11.054, 11.089, 10.011, 9.666, 8.987, 7.966, 7.499, 7.392, 7.06, 6.886, 6.217, 5.732, 5.61, 5.09, 5.788, 5.181, 4.733, 4.95, 4.239, 4.036, 4.051, 3.971, 4.624, 3.872, 3.348, 3.304, 3.089, 3.52, 3.551, 3.439, 3.081, 2.676, 2.54, 2.697, 2.627, 2.752, 2.896, 2.453, 2.338, 2.347, 2.428, 2.323, 2.428, 2.132, 2.284, 2.588, 2.607, 2.616, 2.048, 1.983, 1.892, 1.955, 1.973, 2.101, 1.93, 1.77, 1.814, 1.854, 1.85, 2.247, 1.903, 1.707, 1.699, 1.538, 1.619]
Test Loss: [185.016, 152.452, 124.516, 106.695, 97.569, 84.291, 72.172, 71.021, 67.552, 52.952, 63.892, 54.894, 45.943, 46.199, 44.373, 39.293, 48.983, 49.683, 38.779, 37.395, 30.386, 32.742, 36.598, 37.279, 31.113, 38.978, 31.434, 26.459, 33.216, 26.2, 22.112, 23.964, 25.798, 26.702, 36.398, 23.213, 25.874, 43.158, 23.286, 26.75, 22.355, 20.732, 33.071, 30.285, 25.338, 23.85, 22.354, 22.021, 28.413, 29.502, 26.913, 30.244, 26.872, 25.58, 20.43, 17.916, 25.453, 35.051, 24.913, 26.436, 28.057, 30.041, 26.971, 20.139, 25.349, 19.126, 19.433, 24.369, 19.339, 21.77, 26.676, 14.982, 17.87, 22.857, 22.679, 17.7, 23.788, 18.69, 17.261, 23.623]
Max test score: 0.303 found at epoch: 80
Max test score shapes: 0.185 found at epoch: 80
