Active:  BBox loss [True, False, 1] [True, 0.2] [False, 0.2] linear 
Active: OneHotloss True 20 

Test Scores: [0.111, 0.219, 0.194, 0.206, 0.187, 0.185, 0.294, 0.439, 0.47, 0.434, 0.487, 0.488, 0.524, 0.523, 0.529, 0.502, 0.525, 0.585, 0.612, 0.616, 0.641, 0.694, 0.647, 0.693, 0.672, 0.751, 0.677, 0.703, 0.774, 0.717, 0.751, 0.686, 0.702, 0.728, 0.751, 0.772, 0.764, 0.699, 0.749, 0.755, 0.798, 0.762, 0.746, 0.782, 0.725, 0.734, 0.717, 0.72, 0.75, 0.718, 0.737, 0.771, 0.795, 0.779, 0.763, 0.741, 0.75, 0.796, 0.804, 0.725, 0.783, 0.786, 0.746, 0.752, 0.796, 0.762, 0.779, 0.775, 0.776, 0.782, 0.729, 0.743, 0.722, 0.752, 0.752, 0.789, 0.743, 0.795, 0.775, 0.752]
Test Scores w/o background: [0.045, 0.102, 0.092, 0.117, 0.109, 0.104, 0.185, 0.292, 0.336, 0.283, 0.359, 0.359, 0.407, 0.415, 0.415, 0.376, 0.399, 0.47, 0.49, 0.497, 0.527, 0.597, 0.535, 0.595, 0.567, 0.673, 0.574, 0.607, 0.702, 0.625, 0.671, 0.584, 0.606, 0.641, 0.67, 0.699, 0.689, 0.602, 0.667, 0.676, 0.733, 0.686, 0.664, 0.711, 0.635, 0.648, 0.626, 0.629, 0.669, 0.627, 0.652, 0.698, 0.729, 0.709, 0.687, 0.658, 0.67, 0.731, 0.741, 0.637, 0.714, 0.717, 0.664, 0.672, 0.731, 0.686, 0.708, 0.704, 0.705, 0.712, 0.642, 0.661, 0.632, 0.673, 0.673, 0.721, 0.661, 0.729, 0.703, 0.672]
Train Scores: [0.111, 0.22, 0.207, 0.219, 0.218, 0.224, 0.33, 0.52, 0.554, 0.544, 0.586, 0.589, 0.596, 0.6, 0.602, 0.609, 0.629, 0.652, 0.737, 0.719, 0.786, 0.807, 0.791, 0.821, 0.814, 0.829, 0.817, 0.811, 0.864, 0.828, 0.857, 0.84, 0.835, 0.831, 0.853, 0.861, 0.853, 0.853, 0.858, 0.855, 0.867, 0.844, 0.833, 0.849, 0.831, 0.813, 0.829, 0.843, 0.84, 0.844, 0.831, 0.828, 0.864, 0.841, 0.845, 0.847, 0.832, 0.841, 0.836, 0.83, 0.832, 0.857, 0.827, 0.839, 0.848, 0.835, 0.834, 0.841, 0.852, 0.859, 0.824, 0.803, 0.838, 0.843, 0.798, 0.855, 0.81, 0.861, 0.846, 0.845]
Train Scores w/o background: [0.041, 0.1, 0.107, 0.133, 0.15, 0.153, 0.229, 0.396, 0.445, 0.428, 0.489, 0.491, 0.5, 0.515, 0.51, 0.516, 0.536, 0.559, 0.658, 0.635, 0.72, 0.747, 0.726, 0.766, 0.757, 0.776, 0.761, 0.752, 0.821, 0.773, 0.812, 0.789, 0.782, 0.777, 0.806, 0.817, 0.806, 0.807, 0.813, 0.81, 0.825, 0.794, 0.78, 0.801, 0.777, 0.754, 0.775, 0.794, 0.789, 0.795, 0.777, 0.773, 0.821, 0.791, 0.796, 0.799, 0.78, 0.791, 0.784, 0.777, 0.78, 0.812, 0.773, 0.788, 0.8, 0.783, 0.782, 0.791, 0.806, 0.815, 0.768, 0.74, 0.787, 0.793, 0.734, 0.81, 0.75, 0.818, 0.798, 0.796]
Train Loss: [160.68, 126.324, 88.299, 66.184, 53.814, 44.079, 39.355, 36.213, 32.623, 29.018, 25.77, 23.236, 20.925, 18.767, 16.417, 14.614, 12.773, 10.94, 9.143, 7.597, 6.194, 4.943, 3.926, 3.016, 2.303, 1.761, 1.323, 1.079, 0.754, 0.582, 0.567, 0.374, 0.386, 0.441, 0.373, 0.409, 0.362, 0.365, 0.384, 0.593, 0.406, 0.537, 0.309, 0.782, 0.667, 0.554, 0.25, 0.474, 0.486, 0.31, 0.409, 0.686, 0.446, 0.527, 0.611, 0.668, 0.308, 0.529, 0.45, 0.208, 0.856, 0.325, 0.628, 0.317, 0.258, 0.885, 0.164, 0.502, 0.83, 0.446, 0.216, 0.413, 0.638, 0.282, 0.55, 1.036, 0.218, 0.635, 0.15, 0.592]
Test Loss: [159.795, 130.612, 103.816, 84.29, 69.257, 63.628, 59.318, 50.337, 51.189, 48.789, 43.39, 39.307, 36.642, 31.273, 30.616, 27.727, 25.284, 20.767, 18.459, 17.98, 15.313, 14.964, 11.366, 10.818, 7.811, 9.467, 8.391, 6.732, 7.776, 4.917, 6.667, 7.344, 5.641, 4.31, 6.334, 4.844, 9.58, 10.691, 11.364, 8.591, 7.37, 7.645, 7.687, 12.077, 12.246, 11.39, 16.377, 10.618, 10.352, 8.627, 14.959, 6.637, 8.747, 8.086, 9.395, 6.102, 7.011, 6.847, 7.57, 8.832, 7.529, 6.613, 9.7, 15.038, 8.299, 6.142, 7.627, 6.112, 11.666, 8.937, 11.464, 10.79, 11.252, 10.019, 4.451, 10.1, 7.201, 7.12, 6.891, 5.933]
Max test score: 0.804 found at epoch: 59
Max test score shapes: 0.741 found at epoch: 59
