seed 123
percentFullySupervised 0.2
domainLossMultiplier 0.001
Active: Adjacencyloss True True 30 0.0001 False False 
Active: Relationsloss True 2 True 0.1 False True False 
Active: OneHotloss True 20 
Active: Smoothnessloss True 100 
Active: MinSizeShapesloss True 1 0.5 0.0035 0.015 
Active: MaxSizeShapesloss True 1 0.98 0.2 0.42 

Test Scores: [0.136, 0.174, 0.205, 0.171, 0.173, 0.181, 0.202, 0.216, 0.218, 0.246, 0.229, 0.271, 0.287, 0.292, 0.305, 0.328, 0.328, 0.324, 0.323, 0.315, 0.313, 0.312, 0.291, 0.317, 0.301, 0.339, 0.306, 0.337, 0.345, 0.342, 0.337, 0.346, 0.327, 0.317, 0.328, 0.331, 0.311, 0.303, 0.314, 0.311, 0.324, 0.327, 0.317, 0.294, 0.313, 0.315, 0.298, 0.33, 0.317, 0.307, 0.305, 0.318, 0.317, 0.339, 0.345, 0.333, 0.355, 0.352, 0.342, 0.343, 0.312, 0.299, 0.282, 0.278, 0.288, 0.277, 0.257, 0.254, 0.278, 0.312, 0.316, 0.325, 0.325, 0.327, 0.321, 0.324, 0.323, 0.339, 0.336, 0.343, 0.321, 0.312, 0.315, 0.292, 0.287, 0.275, 0.291, 0.302, 0.311, 0.311, 0.325, 0.326, 0.333, 0.313, 0.282, 0.268, 0.277, 0.276, 0.257, 0.249]
Test Scores w/o background: [0.069, 0.122, 0.11, 0.052, 0.051, 0.069, 0.089, 0.106, 0.109, 0.142, 0.106, 0.138, 0.143, 0.153, 0.147, 0.15, 0.15, 0.147, 0.146, 0.141, 0.147, 0.145, 0.136, 0.139, 0.138, 0.163, 0.149, 0.162, 0.156, 0.162, 0.158, 0.155, 0.141, 0.145, 0.143, 0.143, 0.134, 0.133, 0.133, 0.13, 0.142, 0.146, 0.139, 0.13, 0.138, 0.14, 0.133, 0.139, 0.132, 0.13, 0.126, 0.133, 0.139, 0.154, 0.155, 0.156, 0.164, 0.165, 0.157, 0.155, 0.136, 0.118, 0.104, 0.099, 0.111, 0.107, 0.105, 0.111, 0.122, 0.135, 0.143, 0.149, 0.145, 0.147, 0.145, 0.141, 0.145, 0.154, 0.154, 0.16, 0.148, 0.14, 0.136, 0.105, 0.096, 0.084, 0.1, 0.111, 0.108, 0.122, 0.13, 0.138, 0.122, 0.109, 0.057, 0.066, 0.098, 0.105, 0.099, 0.089]
Train Scores: [0.146, 0.188, 0.224, 0.159, 0.168, 0.166, 0.181, 0.205, 0.209, 0.243, 0.238, 0.261, 0.299, 0.287, 0.298, 0.329, 0.351, 0.34, 0.302, 0.292, 0.31, 0.311, 0.273, 0.307, 0.297, 0.331, 0.318, 0.341, 0.371, 0.337, 0.339, 0.331, 0.316, 0.301, 0.331, 0.328, 0.319, 0.312, 0.326, 0.326, 0.32, 0.347, 0.366, 0.341, 0.353, 0.339, 0.321, 0.345, 0.332, 0.327, 0.323, 0.337, 0.343, 0.343, 0.354, 0.345, 0.365, 0.369, 0.358, 0.37, 0.335, 0.294, 0.298, 0.296, 0.298, 0.282, 0.267, 0.253, 0.277, 0.319, 0.317, 0.316, 0.339, 0.352, 0.336, 0.325, 0.317, 0.34, 0.338, 0.347, 0.329, 0.323, 0.302, 0.28, 0.282, 0.264, 0.282, 0.295, 0.318, 0.306, 0.31, 0.313, 0.335, 0.316, 0.286, 0.262, 0.257, 0.259, 0.248, 0.219]
Train Scores w/o background: [0.079, 0.143, 0.11, 0.038, 0.042, 0.059, 0.074, 0.094, 0.098, 0.143, 0.128, 0.125, 0.148, 0.136, 0.131, 0.137, 0.154, 0.14, 0.121, 0.12, 0.129, 0.126, 0.112, 0.117, 0.114, 0.131, 0.135, 0.14, 0.164, 0.145, 0.148, 0.128, 0.125, 0.123, 0.131, 0.127, 0.121, 0.115, 0.12, 0.125, 0.13, 0.148, 0.169, 0.151, 0.151, 0.141, 0.137, 0.137, 0.131, 0.133, 0.13, 0.139, 0.152, 0.144, 0.148, 0.148, 0.155, 0.164, 0.157, 0.17, 0.149, 0.101, 0.094, 0.095, 0.099, 0.093, 0.101, 0.105, 0.114, 0.133, 0.135, 0.133, 0.147, 0.156, 0.152, 0.139, 0.145, 0.159, 0.158, 0.163, 0.15, 0.14, 0.125, 0.097, 0.09, 0.073, 0.08, 0.094, 0.099, 0.119, 0.123, 0.125, 0.139, 0.111, 0.068, 0.064, 0.09, 0.104, 0.094, 0.069]
Train Loss: [0.202, 0.084, 0.056, 0.039, 0.028, 0.022, 0.019, 0.017, 0.015, 0.013, 0.012, 0.01, 0.009, 0.008, 0.007, 0.006, 0.005, 0.004, 0.003, 0.002, 0.002, 0.002, 0.001, 0.001, 0.001, 0.001, 0.001, 0.001, 0.001, 0.001, 0.0, 0.0, 0.0, 0.0, 0.0, 0.0, 0.0, 0.0, 0.0, 0.0, 0.0, 0.0, 0.0, 0.0, 0.0, 0.0, 0.0, 0.0, 0.0, 0.0, 0.0, 0.0, 0.0, 0.0, 0.0, 0.0, 0.001, 0.0, 0.0, 0.0, 0.0, 0.001, 0.0, 0.001, 0.0, 0.0, 0.0, 0.0, 0.0, 0.0, 0.0, 0.0, 0.0, 0.001, 0.001, 0.0, 0.0, 0.0, 0.0, 0.0, 0.0, 0.0, 0.001, 0.0, 0.0, 0.001, 0.001, 0.0, 0.0, 0.0, 0.0, 0.0, 0.0, 0.001, 0.001, 0.001, 0.0, 0.0, 0.0, 0.002]
Max test score: 0.355 found at epoch: 57
Max test score shapes: 0.165 found at epoch: 58
Avg generalisation ratio: 1.058
Avg generalisation diff: -0.006