seed 234
percentFullySupervised 0.2
domainLossMultiplier 0.001
Active: Adjacencyloss True True 30 0.0001 False False 
Active: Relationsloss True 2 True 0.1 False True False 
Active: OneHotloss True 20 
Active: Smoothnessloss True 100 
Active: MinSizeShapesloss True 1 0.5 0.0035 0.015 
Active: MaxSizeShapesloss True 1 0.98 0.2 0.42 

Test Scores: [0.182, 0.283, 0.303, 0.289, 0.341, 0.266, 0.291, 0.279, 0.297, 0.322, 0.32, 0.322, 0.352, 0.376, 0.36, 0.347, 0.313, 0.328, 0.336, 0.328, 0.335, 0.321, 0.328, 0.329, 0.333, 0.33, 0.336, 0.328, 0.323, 0.327, 0.305, 0.3, 0.324, 0.32, 0.325, 0.313, 0.325, 0.311, 0.316, 0.335, 0.326, 0.333, 0.341, 0.327, 0.316, 0.317, 0.321, 0.325, 0.321, 0.337, 0.316, 0.285, 0.294, 0.291, 0.288, 0.277, 0.31, 0.311, 0.309, 0.291, 0.268, 0.235, 0.225, 0.258, 0.283, 0.294, 0.336, 0.323, 0.347, 0.334, 0.34, 0.329, 0.317, 0.284, 0.3, 0.315, 0.321, 0.323, 0.32, 0.337, 0.324, 0.324, 0.332, 0.323, 0.336, 0.334, 0.323, 0.313, 0.297, 0.291, 0.303, 0.3, 0.28, 0.269, 0.265, 0.246, 0.238, 0.251, 0.29, 0.291]
Test Scores w/o background: [0.066, 0.124, 0.137, 0.126, 0.155, 0.117, 0.132, 0.167, 0.161, 0.169, 0.175, 0.167, 0.186, 0.192, 0.174, 0.15, 0.117, 0.137, 0.139, 0.142, 0.146, 0.146, 0.155, 0.153, 0.153, 0.153, 0.155, 0.153, 0.152, 0.146, 0.135, 0.133, 0.134, 0.144, 0.141, 0.123, 0.135, 0.144, 0.147, 0.152, 0.137, 0.146, 0.151, 0.149, 0.142, 0.14, 0.137, 0.144, 0.144, 0.146, 0.134, 0.122, 0.123, 0.12, 0.104, 0.126, 0.127, 0.139, 0.139, 0.128, 0.108, 0.056, 0.055, 0.076, 0.08, 0.091, 0.153, 0.153, 0.164, 0.159, 0.155, 0.154, 0.132, 0.133, 0.145, 0.154, 0.151, 0.146, 0.144, 0.136, 0.137, 0.141, 0.145, 0.146, 0.137, 0.14, 0.134, 0.112, 0.097, 0.122, 0.119, 0.119, 0.092, 0.088, 0.077, 0.077, 0.068, 0.087, 0.101, 0.11]
Train Scores: [0.213, 0.28, 0.314, 0.295, 0.361, 0.273, 0.296, 0.314, 0.318, 0.338, 0.323, 0.33, 0.374, 0.392, 0.389, 0.36, 0.303, 0.313, 0.355, 0.343, 0.331, 0.308, 0.322, 0.319, 0.328, 0.319, 0.326, 0.327, 0.327, 0.352, 0.328, 0.311, 0.333, 0.32, 0.319, 0.301, 0.314, 0.298, 0.311, 0.336, 0.335, 0.343, 0.359, 0.344, 0.313, 0.305, 0.331, 0.338, 0.335, 0.356, 0.325, 0.281, 0.284, 0.272, 0.273, 0.25, 0.299, 0.312, 0.321, 0.328, 0.29, 0.246, 0.24, 0.259, 0.266, 0.265, 0.313, 0.307, 0.321, 0.302, 0.311, 0.295, 0.289, 0.247, 0.272, 0.284, 0.295, 0.312, 0.319, 0.347, 0.302, 0.294, 0.317, 0.306, 0.338, 0.321, 0.304, 0.298, 0.271, 0.261, 0.279, 0.273, 0.249, 0.242, 0.232, 0.225, 0.216, 0.247, 0.286, 0.291]
Train Scores w/o background: [0.07, 0.117, 0.132, 0.124, 0.169, 0.117, 0.129, 0.197, 0.183, 0.183, 0.152, 0.143, 0.181, 0.189, 0.186, 0.149, 0.111, 0.12, 0.147, 0.146, 0.135, 0.124, 0.138, 0.137, 0.141, 0.136, 0.138, 0.139, 0.143, 0.157, 0.145, 0.137, 0.141, 0.143, 0.136, 0.121, 0.129, 0.128, 0.136, 0.143, 0.135, 0.143, 0.151, 0.148, 0.133, 0.129, 0.141, 0.146, 0.146, 0.149, 0.129, 0.115, 0.114, 0.107, 0.093, 0.106, 0.113, 0.129, 0.129, 0.129, 0.088, 0.031, 0.038, 0.056, 0.057, 0.069, 0.134, 0.135, 0.138, 0.131, 0.134, 0.128, 0.121, 0.115, 0.124, 0.128, 0.126, 0.131, 0.138, 0.139, 0.117, 0.116, 0.124, 0.125, 0.136, 0.126, 0.116, 0.1, 0.08, 0.102, 0.104, 0.104, 0.079, 0.08, 0.063, 0.075, 0.065, 0.099, 0.101, 0.113]
Train Loss: [0.14, 0.054, 0.033, 0.023, 0.019, 0.016, 0.015, 0.013, 0.012, 0.011, 0.01, 0.009, 0.007, 0.006, 0.005, 0.004, 0.004, 0.003, 0.002, 0.002, 0.002, 0.001, 0.001, 0.001, 0.001, 0.001, 0.0, 0.001, 0.0, 0.0, 0.001, 0.0, 0.001, 0.001, 0.0, 0.0, 0.001, 0.0, 0.0, 0.0, 0.0, 0.0, 0.0, 0.001, 0.0, 0.0, 0.0, 0.0, 0.0, 0.0, 0.0, 0.001, 0.001, 0.0, 0.0, 0.001, 0.0, 0.0, 0.0, 0.0, 0.0, 0.001, 0.002, 0.0, 0.0, 0.0, 0.0, 0.0, 0.0, 0.0, 0.0, 0.0, 0.0, 0.0, 0.0, 0.0, 0.001, 0.0, 0.0, 0.0, 0.0, 0.0, 0.0, 0.001, 0.0, 0.0, 0.0, 0.0, 0.0, 0.0, 0.0, 0.0, 0.001, 0.001, 0.0, 0.0, 0.0, 0.0, 0.0, 0.0]
Max test score: 0.376 found at epoch: 14
Max test score shapes: 0.192 found at epoch: 14
Avg generalisation ratio: 1.09
Avg generalisation diff: -0.009