seed 999
percentFullySupervised 0.2
domainLossMultiplier 0.001
Active: Adjacencyloss True True 30 0.0001 False False 
Active: Relationsloss True 2 True 0.1 False True False 
Active: OneHotloss True 20 
Active: Smoothnessloss True 100 
Active: MinSizeShapesloss True 1 0.5 0.0035 0.015 
Active: MaxSizeShapesloss True 1 0.98 0.2 0.42 

Test Scores: [0.173, 0.199, 0.203, 0.191, 0.196, 0.198, 0.205, 0.239, 0.247, 0.258, 0.276, 0.297, 0.33, 0.306, 0.319, 0.327, 0.33, 0.323, 0.31, 0.297, 0.329, 0.318, 0.339, 0.329, 0.317, 0.336, 0.324, 0.345, 0.321, 0.326, 0.327, 0.327, 0.318, 0.327, 0.322, 0.305, 0.302, 0.298, 0.292, 0.289, 0.312, 0.309, 0.308, 0.319, 0.312, 0.305, 0.329, 0.356, 0.348, 0.326, 0.351, 0.332, 0.323, 0.325, 0.308, 0.307, 0.325, 0.305, 0.316, 0.308, 0.308, 0.309, 0.333, 0.339, 0.336, 0.34, 0.331, 0.334, 0.331, 0.314, 0.317, 0.327, 0.336, 0.332, 0.326, 0.318, 0.307, 0.279, 0.264, 0.243, 0.225, 0.224, 0.216, 0.225, 0.227, 0.23, 0.239, 0.258, 0.292, 0.311, 0.316, 0.331, 0.302, 0.32, 0.283, 0.258, 0.276, 0.272, 0.298, 0.296]
Test Scores w/o background: [0.106, 0.104, 0.056, 0.07, 0.088, 0.097, 0.098, 0.102, 0.112, 0.145, 0.15, 0.163, 0.174, 0.163, 0.151, 0.147, 0.148, 0.145, 0.139, 0.132, 0.146, 0.143, 0.154, 0.141, 0.146, 0.153, 0.145, 0.157, 0.147, 0.146, 0.149, 0.15, 0.147, 0.15, 0.147, 0.138, 0.136, 0.13, 0.126, 0.127, 0.138, 0.14, 0.141, 0.147, 0.145, 0.144, 0.154, 0.164, 0.166, 0.158, 0.17, 0.153, 0.148, 0.148, 0.14, 0.141, 0.147, 0.137, 0.138, 0.136, 0.135, 0.135, 0.149, 0.151, 0.147, 0.147, 0.144, 0.145, 0.134, 0.13, 0.132, 0.13, 0.133, 0.14, 0.135, 0.128, 0.112, 0.087, 0.075, 0.042, 0.041, 0.029, 0.036, 0.029, 0.042, 0.047, 0.047, 0.071, 0.095, 0.118, 0.118, 0.124, 0.118, 0.111, 0.078, 0.066, 0.084, 0.066, 0.093, 0.089]
Train Scores: [0.163, 0.199, 0.209, 0.194, 0.205, 0.197, 0.209, 0.257, 0.28, 0.297, 0.303, 0.322, 0.377, 0.349, 0.352, 0.361, 0.343, 0.341, 0.334, 0.332, 0.361, 0.351, 0.339, 0.306, 0.296, 0.329, 0.304, 0.322, 0.291, 0.293, 0.294, 0.301, 0.293, 0.318, 0.326, 0.316, 0.306, 0.312, 0.297, 0.285, 0.306, 0.308, 0.301, 0.32, 0.305, 0.298, 0.328, 0.372, 0.367, 0.347, 0.374, 0.356, 0.324, 0.329, 0.313, 0.314, 0.338, 0.325, 0.333, 0.311, 0.317, 0.309, 0.313, 0.323, 0.315, 0.324, 0.314, 0.326, 0.325, 0.317, 0.32, 0.324, 0.337, 0.325, 0.323, 0.331, 0.328, 0.277, 0.269, 0.238, 0.216, 0.214, 0.205, 0.226, 0.225, 0.226, 0.233, 0.259, 0.31, 0.336, 0.341, 0.342, 0.328, 0.336, 0.285, 0.263, 0.287, 0.273, 0.305, 0.301]
Train Scores w/o background: [0.086, 0.098, 0.052, 0.067, 0.084, 0.092, 0.094, 0.105, 0.135, 0.175, 0.17, 0.172, 0.194, 0.177, 0.165, 0.169, 0.15, 0.141, 0.141, 0.143, 0.16, 0.159, 0.139, 0.117, 0.121, 0.135, 0.12, 0.13, 0.119, 0.116, 0.117, 0.122, 0.12, 0.126, 0.133, 0.13, 0.124, 0.126, 0.119, 0.115, 0.127, 0.133, 0.127, 0.138, 0.128, 0.126, 0.138, 0.165, 0.164, 0.153, 0.169, 0.156, 0.137, 0.14, 0.13, 0.131, 0.14, 0.138, 0.14, 0.127, 0.13, 0.124, 0.131, 0.135, 0.129, 0.131, 0.129, 0.132, 0.123, 0.129, 0.13, 0.117, 0.122, 0.127, 0.123, 0.128, 0.117, 0.074, 0.068, 0.028, 0.029, 0.016, 0.026, 0.021, 0.033, 0.038, 0.037, 0.061, 0.1, 0.13, 0.129, 0.118, 0.131, 0.109, 0.056, 0.053, 0.072, 0.046, 0.082, 0.076]
Train Loss: [0.177, 0.066, 0.037, 0.026, 0.02, 0.018, 0.016, 0.014, 0.013, 0.011, 0.01, 0.009, 0.008, 0.006, 0.005, 0.004, 0.003, 0.002, 0.002, 0.002, 0.001, 0.001, 0.001, 0.001, 0.001, 0.0, 0.0, 0.0, 0.0, 0.0, 0.0, 0.0, 0.0, 0.0, 0.0, 0.0, 0.0, 0.0, 0.0, 0.0, 0.0, 0.0, 0.0, 0.0, 0.0, 0.0, 0.0, 0.0, 0.001, 0.003, 0.014, 0.016, 0.003, 0.001, 0.001, 0.0, 0.0, 0.0, 0.0, 0.0, 0.0, 0.0, 0.0, 0.0, 0.001, 0.0, 0.0, 0.0, 0.0, 0.0, 0.001, 0.0, 0.0, 0.0, 0.0, 0.0, 0.0, 0.0, 0.0, 0.0, 0.0, 0.0, 0.0, 0.0, 0.0, 0.0, 0.0, 0.0, 0.0, 0.0, 0.0, 0.0, 0.0, 0.0, 0.0, 0.0, 0.002, 0.0, 0.0, 0.0]
Max test score: 0.356 found at epoch: 48
Max test score shapes: 0.174 found at epoch: 13
Avg generalisation ratio: 1.098
Avg generalisation diff: -0.007