seed 0
percentFullySupervised 0.2
domainLossMultiplier 0.001
Active: Adjacencyloss True True 30 0.0001 False False 
Active: Relationsloss True 2 True 0.1 False True False 
Active: OneHotloss True 20 
Active: Smoothnessloss True 100 
Active: MinSizeShapesloss True 1 0.5 0.0035 0.015 
Active: MaxSizeShapesloss True 1 0.98 0.2 0.42 

Test Scores: [0.25, 0.213, 0.268, 0.23, 0.217, 0.217, 0.228, 0.294, 0.274, 0.318, 0.327, 0.322, 0.346, 0.352, 0.357, 0.326, 0.362, 0.358, 0.334, 0.333, 0.327, 0.312, 0.328, 0.331, 0.333, 0.33, 0.328, 0.342, 0.332, 0.341, 0.349, 0.366, 0.354, 0.356, 0.362, 0.367, 0.335, 0.351, 0.343, 0.342, 0.317, 0.333, 0.268, 0.249, 0.255, 0.28, 0.297, 0.288, 0.308, 0.295, 0.287, 0.294, 0.296, 0.292, 0.285, 0.277, 0.251, 0.229, 0.237, 0.258, 0.279, 0.278, 0.287, 0.283, 0.303, 0.302, 0.292, 0.284, 0.277, 0.284, 0.288, 0.303, 0.297, 0.321, 0.317, 0.314, 0.29, 0.251, 0.25, 0.248, 0.25, 0.269, 0.274, 0.29, 0.318, 0.316, 0.304, 0.312, 0.284, 0.312, 0.325, 0.321, 0.278, 0.257, 0.25, 0.23, 0.222, 0.234, 0.223, 0.238]
Test Scores w/o background: [0.125, 0.092, 0.133, 0.108, 0.102, 0.105, 0.108, 0.179, 0.137, 0.175, 0.183, 0.168, 0.174, 0.178, 0.169, 0.155, 0.17, 0.166, 0.148, 0.145, 0.142, 0.131, 0.132, 0.146, 0.147, 0.141, 0.144, 0.149, 0.149, 0.153, 0.159, 0.163, 0.161, 0.16, 0.169, 0.173, 0.158, 0.164, 0.157, 0.154, 0.146, 0.143, 0.104, 0.07, 0.07, 0.099, 0.099, 0.101, 0.119, 0.105, 0.103, 0.111, 0.112, 0.114, 0.105, 0.096, 0.081, 0.068, 0.082, 0.082, 0.086, 0.098, 0.112, 0.121, 0.123, 0.124, 0.116, 0.104, 0.102, 0.108, 0.111, 0.124, 0.129, 0.138, 0.134, 0.13, 0.109, 0.075, 0.066, 0.076, 0.093, 0.091, 0.094, 0.105, 0.124, 0.129, 0.105, 0.116, 0.089, 0.118, 0.123, 0.122, 0.094, 0.078, 0.056, 0.033, 0.043, 0.029, 0.042, 0.021]
Train Scores: [0.254, 0.199, 0.259, 0.203, 0.205, 0.209, 0.219, 0.328, 0.281, 0.31, 0.348, 0.343, 0.362, 0.367, 0.383, 0.355, 0.393, 0.383, 0.353, 0.348, 0.33, 0.302, 0.326, 0.333, 0.351, 0.344, 0.353, 0.356, 0.339, 0.348, 0.356, 0.363, 0.349, 0.354, 0.378, 0.389, 0.342, 0.367, 0.365, 0.369, 0.336, 0.357, 0.304, 0.273, 0.274, 0.301, 0.308, 0.274, 0.31, 0.304, 0.305, 0.305, 0.303, 0.297, 0.291, 0.284, 0.244, 0.218, 0.224, 0.247, 0.274, 0.281, 0.312, 0.32, 0.341, 0.325, 0.301, 0.294, 0.29, 0.286, 0.292, 0.297, 0.298, 0.336, 0.347, 0.354, 0.309, 0.274, 0.277, 0.278, 0.263, 0.291, 0.291, 0.309, 0.316, 0.321, 0.308, 0.292, 0.261, 0.292, 0.303, 0.339, 0.294, 0.268, 0.256, 0.234, 0.227, 0.239, 0.232, 0.247]
Train Scores w/o background: [0.126, 0.086, 0.127, 0.09, 0.094, 0.098, 0.1, 0.218, 0.138, 0.164, 0.197, 0.178, 0.178, 0.181, 0.174, 0.158, 0.18, 0.177, 0.152, 0.145, 0.131, 0.117, 0.126, 0.135, 0.156, 0.141, 0.159, 0.152, 0.141, 0.145, 0.145, 0.14, 0.13, 0.128, 0.161, 0.178, 0.148, 0.161, 0.159, 0.162, 0.143, 0.15, 0.113, 0.075, 0.077, 0.112, 0.102, 0.094, 0.116, 0.111, 0.112, 0.118, 0.117, 0.104, 0.095, 0.085, 0.061, 0.047, 0.062, 0.061, 0.069, 0.09, 0.12, 0.137, 0.142, 0.133, 0.116, 0.106, 0.108, 0.105, 0.109, 0.116, 0.132, 0.148, 0.152, 0.159, 0.124, 0.09, 0.081, 0.099, 0.107, 0.112, 0.111, 0.124, 0.123, 0.126, 0.11, 0.106, 0.084, 0.107, 0.105, 0.126, 0.096, 0.077, 0.052, 0.022, 0.03, 0.015, 0.033, 0.014]
Train Loss: [0.143, 0.055, 0.036, 0.024, 0.019, 0.016, 0.014, 0.013, 0.012, 0.011, 0.01, 0.009, 0.008, 0.007, 0.006, 0.005, 0.004, 0.003, 0.002, 0.002, 0.001, 0.001, 0.001, 0.001, 0.001, 0.001, 0.0, 0.0, 0.0, 0.0, 0.0, 0.0, 0.0, 0.0, 0.0, 0.001, 0.0, 0.0, 0.0, 0.0, 0.001, 0.0, 0.0, 0.0, 0.0, 0.0, 0.0, 0.0, 0.0, 0.0, 0.0, 0.0, 0.0, 0.0, 0.0, 0.0, 0.0, 0.0, 0.0, 0.0, 0.0, 0.0, 0.0, 0.0, 0.0, 0.0, 0.0, 0.0, 0.0, 0.0, 0.0, 0.0, 0.0, 0.004, 0.0, 0.0, 0.0, 0.0, 0.0, 0.0, 0.0, 0.001, 0.0, 0.0, 0.0, 0.0, 0.0, 0.0, 0.0, 0.001, 0.0, 0.0, 0.0, 0.0, 0.0, 0.0, 0.0, 0.0, 0.0, 0.001]
Max test score: 0.367 found at epoch: 36
Max test score shapes: 0.183 found at epoch: 11
Avg generalisation ratio: 1.037
Avg generalisation diff: -0.0