seed 42
percentFullySupervised 0.2
domainLossMultiplier 0.001
Active: Adjacencyloss True True 30 0.0001 False False 
Active: Relationsloss True 2 True 0.1 False True False 
Active: OneHotloss True 20 
Active: Smoothnessloss True 100 
Active: MinSizeShapesloss True 1 0.5 0.0035 0.015 
Active: MaxSizeShapesloss True 1 0.98 0.2 0.42 

Test Scores: [0.159, 0.207, 0.229, 0.263, 0.314, 0.326, 0.319, 0.332, 0.317, 0.318, 0.316, 0.285, 0.272, 0.287, 0.321, 0.327, 0.332, 0.33, 0.319, 0.314, 0.322, 0.297, 0.319, 0.303, 0.31, 0.314, 0.321, 0.32, 0.328, 0.32, 0.313, 0.314, 0.311, 0.315, 0.335, 0.326, 0.308, 0.316, 0.309, 0.327, 0.307, 0.29, 0.296, 0.292, 0.326, 0.329, 0.335, 0.315, 0.295, 0.297, 0.311, 0.288, 0.29, 0.306, 0.313, 0.335, 0.324, 0.314, 0.335, 0.34, 0.326, 0.324, 0.307, 0.274, 0.29, 0.289, 0.283, 0.308, 0.327, 0.323, 0.336, 0.335, 0.322, 0.333, 0.327, 0.337, 0.337, 0.335, 0.333, 0.351, 0.363, 0.346, 0.338, 0.332, 0.339, 0.324, 0.306, 0.288, 0.283, 0.276, 0.273, 0.27, 0.274, 0.283, 0.276, 0.282, 0.273, 0.278, 0.269, 0.264]
Test Scores w/o background: [0.111, 0.114, 0.095, 0.08, 0.09, 0.094, 0.086, 0.126, 0.086, 0.105, 0.12, 0.121, 0.125, 0.131, 0.159, 0.15, 0.149, 0.152, 0.153, 0.153, 0.146, 0.12, 0.143, 0.139, 0.142, 0.146, 0.147, 0.142, 0.148, 0.146, 0.14, 0.141, 0.142, 0.144, 0.149, 0.149, 0.141, 0.144, 0.141, 0.145, 0.139, 0.138, 0.133, 0.134, 0.154, 0.156, 0.153, 0.149, 0.128, 0.129, 0.135, 0.13, 0.129, 0.131, 0.136, 0.149, 0.141, 0.138, 0.151, 0.154, 0.149, 0.15, 0.139, 0.119, 0.131, 0.108, 0.117, 0.132, 0.147, 0.148, 0.147, 0.153, 0.149, 0.131, 0.143, 0.143, 0.149, 0.148, 0.151, 0.155, 0.156, 0.16, 0.159, 0.151, 0.157, 0.146, 0.125, 0.113, 0.096, 0.093, 0.099, 0.102, 0.113, 0.108, 0.102, 0.107, 0.115, 0.108, 0.103, 0.096]
Train Scores: [0.155, 0.202, 0.205, 0.261, 0.339, 0.354, 0.351, 0.361, 0.345, 0.348, 0.35, 0.311, 0.302, 0.316, 0.324, 0.324, 0.353, 0.372, 0.364, 0.343, 0.322, 0.272, 0.31, 0.29, 0.3, 0.31, 0.308, 0.297, 0.298, 0.293, 0.3, 0.329, 0.313, 0.326, 0.358, 0.343, 0.332, 0.336, 0.333, 0.347, 0.314, 0.298, 0.322, 0.304, 0.323, 0.333, 0.334, 0.31, 0.283, 0.299, 0.321, 0.277, 0.288, 0.314, 0.333, 0.347, 0.328, 0.319, 0.351, 0.359, 0.343, 0.324, 0.336, 0.285, 0.306, 0.299, 0.292, 0.302, 0.321, 0.317, 0.347, 0.346, 0.316, 0.352, 0.331, 0.348, 0.36, 0.366, 0.354, 0.362, 0.386, 0.367, 0.338, 0.357, 0.339, 0.321, 0.301, 0.266, 0.283, 0.251, 0.252, 0.256, 0.277, 0.294, 0.29, 0.299, 0.288, 0.287, 0.269, 0.265]
Train Scores w/o background: [0.101, 0.11, 0.078, 0.077, 0.106, 0.111, 0.109, 0.147, 0.098, 0.122, 0.135, 0.126, 0.14, 0.132, 0.141, 0.147, 0.163, 0.177, 0.167, 0.154, 0.137, 0.112, 0.134, 0.121, 0.125, 0.132, 0.132, 0.122, 0.121, 0.12, 0.124, 0.147, 0.139, 0.143, 0.16, 0.152, 0.146, 0.153, 0.152, 0.162, 0.139, 0.138, 0.141, 0.129, 0.137, 0.156, 0.155, 0.142, 0.118, 0.13, 0.139, 0.12, 0.124, 0.135, 0.151, 0.154, 0.14, 0.138, 0.156, 0.16, 0.154, 0.14, 0.155, 0.119, 0.131, 0.114, 0.126, 0.135, 0.138, 0.134, 0.145, 0.15, 0.134, 0.138, 0.139, 0.142, 0.162, 0.166, 0.157, 0.158, 0.172, 0.174, 0.152, 0.166, 0.152, 0.145, 0.131, 0.107, 0.101, 0.076, 0.083, 0.09, 0.111, 0.106, 0.103, 0.112, 0.119, 0.108, 0.098, 0.091]
Train Loss: [0.162, 0.061, 0.04, 0.028, 0.022, 0.018, 0.016, 0.014, 0.013, 0.011, 0.01, 0.009, 0.007, 0.006, 0.005, 0.004, 0.004, 0.003, 0.002, 0.002, 0.002, 0.001, 0.001, 0.001, 0.001, 0.001, 0.001, 0.0, 0.001, 0.001, 0.0, 0.0, 0.0, 0.0, 0.0, 0.0, 0.0, 0.0, 0.0, 0.0, 0.001, 0.0, 0.001, 0.0, 0.0, 0.0, 0.0, 0.0, 0.002, 0.0, 0.0, 0.0, 0.0, 0.0, 0.0, 0.0, 0.0, 0.0, 0.0, 0.001, 0.0, 0.0, 0.001, 0.0, 0.0, 0.002, 0.0, 0.0, 0.0, 0.0, 0.001, 0.001, 0.0, 0.0, 0.0, 0.0, 0.0, 0.0, 0.001, 0.0, 0.001, 0.0, 0.0, 0.0, 0.0, 0.0, 0.001, 0.002, 0.0, 0.0, 0.0, 0.0, 0.001, 0.0, 0.0, 0.0, 0.0, 0.0, 0.002, 0.001]
Max test score: 0.363 found at epoch: 81
Max test score shapes: 0.16 found at epoch: 82
Avg generalisation ratio: 1.004
Avg generalisation diff: 0.0