seed 100
percentFullySupervised 0.2
domainLossMultiplier 0.001
Active: Adjacencyloss True True 30 0.0001 False False 
Active: Relationsloss True 2 True 0.1 False True False 
Active: OneHotloss True 20 
Active: Smoothnessloss True 100 
Active: MinSizeShapesloss True 1 0.5 0.0035 0.015 
Active: MaxSizeShapesloss True 1 0.98 0.2 0.42 

Test Scores: [0.125, 0.149, 0.27, 0.262, 0.242, 0.233, 0.233, 0.242, 0.248, 0.242, 0.258, 0.269, 0.301, 0.29, 0.32, 0.331, 0.358, 0.338, 0.363, 0.344, 0.329, 0.334, 0.334, 0.373, 0.32, 0.38, 0.333, 0.351, 0.361, 0.356, 0.342, 0.355, 0.378, 0.371, 0.375, 0.377, 0.38, 0.363, 0.351, 0.371, 0.357, 0.363, 0.345, 0.348, 0.362, 0.365, 0.379, 0.377, 0.374, 0.387, 0.359, 0.34, 0.339, 0.343, 0.358, 0.324, 0.342, 0.324, 0.326, 0.34, 0.368, 0.355, 0.352, 0.354, 0.385, 0.377, 0.376, 0.371, 0.375, 0.346, 0.393, 0.361, 0.392, 0.338, 0.337, 0.316, 0.305, 0.31, 0.338, 0.365, 0.377, 0.377, 0.384, 0.394, 0.381, 0.369, 0.368, 0.355, 0.349, 0.36, 0.358, 0.349, 0.33, 0.344, 0.372, 0.367, 0.365, 0.338, 0.289, 0.244]
Test Scores w/o background: [0.026, 0.039, 0.127, 0.134, 0.133, 0.135, 0.134, 0.14, 0.15, 0.145, 0.133, 0.136, 0.152, 0.145, 0.161, 0.159, 0.184, 0.172, 0.181, 0.176, 0.144, 0.147, 0.136, 0.195, 0.154, 0.201, 0.164, 0.165, 0.186, 0.161, 0.172, 0.181, 0.211, 0.208, 0.216, 0.192, 0.203, 0.172, 0.188, 0.209, 0.213, 0.193, 0.189, 0.178, 0.193, 0.195, 0.198, 0.212, 0.201, 0.208, 0.194, 0.179, 0.174, 0.176, 0.184, 0.171, 0.165, 0.154, 0.145, 0.157, 0.175, 0.17, 0.171, 0.172, 0.204, 0.23, 0.205, 0.207, 0.213, 0.208, 0.223, 0.211, 0.213, 0.172, 0.148, 0.147, 0.123, 0.132, 0.165, 0.18, 0.204, 0.202, 0.195, 0.214, 0.202, 0.196, 0.179, 0.172, 0.155, 0.185, 0.179, 0.167, 0.171, 0.171, 0.208, 0.204, 0.203, 0.178, 0.135, 0.05]
Train Scores: [0.139, 0.139, 0.259, 0.262, 0.223, 0.242, 0.244, 0.246, 0.237, 0.239, 0.256, 0.274, 0.302, 0.297, 0.323, 0.342, 0.372, 0.338, 0.366, 0.338, 0.321, 0.321, 0.336, 0.375, 0.342, 0.363, 0.361, 0.358, 0.351, 0.345, 0.323, 0.335, 0.36, 0.352, 0.357, 0.39, 0.378, 0.377, 0.367, 0.375, 0.361, 0.402, 0.381, 0.372, 0.372, 0.373, 0.391, 0.376, 0.382, 0.392, 0.358, 0.332, 0.323, 0.324, 0.343, 0.314, 0.337, 0.318, 0.318, 0.359, 0.389, 0.379, 0.382, 0.384, 0.403, 0.424, 0.442, 0.435, 0.424, 0.357, 0.411, 0.368, 0.427, 0.373, 0.377, 0.346, 0.344, 0.337, 0.355, 0.386, 0.4, 0.375, 0.378, 0.394, 0.401, 0.394, 0.403, 0.386, 0.37, 0.387, 0.39, 0.366, 0.362, 0.402, 0.414, 0.379, 0.383, 0.338, 0.309, 0.258]
Train Scores w/o background: [0.022, 0.028, 0.113, 0.143, 0.132, 0.15, 0.15, 0.151, 0.143, 0.139, 0.137, 0.142, 0.138, 0.138, 0.142, 0.15, 0.177, 0.143, 0.161, 0.144, 0.116, 0.115, 0.12, 0.173, 0.145, 0.146, 0.16, 0.151, 0.144, 0.128, 0.114, 0.136, 0.15, 0.146, 0.155, 0.185, 0.171, 0.17, 0.177, 0.188, 0.192, 0.221, 0.197, 0.17, 0.175, 0.175, 0.188, 0.188, 0.192, 0.194, 0.173, 0.149, 0.144, 0.134, 0.142, 0.138, 0.136, 0.122, 0.11, 0.157, 0.184, 0.181, 0.185, 0.186, 0.203, 0.257, 0.258, 0.259, 0.251, 0.193, 0.222, 0.19, 0.238, 0.196, 0.182, 0.174, 0.156, 0.153, 0.165, 0.184, 0.208, 0.168, 0.16, 0.196, 0.204, 0.217, 0.223, 0.201, 0.167, 0.207, 0.205, 0.169, 0.19, 0.214, 0.229, 0.186, 0.188, 0.15, 0.137, 0.04]
Train Loss: [0.211, 0.08, 0.048, 0.032, 0.025, 0.021, 0.018, 0.017, 0.016, 0.015, 0.014, 0.013, 0.012, 0.011, 0.01, 0.009, 0.008, 0.007, 0.006, 0.005, 0.004, 0.003, 0.002, 0.002, 0.002, 0.001, 0.001, 0.001, 0.001, 0.0, 0.0, 0.0, 0.0, 0.0, 0.0, 0.0, 0.0, 0.0, 0.0, 0.0, 0.0, 0.0, 0.0, 0.0, 0.0, 0.0, 0.0, 0.0, 0.0, 0.0, 0.0, 0.0, 0.0, 0.0, 0.0, 0.0, 0.0, 0.0, 0.001, 0.001, 0.0, 0.0, 0.001, 0.0, 0.001, 0.0, 0.001, 0.0, 0.0, 0.0, 0.0, 0.0, 0.0, 0.0, 0.0, 0.0, 0.0, 0.0, 0.0, 0.0, 0.0, 0.0, 0.0, 0.0, 0.0, 0.0, 0.0, 0.0, 0.0, 0.0, 0.0, 0.0, 0.0, 0.0, 0.0, 0.002, 0.0, 0.0, 0.0, 0.0]
Max test score: 0.394 found at epoch: 84
Max test score shapes: 0.23 found at epoch: 66
Avg generalisation ratio: 1.066
Avg generalisation diff: -0.007