logic loss multiplier: 0.01
Active: Scribblesloss True 1 

Test Scores: [0.126, 0.228, 0.284, 0.315, 0.342, 0.405, 0.515, 0.498, 0.54, 0.573, 0.598, 0.606, 0.569, 0.643, 0.672, 0.682, 0.651, 0.726, 0.765, 0.726, 0.765, 0.748, 0.8, 0.769, 0.774, 0.828, 0.783, 0.805, 0.826, 0.777, 0.85, 0.808, 0.797, 0.825, 0.837, 0.802, 0.819, 0.82, 0.8, 0.778, 0.848, 0.858, 0.845, 0.813, 0.823, 0.862, 0.839, 0.808, 0.76, 0.825, 0.828, 0.887, 0.867, 0.808, 0.854, 0.869, 0.808, 0.811, 0.783, 0.814, 0.802, 0.861, 0.811, 0.806, 0.839, 0.814, 0.835, 0.837, 0.827, 0.849, 0.84, 0.851, 0.806, 0.822, 0.853, 0.852, 0.854, 0.827, 0.858, 0.815, 0.852, 0.815, 0.822, 0.796, 0.841, 0.809, 0.835, 0.854, 0.824, 0.79, 0.793, 0.834, 0.878, 0.833, 0.773, 0.834, 0.832, 0.844, 0.847, 0.801, 0.833, 0.836, 0.867, 0.832, 0.829, 0.808, 0.821, 0.849, 0.886, 0.789, 0.8, 0.839, 0.831, 0.844, 0.87, 0.824, 0.75, 0.787, 0.844, 0.875]
Test Scores w/o background: [0.043, 0.092, 0.121, 0.144, 0.164, 0.229, 0.365, 0.339, 0.395, 0.438, 0.471, 0.481, 0.43, 0.529, 0.567, 0.58, 0.538, 0.638, 0.689, 0.637, 0.689, 0.666, 0.735, 0.693, 0.701, 0.773, 0.712, 0.741, 0.77, 0.704, 0.801, 0.745, 0.73, 0.767, 0.783, 0.736, 0.76, 0.761, 0.735, 0.705, 0.798, 0.812, 0.794, 0.751, 0.765, 0.816, 0.786, 0.745, 0.681, 0.767, 0.772, 0.85, 0.823, 0.744, 0.806, 0.825, 0.745, 0.748, 0.711, 0.753, 0.736, 0.815, 0.749, 0.742, 0.786, 0.753, 0.78, 0.783, 0.77, 0.799, 0.787, 0.802, 0.742, 0.763, 0.805, 0.803, 0.806, 0.771, 0.812, 0.753, 0.803, 0.754, 0.763, 0.729, 0.789, 0.745, 0.781, 0.806, 0.765, 0.721, 0.724, 0.779, 0.838, 0.777, 0.698, 0.779, 0.776, 0.792, 0.796, 0.736, 0.777, 0.782, 0.823, 0.777, 0.772, 0.745, 0.762, 0.8, 0.849, 0.719, 0.734, 0.785, 0.775, 0.793, 0.827, 0.766, 0.667, 0.716, 0.793, 0.835]
Train Scores: [0.132, 0.236, 0.301, 0.339, 0.39, 0.483, 0.612, 0.611, 0.652, 0.698, 0.725, 0.75, 0.734, 0.777, 0.783, 0.811, 0.807, 0.841, 0.867, 0.864, 0.88, 0.886, 0.898, 0.903, 0.904, 0.892, 0.917, 0.928, 0.93, 0.925, 0.939, 0.935, 0.933, 0.934, 0.943, 0.937, 0.94, 0.941, 0.944, 0.935, 0.946, 0.952, 0.955, 0.948, 0.949, 0.962, 0.958, 0.922, 0.945, 0.95, 0.956, 0.962, 0.961, 0.96, 0.968, 0.967, 0.96, 0.963, 0.961, 0.956, 0.953, 0.957, 0.953, 0.957, 0.959, 0.961, 0.956, 0.964, 0.949, 0.964, 0.964, 0.962, 0.959, 0.957, 0.965, 0.968, 0.964, 0.954, 0.966, 0.965, 0.965, 0.954, 0.961, 0.962, 0.945, 0.963, 0.963, 0.971, 0.963, 0.954, 0.955, 0.967, 0.97, 0.969, 0.955, 0.965, 0.972, 0.968, 0.964, 0.962, 0.968, 0.968, 0.972, 0.965, 0.967, 0.963, 0.962, 0.968, 0.976, 0.965, 0.956, 0.972, 0.973, 0.974, 0.974, 0.958, 0.946, 0.943, 0.972, 0.979]
Train Scores w/o background: [0.045, 0.099, 0.143, 0.177, 0.228, 0.333, 0.494, 0.491, 0.545, 0.605, 0.64, 0.672, 0.651, 0.707, 0.715, 0.752, 0.746, 0.791, 0.825, 0.821, 0.843, 0.849, 0.865, 0.872, 0.874, 0.857, 0.89, 0.905, 0.908, 0.901, 0.92, 0.914, 0.912, 0.913, 0.925, 0.917, 0.921, 0.922, 0.926, 0.915, 0.929, 0.937, 0.94, 0.931, 0.933, 0.95, 0.944, 0.897, 0.928, 0.934, 0.941, 0.95, 0.948, 0.947, 0.958, 0.956, 0.948, 0.951, 0.948, 0.941, 0.937, 0.944, 0.938, 0.943, 0.945, 0.949, 0.942, 0.952, 0.932, 0.953, 0.953, 0.949, 0.946, 0.943, 0.954, 0.958, 0.953, 0.939, 0.956, 0.954, 0.954, 0.94, 0.949, 0.95, 0.927, 0.951, 0.95, 0.962, 0.951, 0.94, 0.94, 0.956, 0.961, 0.959, 0.941, 0.953, 0.962, 0.958, 0.952, 0.95, 0.957, 0.958, 0.964, 0.954, 0.956, 0.95, 0.95, 0.958, 0.968, 0.954, 0.942, 0.962, 0.965, 0.966, 0.966, 0.944, 0.928, 0.924, 0.963, 0.973]
Train Loss: [3.545, 3.136, 2.738, 2.416, 2.192, 2.019, 1.895, 1.801, 1.771, 1.686, 1.627, 1.574, 1.521, 1.465, 1.411, 1.357, 1.305, 1.253, 1.207, 1.159, 1.118, 1.074, 1.038, 0.999, 0.964, 0.938, 0.911, 0.884, 0.865, 0.849, 0.837, 0.821, 0.81, 0.804, 0.796, 0.791, 0.788, 0.782, 0.777, 0.776, 0.772, 0.77, 0.768, 0.767, 0.767, 0.764, 0.766, 0.766, 0.763, 0.763, 0.762, 0.76, 0.758, 0.759, 0.758, 0.758, 0.759, 0.757, 0.759, 0.758, 0.757, 0.757, 0.758, 0.758, 0.757, 0.757, 0.756, 0.756, 0.758, 0.755, 0.756, 0.754, 0.756, 0.756, 0.756, 0.756, 0.755, 0.755, 0.755, 0.754, 0.754, 0.754, 0.754, 0.753, 0.753, 0.753, 0.751, 0.753, 0.752, 0.752, 0.751, 0.752, 0.752, 0.753, 0.753, 0.751, 0.752, 0.753, 0.753, 0.752, 0.752, 0.751, 0.752, 0.751, 0.752, 0.75, 0.751, 0.753, 0.752, 0.75, 0.75, 0.751, 0.75, 0.751, 0.75, 0.749, 0.75, 0.75, 0.752, 0.751]
Test Loss: [124.582, 97.106, 76.228, 74.863, 91.736, 95.236, 101.983, 90.594, 107.054, 93.334, 71.168, 51.595, 54.118, 57.496, 58.678, 61.436, 47.513, 43.077, 40.831, 55.029, 44.245, 46.057, 27.963, 37.946, 35.183, 46.914, 28.229, 50.111, 35.145, 47.301, 48.184, 36.914, 50.157, 48.495, 38.623, 59.53, 69.298, 51.667, 44.861, 67.929, 53.926, 50.884, 44.385, 68.554, 71.12, 59.797, 69.993, 75.106, 72.03, 78.742, 71.335, 76.096, 56.335, 93.39, 84.928, 80.766, 103.748, 94.256, 92.38, 86.253, 99.34, 71.351, 64.441, 91.094, 84.812, 88.044, 88.98, 86.894, 84.411, 97.511, 102.477, 93.9, 93.838, 115.033, 97.186, 102.51, 93.845, 100.249, 84.296, 91.67, 88.95, 84.997, 102.669, 106.032, 107.394, 94.324, 88.13, 101.625, 102.841, 91.103, 102.595, 102.519, 90.177, 99.645, 117.42, 99.87, 101.105, 109.023, 97.32, 107.921, 107.844, 98.62, 105.872, 104.197, 110.412, 93.254, 88.524, 114.497, 95.169, 93.611, 122.286, 118.043, 89.132, 103.309, 95.703, 90.361, 108.393, 102.871, 103.428, 131.293]
Max test score: 0.887 found at epoch: 52
Max test score shapes: 0.85 found at epoch: 52
