logic loss multiplier: 0.01
Active: Smoothnessloss True 100 

Test Scores: [0.229, 0.303, 0.339, 0.358, 0.434, 0.447, 0.489, 0.53, 0.574, 0.584, 0.642, 0.658, 0.611, 0.739, 0.733, 0.758, 0.726, 0.789, 0.771, 0.762, 0.765, 0.782, 0.697, 0.823, 0.795, 0.778, 0.82, 0.801, 0.821, 0.786, 0.808, 0.757, 0.851, 0.799, 0.82, 0.847, 0.786, 0.897, 0.761, 0.833, 0.836, 0.778, 0.831, 0.836, 0.785, 0.876, 0.845, 0.826, 0.838, 0.873, 0.872, 0.873, 0.838, 0.78, 0.824, 0.813, 0.828, 0.856, 0.812, 0.846, 0.822, 0.84, 0.772, 0.818, 0.799, 0.885, 0.811, 0.867, 0.798, 0.864, 0.885, 0.867, 0.82, 0.854, 0.814, 0.842, 0.841, 0.859, 0.816, 0.824, 0.778, 0.87, 0.815, 0.819, 0.886, 0.844, 0.831, 0.85, 0.844, 0.849, 0.851, 0.815, 0.868, 0.811, 0.815, 0.851, 0.84, 0.842, 0.859, 0.76, 0.885, 0.864, 0.883, 0.876, 0.89, 0.872, 0.815, 0.807, 0.841, 0.852, 0.818, 0.846, 0.88, 0.892, 0.886, 0.818, 0.831, 0.839, 0.854, 0.869]
Test Scores w/o background: [0.052, 0.11, 0.146, 0.165, 0.262, 0.275, 0.326, 0.378, 0.437, 0.45, 0.526, 0.547, 0.483, 0.654, 0.646, 0.678, 0.635, 0.72, 0.696, 0.684, 0.688, 0.71, 0.597, 0.764, 0.727, 0.705, 0.761, 0.735, 0.762, 0.715, 0.744, 0.676, 0.801, 0.733, 0.76, 0.796, 0.715, 0.864, 0.682, 0.778, 0.781, 0.704, 0.775, 0.782, 0.714, 0.835, 0.794, 0.768, 0.785, 0.832, 0.83, 0.832, 0.785, 0.708, 0.766, 0.751, 0.771, 0.809, 0.75, 0.795, 0.763, 0.787, 0.697, 0.757, 0.733, 0.847, 0.749, 0.824, 0.731, 0.819, 0.847, 0.823, 0.76, 0.806, 0.752, 0.789, 0.789, 0.812, 0.755, 0.766, 0.704, 0.827, 0.754, 0.759, 0.849, 0.793, 0.775, 0.801, 0.792, 0.8, 0.802, 0.754, 0.825, 0.748, 0.754, 0.802, 0.788, 0.789, 0.812, 0.681, 0.847, 0.82, 0.845, 0.835, 0.853, 0.83, 0.754, 0.743, 0.788, 0.803, 0.757, 0.796, 0.84, 0.856, 0.849, 0.758, 0.776, 0.786, 0.805, 0.825]
Train Scores: [0.235, 0.321, 0.348, 0.401, 0.467, 0.521, 0.577, 0.637, 0.699, 0.711, 0.768, 0.814, 0.78, 0.851, 0.836, 0.868, 0.838, 0.866, 0.904, 0.899, 0.895, 0.922, 0.862, 0.907, 0.92, 0.912, 0.914, 0.905, 0.936, 0.862, 0.916, 0.855, 0.927, 0.905, 0.934, 0.936, 0.925, 0.947, 0.913, 0.918, 0.948, 0.914, 0.937, 0.937, 0.907, 0.949, 0.927, 0.937, 0.942, 0.944, 0.949, 0.94, 0.917, 0.889, 0.949, 0.947, 0.933, 0.939, 0.943, 0.955, 0.935, 0.932, 0.909, 0.934, 0.941, 0.957, 0.936, 0.948, 0.928, 0.966, 0.958, 0.946, 0.938, 0.957, 0.944, 0.95, 0.936, 0.952, 0.95, 0.951, 0.918, 0.949, 0.95, 0.955, 0.957, 0.957, 0.96, 0.953, 0.952, 0.936, 0.939, 0.936, 0.952, 0.925, 0.941, 0.959, 0.948, 0.961, 0.962, 0.907, 0.961, 0.955, 0.967, 0.955, 0.963, 0.961, 0.955, 0.931, 0.963, 0.959, 0.939, 0.964, 0.959, 0.957, 0.963, 0.964, 0.957, 0.939, 0.964, 0.967]
Train Scores w/o background: [0.06, 0.135, 0.157, 0.222, 0.306, 0.373, 0.443, 0.521, 0.603, 0.618, 0.694, 0.754, 0.708, 0.803, 0.783, 0.825, 0.785, 0.822, 0.873, 0.866, 0.86, 0.897, 0.817, 0.877, 0.893, 0.883, 0.886, 0.874, 0.916, 0.817, 0.888, 0.807, 0.904, 0.874, 0.913, 0.915, 0.9, 0.93, 0.885, 0.892, 0.931, 0.886, 0.916, 0.916, 0.877, 0.933, 0.904, 0.916, 0.924, 0.926, 0.932, 0.921, 0.889, 0.853, 0.933, 0.929, 0.911, 0.919, 0.924, 0.941, 0.913, 0.91, 0.88, 0.913, 0.922, 0.944, 0.915, 0.93, 0.905, 0.955, 0.944, 0.928, 0.917, 0.943, 0.926, 0.934, 0.915, 0.936, 0.933, 0.935, 0.89, 0.932, 0.933, 0.94, 0.943, 0.943, 0.948, 0.937, 0.936, 0.915, 0.919, 0.915, 0.937, 0.901, 0.922, 0.945, 0.932, 0.948, 0.95, 0.876, 0.949, 0.94, 0.956, 0.941, 0.951, 0.948, 0.941, 0.908, 0.951, 0.945, 0.919, 0.952, 0.945, 0.943, 0.951, 0.952, 0.943, 0.919, 0.953, 0.957]
Train Loss: [2.326, 2.166, 2.086, 2.019, 1.946, 1.869, 1.8, 1.737, 1.671, 1.604, 1.542, 1.477, 1.412, 1.346, 1.281, 1.219, 1.157, 1.1, 1.049, 1.002, 0.96, 0.923, 0.892, 0.866, 0.842, 0.824, 0.809, 0.797, 0.787, 0.779, 0.774, 0.769, 0.765, 0.762, 0.759, 0.758, 0.756, 0.754, 0.754, 0.753, 0.752, 0.751, 0.751, 0.751, 0.75, 0.75, 0.75, 0.749, 0.75, 0.749, 0.749, 0.749, 0.749, 0.749, 0.748, 0.748, 0.748, 0.748, 0.748, 0.748, 0.748, 0.748, 0.748, 0.748, 0.748, 0.748, 0.747, 0.748, 0.747, 0.747, 0.747, 0.747, 0.747, 0.747, 0.747, 0.747, 0.747, 0.747, 0.747, 0.747, 0.747, 0.747, 0.747, 0.747, 0.747, 0.747, 0.746, 0.746, 0.747, 0.746, 0.746, 0.746, 0.746, 0.746, 0.746, 0.746, 0.746, 0.746, 0.746, 0.747, 0.746, 0.746, 0.746, 0.746, 0.746, 0.746, 0.746, 0.745, 0.746, 0.746, 0.745, 0.746, 0.745, 0.746, 0.746, 0.746, 0.746, 0.746, 0.746, 0.746]
Test Loss: [10.363, 10.87, 11.29, 11.644, 11.934, 12.122, 12.104, 12.063, 11.879, 11.514, 11.004, 10.277, 9.373, 8.352, 7.253, 6.156, 5.116, 4.174, 3.366, 2.684, 2.116, 1.656, 1.286, 1.001, 0.773, 0.596, 0.462, 0.358, 0.277, 0.216, 0.168, 0.132, 0.104, 0.082, 0.064, 0.051, 0.041, 0.033, 0.027, 0.022, 0.018, 0.017, 0.013, 0.011, 0.009, 0.009, 0.008, 0.007, 0.008, 0.005, 0.005, 0.006, 0.005, 0.005, 0.005, 0.005, 0.005, 0.004, 0.005, 0.005, 0.004, 0.004, 0.004, 0.004, 0.004, 0.004, 0.004, 0.004, 0.004, 0.004, 0.003, 0.003, 0.004, 0.003, 0.003, 0.004, 0.003, 0.003, 0.003, 0.004, 0.003, 0.003, 0.003, 0.004, 0.003, 0.003, 0.002, 0.003, 0.003, 0.002, 0.003, 0.002, 0.003, 0.002, 0.002, 0.003, 0.003, 0.002, 0.002, 0.003, 0.003, 0.002, 0.002, 0.002, 0.003, 0.003, 0.003, 0.003, 0.003, 0.002, 0.002, 0.002, 0.003, 0.002, 0.002, 0.003, 0.003, 0.002, 0.002, 0.003]
Max test score: 0.897 found at epoch: 38
Max test score shapes: 0.864 found at epoch: 38
