logic loss multiplier: 0.01
Active: OneHotloss True 10 

Test Scores: [0.219, 0.287, 0.337, 0.362, 0.423, 0.452, 0.525, 0.56, 0.579, 0.624, 0.623, 0.698, 0.683, 0.729, 0.758, 0.744, 0.775, 0.807, 0.772, 0.817, 0.832, 0.83, 0.814, 0.816, 0.798, 0.822, 0.838, 0.819, 0.821, 0.804, 0.821, 0.804, 0.872, 0.807, 0.829, 0.804, 0.848, 0.813, 0.805, 0.815, 0.862, 0.875, 0.808, 0.822, 0.848, 0.874, 0.859, 0.839, 0.843, 0.8, 0.84, 0.877, 0.816, 0.849, 0.792, 0.819, 0.839, 0.875, 0.858, 0.799, 0.78, 0.879, 0.786, 0.861, 0.853, 0.857, 0.837, 0.878, 0.811, 0.864, 0.863, 0.834, 0.808, 0.857, 0.876, 0.894, 0.854, 0.82, 0.859, 0.813, 0.862, 0.835, 0.874, 0.837, 0.851, 0.804, 0.852, 0.847, 0.826, 0.843, 0.824, 0.871, 0.808, 0.87, 0.861, 0.834, 0.846, 0.852, 0.855, 0.788, 0.836, 0.866, 0.883, 0.877, 0.858, 0.844, 0.849, 0.851, 0.86, 0.826, 0.873, 0.826, 0.877, 0.848, 0.81, 0.891, 0.822, 0.881, 0.869, 0.879]
Test Scores w/o background: [0.044, 0.095, 0.148, 0.173, 0.245, 0.282, 0.375, 0.419, 0.443, 0.502, 0.501, 0.599, 0.579, 0.641, 0.679, 0.66, 0.701, 0.744, 0.696, 0.756, 0.776, 0.774, 0.753, 0.755, 0.732, 0.763, 0.784, 0.759, 0.762, 0.739, 0.762, 0.739, 0.83, 0.743, 0.773, 0.739, 0.798, 0.751, 0.741, 0.754, 0.816, 0.834, 0.744, 0.764, 0.798, 0.833, 0.813, 0.786, 0.792, 0.734, 0.787, 0.837, 0.755, 0.799, 0.724, 0.76, 0.785, 0.834, 0.812, 0.732, 0.707, 0.839, 0.716, 0.815, 0.804, 0.81, 0.783, 0.838, 0.749, 0.819, 0.817, 0.779, 0.744, 0.81, 0.836, 0.859, 0.806, 0.76, 0.812, 0.752, 0.816, 0.781, 0.832, 0.783, 0.801, 0.739, 0.804, 0.797, 0.769, 0.792, 0.765, 0.829, 0.744, 0.827, 0.815, 0.779, 0.795, 0.804, 0.807, 0.718, 0.782, 0.822, 0.845, 0.836, 0.811, 0.792, 0.799, 0.801, 0.814, 0.769, 0.831, 0.769, 0.836, 0.798, 0.747, 0.855, 0.764, 0.841, 0.826, 0.839]
Train Scores: [0.227, 0.297, 0.341, 0.396, 0.476, 0.528, 0.576, 0.634, 0.699, 0.743, 0.773, 0.832, 0.842, 0.861, 0.882, 0.85, 0.865, 0.886, 0.899, 0.904, 0.907, 0.914, 0.908, 0.907, 0.891, 0.914, 0.919, 0.906, 0.931, 0.912, 0.924, 0.921, 0.93, 0.912, 0.929, 0.926, 0.931, 0.943, 0.93, 0.907, 0.95, 0.946, 0.927, 0.942, 0.945, 0.942, 0.945, 0.916, 0.944, 0.93, 0.943, 0.945, 0.932, 0.951, 0.925, 0.95, 0.954, 0.954, 0.944, 0.92, 0.935, 0.951, 0.938, 0.958, 0.953, 0.923, 0.941, 0.963, 0.93, 0.956, 0.962, 0.939, 0.95, 0.956, 0.961, 0.966, 0.947, 0.952, 0.946, 0.961, 0.953, 0.93, 0.964, 0.953, 0.956, 0.955, 0.962, 0.963, 0.952, 0.957, 0.919, 0.962, 0.94, 0.966, 0.953, 0.963, 0.965, 0.964, 0.956, 0.94, 0.947, 0.961, 0.969, 0.968, 0.962, 0.958, 0.968, 0.955, 0.947, 0.933, 0.966, 0.961, 0.969, 0.957, 0.943, 0.962, 0.932, 0.97, 0.973, 0.971]
Train Scores w/o background: [0.054, 0.107, 0.154, 0.219, 0.317, 0.383, 0.443, 0.518, 0.603, 0.661, 0.701, 0.778, 0.791, 0.816, 0.845, 0.801, 0.821, 0.849, 0.866, 0.873, 0.877, 0.886, 0.878, 0.877, 0.855, 0.885, 0.893, 0.875, 0.908, 0.883, 0.899, 0.895, 0.907, 0.883, 0.906, 0.902, 0.909, 0.924, 0.907, 0.877, 0.934, 0.928, 0.904, 0.923, 0.927, 0.924, 0.928, 0.889, 0.925, 0.908, 0.924, 0.927, 0.909, 0.935, 0.901, 0.933, 0.939, 0.939, 0.926, 0.893, 0.914, 0.935, 0.917, 0.944, 0.938, 0.898, 0.922, 0.951, 0.907, 0.941, 0.949, 0.92, 0.934, 0.942, 0.949, 0.954, 0.929, 0.936, 0.929, 0.948, 0.938, 0.907, 0.952, 0.938, 0.942, 0.94, 0.949, 0.951, 0.936, 0.943, 0.893, 0.95, 0.92, 0.954, 0.938, 0.951, 0.953, 0.953, 0.942, 0.92, 0.929, 0.949, 0.959, 0.958, 0.949, 0.944, 0.958, 0.94, 0.929, 0.912, 0.955, 0.949, 0.959, 0.943, 0.924, 0.95, 0.91, 0.96, 0.964, 0.961]
Train Loss: [2.295, 2.123, 2.033, 1.956, 1.881, 1.801, 1.728, 1.665, 1.595, 1.528, 1.466, 1.405, 1.345, 1.284, 1.227, 1.172, 1.119, 1.07, 1.025, 0.986, 0.947, 0.915, 0.885, 0.861, 0.84, 0.824, 0.808, 0.797, 0.788, 0.78, 0.774, 0.77, 0.766, 0.763, 0.76, 0.758, 0.757, 0.755, 0.754, 0.753, 0.752, 0.752, 0.751, 0.751, 0.75, 0.75, 0.75, 0.75, 0.75, 0.75, 0.749, 0.749, 0.749, 0.749, 0.748, 0.748, 0.749, 0.748, 0.748, 0.748, 0.748, 0.748, 0.748, 0.748, 0.748, 0.748, 0.748, 0.748, 0.747, 0.747, 0.747, 0.747, 0.747, 0.747, 0.747, 0.747, 0.747, 0.747, 0.747, 0.747, 0.747, 0.747, 0.747, 0.747, 0.746, 0.746, 0.746, 0.746, 0.746, 0.746, 0.746, 0.746, 0.746, 0.746, 0.746, 0.746, 0.746, 0.746, 0.746, 0.746, 0.746, 0.746, 0.746, 0.746, 0.746, 0.746, 0.746, 0.746, 0.746, 0.746, 0.746, 0.746, 0.746, 0.746, 0.746, 0.746, 0.746, 0.746, 0.746, 0.746]
Test Loss: [7.402, 6.943, 6.663, 6.385, 6.072, 5.643, 5.244, 4.875, 4.471, 4.025, 3.575, 3.114, 2.665, 2.243, 1.85, 1.505, 1.211, 0.97, 0.77, 0.608, 0.48, 0.378, 0.297, 0.232, 0.186, 0.146, 0.117, 0.092, 0.077, 0.063, 0.052, 0.043, 0.037, 0.029, 0.025, 0.022, 0.019, 0.017, 0.015, 0.015, 0.014, 0.011, 0.011, 0.01, 0.011, 0.009, 0.008, 0.009, 0.008, 0.008, 0.008, 0.006, 0.006, 0.007, 0.007, 0.006, 0.007, 0.006, 0.005, 0.006, 0.007, 0.006, 0.005, 0.007, 0.006, 0.005, 0.005, 0.006, 0.005, 0.005, 0.005, 0.006, 0.006, 0.006, 0.004, 0.004, 0.005, 0.005, 0.005, 0.005, 0.005, 0.004, 0.005, 0.005, 0.004, 0.005, 0.004, 0.004, 0.006, 0.006, 0.005, 0.004, 0.005, 0.004, 0.004, 0.004, 0.005, 0.005, 0.005, 0.005, 0.006, 0.005, 0.005, 0.004, 0.004, 0.005, 0.004, 0.005, 0.004, 0.004, 0.004, 0.006, 0.005, 0.004, 0.005, 0.004, 0.004, 0.004, 0.005, 0.004]
Max test score: 0.894 found at epoch: 76
Max test score shapes: 0.859 found at epoch: 76
