logic loss multiplier: 0.05
Active: OneHotloss True 10 

Test Scores: [0.2, 0.241, 0.254, 0.308, 0.339, 0.33, 0.394, 0.441, 0.526, 0.52, 0.618, 0.627, 0.615, 0.735, 0.765, 0.685, 0.754, 0.821, 0.769, 0.663, 0.809, 0.839, 0.82, 0.82, 0.836, 0.793, 0.839, 0.78, 0.78, 0.775, 0.838, 0.838, 0.829, 0.835, 0.872, 0.855, 0.875, 0.881, 0.861, 0.831, 0.861, 0.874, 0.866, 0.86, 0.853, 0.866, 0.864, 0.874, 0.831, 0.843, 0.858, 0.879, 0.875, 0.855, 0.88, 0.885, 0.833, 0.894, 0.83, 0.866, 0.861, 0.879, 0.889, 0.881, 0.839, 0.88, 0.86, 0.88, 0.862, 0.869, 0.863, 0.895, 0.857, 0.884, 0.826, 0.887, 0.86, 0.835, 0.872, 0.861, 0.816, 0.882, 0.857, 0.85, 0.856, 0.87, 0.864, 0.849, 0.862, 0.842, 0.844, 0.875, 0.883, 0.87, 0.825, 0.835, 0.852, 0.89, 0.865, 0.861, 0.848, 0.864, 0.873, 0.857, 0.864, 0.854, 0.892, 0.876, 0.881, 0.859, 0.886, 0.899, 0.868, 0.883, 0.905, 0.887, 0.837, 0.876, 0.853, 0.877]
Test Scores w/o background: [0.045, 0.06, 0.088, 0.121, 0.16, 0.171, 0.218, 0.277, 0.391, 0.373, 0.498, 0.507, 0.491, 0.649, 0.688, 0.582, 0.673, 0.762, 0.693, 0.552, 0.747, 0.786, 0.761, 0.761, 0.782, 0.725, 0.786, 0.707, 0.708, 0.701, 0.785, 0.784, 0.773, 0.781, 0.83, 0.808, 0.834, 0.842, 0.815, 0.775, 0.815, 0.833, 0.822, 0.814, 0.804, 0.822, 0.819, 0.833, 0.775, 0.792, 0.811, 0.84, 0.834, 0.807, 0.841, 0.847, 0.778, 0.859, 0.774, 0.822, 0.815, 0.839, 0.853, 0.842, 0.785, 0.841, 0.814, 0.84, 0.816, 0.826, 0.818, 0.86, 0.81, 0.846, 0.768, 0.85, 0.813, 0.781, 0.83, 0.815, 0.756, 0.844, 0.81, 0.801, 0.809, 0.827, 0.819, 0.799, 0.816, 0.79, 0.793, 0.834, 0.844, 0.828, 0.767, 0.78, 0.803, 0.854, 0.82, 0.815, 0.798, 0.819, 0.831, 0.809, 0.818, 0.805, 0.857, 0.835, 0.842, 0.813, 0.848, 0.866, 0.825, 0.845, 0.873, 0.85, 0.783, 0.835, 0.805, 0.836]
Train Scores: [0.204, 0.248, 0.255, 0.322, 0.359, 0.351, 0.429, 0.492, 0.564, 0.593, 0.682, 0.737, 0.738, 0.811, 0.845, 0.821, 0.867, 0.872, 0.881, 0.813, 0.88, 0.906, 0.903, 0.883, 0.885, 0.883, 0.913, 0.849, 0.892, 0.882, 0.914, 0.906, 0.912, 0.903, 0.926, 0.916, 0.929, 0.94, 0.92, 0.905, 0.923, 0.933, 0.919, 0.931, 0.914, 0.933, 0.911, 0.937, 0.921, 0.932, 0.928, 0.947, 0.948, 0.925, 0.948, 0.934, 0.915, 0.936, 0.938, 0.95, 0.927, 0.941, 0.941, 0.929, 0.922, 0.934, 0.934, 0.944, 0.944, 0.947, 0.943, 0.951, 0.945, 0.942, 0.928, 0.957, 0.93, 0.932, 0.951, 0.943, 0.915, 0.933, 0.938, 0.951, 0.93, 0.949, 0.933, 0.937, 0.943, 0.926, 0.937, 0.949, 0.94, 0.952, 0.938, 0.921, 0.948, 0.952, 0.928, 0.943, 0.915, 0.948, 0.949, 0.956, 0.936, 0.946, 0.957, 0.95, 0.958, 0.951, 0.948, 0.964, 0.954, 0.955, 0.954, 0.958, 0.932, 0.944, 0.947, 0.953]
Train Scores w/o background: [0.049, 0.069, 0.088, 0.141, 0.187, 0.198, 0.265, 0.345, 0.441, 0.47, 0.584, 0.654, 0.654, 0.751, 0.795, 0.762, 0.823, 0.831, 0.842, 0.752, 0.841, 0.875, 0.871, 0.845, 0.847, 0.844, 0.884, 0.799, 0.857, 0.843, 0.886, 0.876, 0.883, 0.871, 0.902, 0.888, 0.905, 0.92, 0.894, 0.873, 0.898, 0.911, 0.892, 0.908, 0.886, 0.911, 0.881, 0.917, 0.896, 0.91, 0.904, 0.929, 0.932, 0.901, 0.93, 0.913, 0.887, 0.914, 0.918, 0.934, 0.903, 0.922, 0.921, 0.906, 0.897, 0.912, 0.912, 0.926, 0.926, 0.93, 0.924, 0.935, 0.927, 0.923, 0.905, 0.943, 0.907, 0.909, 0.935, 0.924, 0.888, 0.911, 0.918, 0.935, 0.908, 0.933, 0.911, 0.916, 0.924, 0.902, 0.916, 0.932, 0.921, 0.936, 0.918, 0.895, 0.931, 0.937, 0.904, 0.924, 0.887, 0.931, 0.932, 0.942, 0.914, 0.929, 0.944, 0.933, 0.944, 0.935, 0.931, 0.952, 0.939, 0.941, 0.939, 0.945, 0.909, 0.925, 0.93, 0.938]
Train Loss: [2.586, 2.39, 2.288, 2.198, 2.116, 2.032, 1.954, 1.878, 1.798, 1.716, 1.638, 1.561, 1.48, 1.396, 1.315, 1.241, 1.172, 1.111, 1.055, 1.008, 0.963, 0.926, 0.894, 0.867, 0.845, 0.827, 0.811, 0.799, 0.79, 0.783, 0.777, 0.772, 0.767, 0.764, 0.761, 0.759, 0.757, 0.756, 0.755, 0.754, 0.753, 0.752, 0.752, 0.751, 0.751, 0.751, 0.75, 0.751, 0.75, 0.75, 0.75, 0.75, 0.75, 0.749, 0.749, 0.749, 0.748, 0.749, 0.749, 0.749, 0.748, 0.748, 0.748, 0.748, 0.748, 0.748, 0.748, 0.748, 0.748, 0.748, 0.747, 0.747, 0.747, 0.747, 0.747, 0.747, 0.747, 0.747, 0.747, 0.747, 0.747, 0.747, 0.747, 0.747, 0.747, 0.747, 0.747, 0.746, 0.747, 0.746, 0.746, 0.746, 0.747, 0.746, 0.746, 0.746, 0.747, 0.747, 0.746, 0.746, 0.746, 0.746, 0.746, 0.746, 0.746, 0.746, 0.746, 0.746, 0.746, 0.746, 0.746, 0.746, 0.746, 0.746, 0.746, 0.746, 0.746, 0.746, 0.746, 0.746]
Test Loss: [7.323, 6.688, 6.259, 5.859, 5.521, 5.146, 4.855, 4.596, 4.323, 3.963, 3.577, 3.17, 2.75, 2.315, 1.892, 1.533, 1.219, 0.963, 0.759, 0.596, 0.466, 0.364, 0.287, 0.222, 0.175, 0.138, 0.109, 0.087, 0.071, 0.058, 0.048, 0.04, 0.034, 0.028, 0.024, 0.02, 0.017, 0.016, 0.014, 0.014, 0.012, 0.012, 0.01, 0.009, 0.008, 0.008, 0.008, 0.007, 0.007, 0.008, 0.007, 0.007, 0.006, 0.007, 0.006, 0.006, 0.006, 0.006, 0.005, 0.006, 0.006, 0.006, 0.005, 0.005, 0.005, 0.005, 0.006, 0.005, 0.005, 0.006, 0.005, 0.005, 0.005, 0.005, 0.005, 0.004, 0.004, 0.005, 0.005, 0.005, 0.004, 0.005, 0.005, 0.004, 0.005, 0.004, 0.004, 0.004, 0.005, 0.004, 0.004, 0.004, 0.004, 0.004, 0.004, 0.005, 0.004, 0.005, 0.004, 0.004, 0.004, 0.004, 0.004, 0.004, 0.004, 0.004, 0.004, 0.004, 0.004, 0.004, 0.003, 0.004, 0.004, 0.005, 0.004, 0.004, 0.004, 0.003, 0.004, 0.004]
Max test score: 0.905 found at epoch: 115
Max test score shapes: 0.873 found at epoch: 115
