logic loss multiplier: 0.01

Test Scores: [0.223, 0.292, 0.346, 0.365, 0.43, 0.473, 0.513, 0.553, 0.587, 0.633, 0.655, 0.631, 0.711, 0.722, 0.774, 0.68, 0.707, 0.787, 0.75, 0.771, 0.795, 0.838, 0.759, 0.756, 0.737, 0.818, 0.72, 0.839, 0.804, 0.845, 0.753, 0.79, 0.86, 0.837, 0.842, 0.844, 0.838, 0.808, 0.762, 0.857, 0.802, 0.805, 0.813, 0.817, 0.834, 0.831, 0.884, 0.824, 0.806, 0.813, 0.826, 0.847, 0.842, 0.849, 0.745, 0.832, 0.854, 0.821, 0.862, 0.814, 0.839, 0.851, 0.829, 0.848, 0.813, 0.828, 0.847, 0.894, 0.849, 0.875, 0.879, 0.885, 0.868, 0.884, 0.849, 0.84, 0.832, 0.893, 0.806, 0.865, 0.86, 0.872, 0.857, 0.841, 0.878, 0.825, 0.836, 0.848, 0.833, 0.855, 0.852, 0.875, 0.879, 0.813, 0.787, 0.878, 0.838, 0.861, 0.823, 0.858, 0.879, 0.864, 0.852, 0.878, 0.831, 0.868, 0.855, 0.853, 0.841, 0.818, 0.894, 0.803, 0.908, 0.827, 0.866, 0.822, 0.883, 0.866, 0.869, 0.818]
Test Scores w/o background: [0.046, 0.099, 0.158, 0.175, 0.255, 0.308, 0.359, 0.408, 0.455, 0.514, 0.543, 0.511, 0.617, 0.631, 0.7, 0.574, 0.61, 0.717, 0.668, 0.695, 0.727, 0.784, 0.679, 0.675, 0.65, 0.758, 0.627, 0.786, 0.739, 0.794, 0.671, 0.721, 0.814, 0.784, 0.79, 0.792, 0.785, 0.744, 0.683, 0.81, 0.737, 0.74, 0.751, 0.757, 0.779, 0.776, 0.845, 0.766, 0.742, 0.752, 0.768, 0.796, 0.79, 0.799, 0.66, 0.776, 0.806, 0.761, 0.817, 0.752, 0.786, 0.801, 0.773, 0.798, 0.751, 0.772, 0.797, 0.859, 0.799, 0.834, 0.839, 0.847, 0.824, 0.846, 0.799, 0.788, 0.777, 0.858, 0.741, 0.821, 0.814, 0.829, 0.81, 0.788, 0.838, 0.767, 0.782, 0.798, 0.778, 0.807, 0.803, 0.834, 0.839, 0.752, 0.716, 0.838, 0.784, 0.815, 0.765, 0.811, 0.839, 0.819, 0.804, 0.838, 0.776, 0.825, 0.808, 0.805, 0.788, 0.758, 0.859, 0.738, 0.878, 0.77, 0.822, 0.763, 0.845, 0.821, 0.825, 0.758]
Train Scores: [0.23, 0.309, 0.35, 0.402, 0.491, 0.541, 0.574, 0.652, 0.711, 0.75, 0.788, 0.797, 0.834, 0.867, 0.87, 0.853, 0.829, 0.907, 0.894, 0.896, 0.912, 0.921, 0.878, 0.88, 0.893, 0.894, 0.882, 0.927, 0.902, 0.929, 0.907, 0.922, 0.93, 0.936, 0.945, 0.937, 0.931, 0.922, 0.887, 0.947, 0.935, 0.918, 0.931, 0.944, 0.938, 0.946, 0.952, 0.943, 0.947, 0.934, 0.947, 0.948, 0.949, 0.954, 0.908, 0.947, 0.959, 0.947, 0.959, 0.951, 0.956, 0.953, 0.913, 0.949, 0.948, 0.952, 0.941, 0.955, 0.94, 0.962, 0.954, 0.962, 0.959, 0.954, 0.952, 0.961, 0.949, 0.955, 0.948, 0.96, 0.937, 0.939, 0.959, 0.955, 0.958, 0.945, 0.964, 0.956, 0.951, 0.954, 0.95, 0.944, 0.964, 0.946, 0.927, 0.959, 0.963, 0.964, 0.957, 0.957, 0.966, 0.964, 0.964, 0.97, 0.931, 0.959, 0.963, 0.959, 0.951, 0.949, 0.969, 0.924, 0.972, 0.953, 0.963, 0.952, 0.969, 0.967, 0.961, 0.963]
Train Scores w/o background: [0.055, 0.121, 0.163, 0.225, 0.335, 0.398, 0.439, 0.541, 0.62, 0.67, 0.72, 0.731, 0.78, 0.824, 0.827, 0.806, 0.772, 0.876, 0.859, 0.863, 0.883, 0.895, 0.838, 0.841, 0.858, 0.859, 0.844, 0.903, 0.87, 0.905, 0.876, 0.897, 0.907, 0.915, 0.928, 0.916, 0.908, 0.897, 0.85, 0.93, 0.914, 0.891, 0.908, 0.925, 0.918, 0.928, 0.937, 0.925, 0.929, 0.913, 0.93, 0.931, 0.933, 0.939, 0.877, 0.929, 0.946, 0.93, 0.946, 0.935, 0.942, 0.937, 0.884, 0.933, 0.93, 0.937, 0.921, 0.94, 0.921, 0.949, 0.939, 0.949, 0.946, 0.939, 0.937, 0.948, 0.933, 0.94, 0.931, 0.946, 0.916, 0.919, 0.945, 0.941, 0.944, 0.927, 0.953, 0.942, 0.935, 0.939, 0.934, 0.926, 0.952, 0.928, 0.903, 0.946, 0.952, 0.952, 0.943, 0.943, 0.955, 0.953, 0.953, 0.961, 0.908, 0.946, 0.951, 0.946, 0.934, 0.933, 0.959, 0.898, 0.963, 0.937, 0.951, 0.937, 0.959, 0.957, 0.948, 0.951]
Train Loss: [2.222, 2.055, 1.967, 1.893, 1.821, 1.746, 1.674, 1.618, 1.55, 1.49, 1.432, 1.375, 1.32, 1.265, 1.211, 1.159, 1.109, 1.062, 1.018, 0.979, 0.943, 0.911, 0.883, 0.859, 0.839, 0.823, 0.809, 0.797, 0.787, 0.78, 0.774, 0.77, 0.766, 0.762, 0.76, 0.758, 0.757, 0.755, 0.755, 0.753, 0.752, 0.752, 0.751, 0.751, 0.75, 0.75, 0.75, 0.75, 0.749, 0.749, 0.749, 0.749, 0.748, 0.748, 0.748, 0.748, 0.748, 0.748, 0.748, 0.748, 0.748, 0.748, 0.748, 0.748, 0.748, 0.748, 0.747, 0.747, 0.747, 0.747, 0.747, 0.747, 0.747, 0.747, 0.747, 0.747, 0.747, 0.746, 0.747, 0.747, 0.747, 0.747, 0.747, 0.747, 0.747, 0.747, 0.747, 0.746, 0.746, 0.746, 0.746, 0.746, 0.746, 0.746, 0.746, 0.746, 0.746, 0.746, 0.746, 0.746, 0.746, 0.746, 0.746, 0.746, 0.746, 0.746, 0.746, 0.746, 0.746, 0.746, 0.746, 0.746, 0.746, 0.746, 0.746, 0.746, 0.745, 0.745, 0.745, 0.746]
Test Loss: [0.0, 0.0, 0.0, 0.0, 0.0, 0.0, 0.0, 0.0, 0.0, 0.0, 0.0, 0.0, 0.0, 0.0, 0.0, 0.0, 0.0, 0.0, 0.0, 0.0, 0.0, 0.0, 0.0, 0.0, 0.0, 0.0, 0.0, 0.0, 0.0, 0.0, 0.0, 0.0, 0.0, 0.0, 0.0, 0.0, 0.0, 0.0, 0.0, 0.0, 0.0, 0.0, 0.0, 0.0, 0.0, 0.0, 0.0, 0.0, 0.0, 0.0, 0.0, 0.0, 0.0, 0.0, 0.0, 0.0, 0.0, 0.0, 0.0, 0.0, 0.0, 0.0, 0.0, 0.0, 0.0, 0.0, 0.0, 0.0, 0.0, 0.0, 0.0, 0.0, 0.0, 0.0, 0.0, 0.0, 0.0, 0.0, 0.0, 0.0, 0.0, 0.0, 0.0, 0.0, 0.0, 0.0, 0.0, 0.0, 0.0, 0.0, 0.0, 0.0, 0.0, 0.0, 0.0, 0.0, 0.0, 0.0, 0.0, 0.0, 0.0, 0.0, 0.0, 0.0, 0.0, 0.0, 0.0, 0.0, 0.0, 0.0, 0.0, 0.0, 0.0, 0.0, 0.0, 0.0, 0.0, 0.0, 0.0, 0.0]
Max test score: 0.908 found at epoch: 113
Max test score shapes: 0.878 found at epoch: 113
