logic loss multiplier: 0.05
Active: Scribblesloss True 1 

Test Scores: [0.084, 0.165, 0.207, 0.243, 0.284, 0.311, 0.425, 0.479, 0.547, 0.546, 0.575, 0.603, 0.606, 0.607, 0.65, 0.667, 0.656, 0.713, 0.711, 0.695, 0.761, 0.755, 0.718, 0.796, 0.78, 0.794, 0.758, 0.804, 0.732, 0.782, 0.773, 0.743, 0.845, 0.813, 0.827, 0.817, 0.801, 0.809, 0.834, 0.84, 0.78, 0.789, 0.803, 0.871, 0.808, 0.852, 0.86, 0.869, 0.813, 0.781, 0.83, 0.855, 0.85, 0.828, 0.86, 0.858, 0.781, 0.791, 0.77, 0.851, 0.804, 0.825, 0.794, 0.796, 0.799, 0.825, 0.844, 0.848, 0.778, 0.836, 0.868, 0.854, 0.827, 0.851, 0.805, 0.793, 0.84, 0.794, 0.84, 0.851, 0.826, 0.83, 0.861, 0.857, 0.863, 0.869, 0.858, 0.825, 0.824, 0.828, 0.847, 0.869, 0.853, 0.831, 0.859, 0.85, 0.817, 0.863, 0.835, 0.877, 0.867, 0.839, 0.816, 0.85, 0.846, 0.859, 0.804, 0.85, 0.814, 0.841, 0.828, 0.823, 0.829, 0.854, 0.848, 0.843, 0.776, 0.869, 0.84, 0.838]
Test Scores w/o background: [0.034, 0.068, 0.087, 0.1, 0.124, 0.136, 0.258, 0.317, 0.407, 0.404, 0.441, 0.478, 0.482, 0.482, 0.54, 0.562, 0.546, 0.622, 0.619, 0.597, 0.684, 0.676, 0.627, 0.73, 0.709, 0.728, 0.678, 0.741, 0.644, 0.71, 0.699, 0.658, 0.794, 0.752, 0.771, 0.757, 0.736, 0.747, 0.78, 0.788, 0.708, 0.72, 0.738, 0.828, 0.745, 0.803, 0.815, 0.826, 0.752, 0.709, 0.774, 0.807, 0.8, 0.771, 0.814, 0.811, 0.709, 0.722, 0.694, 0.802, 0.739, 0.768, 0.727, 0.729, 0.733, 0.767, 0.792, 0.799, 0.705, 0.782, 0.824, 0.806, 0.77, 0.802, 0.741, 0.724, 0.787, 0.725, 0.787, 0.803, 0.769, 0.774, 0.815, 0.81, 0.818, 0.826, 0.812, 0.767, 0.766, 0.772, 0.797, 0.826, 0.804, 0.775, 0.813, 0.801, 0.757, 0.818, 0.78, 0.837, 0.823, 0.785, 0.755, 0.801, 0.795, 0.813, 0.739, 0.8, 0.752, 0.789, 0.771, 0.765, 0.772, 0.807, 0.798, 0.791, 0.702, 0.826, 0.787, 0.785]
Train Scores: [0.088, 0.175, 0.223, 0.269, 0.31, 0.355, 0.49, 0.591, 0.641, 0.682, 0.699, 0.714, 0.729, 0.768, 0.766, 0.774, 0.779, 0.802, 0.824, 0.821, 0.857, 0.843, 0.857, 0.869, 0.892, 0.894, 0.9, 0.91, 0.892, 0.92, 0.907, 0.905, 0.924, 0.922, 0.935, 0.932, 0.937, 0.934, 0.949, 0.924, 0.936, 0.929, 0.939, 0.952, 0.933, 0.939, 0.953, 0.945, 0.948, 0.924, 0.952, 0.953, 0.938, 0.952, 0.949, 0.955, 0.945, 0.949, 0.935, 0.961, 0.937, 0.951, 0.946, 0.947, 0.95, 0.954, 0.963, 0.959, 0.948, 0.956, 0.963, 0.963, 0.955, 0.958, 0.954, 0.941, 0.953, 0.947, 0.949, 0.959, 0.957, 0.946, 0.959, 0.972, 0.968, 0.965, 0.966, 0.965, 0.963, 0.962, 0.959, 0.967, 0.972, 0.97, 0.972, 0.966, 0.971, 0.968, 0.967, 0.972, 0.963, 0.963, 0.967, 0.966, 0.955, 0.959, 0.965, 0.973, 0.966, 0.966, 0.972, 0.968, 0.972, 0.976, 0.976, 0.968, 0.95, 0.975, 0.971, 0.974]
Train Scores w/o background: [0.035, 0.076, 0.106, 0.134, 0.159, 0.196, 0.345, 0.467, 0.532, 0.585, 0.607, 0.626, 0.645, 0.696, 0.694, 0.703, 0.71, 0.741, 0.769, 0.765, 0.813, 0.793, 0.811, 0.827, 0.859, 0.86, 0.868, 0.882, 0.857, 0.894, 0.878, 0.874, 0.9, 0.897, 0.915, 0.911, 0.917, 0.913, 0.933, 0.899, 0.915, 0.907, 0.92, 0.937, 0.912, 0.919, 0.938, 0.928, 0.931, 0.9, 0.937, 0.938, 0.918, 0.936, 0.933, 0.941, 0.928, 0.933, 0.914, 0.949, 0.917, 0.935, 0.928, 0.93, 0.935, 0.939, 0.952, 0.946, 0.931, 0.942, 0.951, 0.951, 0.941, 0.944, 0.939, 0.922, 0.938, 0.929, 0.933, 0.945, 0.944, 0.928, 0.946, 0.964, 0.957, 0.954, 0.955, 0.953, 0.952, 0.95, 0.946, 0.957, 0.963, 0.96, 0.963, 0.956, 0.961, 0.957, 0.956, 0.963, 0.952, 0.951, 0.956, 0.956, 0.94, 0.945, 0.954, 0.965, 0.955, 0.955, 0.963, 0.957, 0.963, 0.968, 0.968, 0.958, 0.934, 0.967, 0.962, 0.965]
Train Loss: [8.536, 6.78, 5.196, 4.023, 3.226, 2.777, 2.412, 2.202, 2.151, 1.996, 1.928, 1.864, 1.773, 1.705, 1.64, 1.618, 1.541, 1.474, 1.418, 1.361, 1.302, 1.256, 1.207, 1.164, 1.115, 1.085, 1.049, 1.018, 0.981, 0.959, 0.929, 0.909, 0.896, 0.874, 0.866, 0.858, 0.833, 0.828, 0.817, 0.813, 0.806, 0.81, 0.805, 0.803, 0.804, 0.796, 0.792, 0.798, 0.784, 0.79, 0.791, 0.791, 0.787, 0.786, 0.784, 0.78, 0.787, 0.785, 0.779, 0.775, 0.788, 0.789, 0.784, 0.783, 0.778, 0.783, 0.772, 0.773, 0.771, 0.775, 0.769, 0.776, 0.775, 0.774, 0.779, 0.772, 0.782, 0.773, 0.782, 0.777, 0.778, 0.767, 0.777, 0.766, 0.772, 0.766, 0.77, 0.77, 0.773, 0.775, 0.765, 0.769, 0.771, 0.763, 0.758, 0.76, 0.765, 0.766, 0.764, 0.763, 0.781, 0.776, 0.765, 0.761, 0.764, 0.766, 0.768, 0.762, 0.76, 0.768, 0.763, 0.765, 0.772, 0.761, 0.758, 0.758, 0.759, 0.763, 0.761, 0.757]
Test Loss: [124.396, 94.138, 74.794, 76.233, 97.532, 116.997, 120.316, 97.681, 102.191, 94.718, 102.093, 72.948, 74.894, 55.879, 66.209, 56.009, 71.076, 60.15, 62.704, 59.157, 41.864, 53.679, 47.739, 46.142, 48.682, 38.58, 43.026, 42.69, 37.061, 37.396, 39.338, 29.775, 51.745, 40.73, 46.159, 36.889, 48.828, 46.934, 53.998, 56.72, 53.19, 48.297, 46.373, 52.805, 39.145, 54.095, 59.451, 69.894, 64.607, 65.825, 71.042, 58.972, 68.581, 71.921, 72.269, 66.924, 68.983, 92.219, 61.002, 67.946, 72.981, 77.979, 90.713, 77.804, 77.016, 95.249, 85.315, 78.608, 90.387, 83.509, 69.677, 76.692, 77.979, 82.57, 81.412, 95.481, 89.081, 77.152, 99.202, 88.156, 85.803, 83.378, 86.303, 96.239, 102.427, 90.158, 74.992, 102.022, 97.615, 100.752, 100.284, 76.416, 83.679, 103.911, 84.273, 99.046, 98.383, 106.313, 93.203, 96.527, 82.756, 90.016, 88.697, 102.93, 103.479, 109.903, 105.788, 111.947, 101.807, 109.453, 107.313, 118.832, 112.508, 95.779, 100.111, 101.758, 98.379, 98.77, 87.451, 90.103]
Max test score: 0.877 found at epoch: 100
Max test score shapes: 0.837 found at epoch: 100
