logic loss multiplier: 0.01
Active: MinSizeBackgroundloss True 1 

Test Scores: [0.234, 0.295, 0.339, 0.392, 0.45, 0.465, 0.496, 0.513, 0.585, 0.656, 0.68, 0.69, 0.661, 0.666, 0.751, 0.739, 0.803, 0.816, 0.697, 0.725, 0.828, 0.773, 0.773, 0.757, 0.762, 0.786, 0.791, 0.836, 0.836, 0.811, 0.786, 0.786, 0.842, 0.794, 0.78, 0.757, 0.824, 0.864, 0.776, 0.813, 0.84, 0.775, 0.87, 0.842, 0.815, 0.863, 0.801, 0.882, 0.867, 0.806, 0.808, 0.862, 0.85, 0.831, 0.807, 0.864, 0.848, 0.813, 0.804, 0.875, 0.862, 0.858, 0.808, 0.81, 0.814, 0.846, 0.884, 0.864, 0.849, 0.865, 0.857, 0.865, 0.784, 0.831, 0.832, 0.866, 0.829, 0.79, 0.887, 0.848, 0.847, 0.764, 0.86, 0.826, 0.885, 0.9, 0.843, 0.855, 0.848, 0.835, 0.87, 0.874, 0.846, 0.847, 0.865, 0.846, 0.809, 0.824, 0.84, 0.839, 0.89, 0.884, 0.864, 0.838, 0.776, 0.867, 0.866, 0.822, 0.824, 0.886, 0.887, 0.879, 0.883, 0.813, 0.856, 0.827, 0.862, 0.809, 0.876, 0.867]
Test Scores w/o background: [0.049, 0.098, 0.143, 0.205, 0.276, 0.293, 0.333, 0.355, 0.451, 0.544, 0.576, 0.589, 0.549, 0.556, 0.67, 0.653, 0.738, 0.756, 0.597, 0.634, 0.772, 0.698, 0.698, 0.676, 0.684, 0.716, 0.722, 0.782, 0.782, 0.749, 0.715, 0.715, 0.79, 0.726, 0.708, 0.676, 0.766, 0.819, 0.702, 0.751, 0.787, 0.7, 0.827, 0.79, 0.754, 0.818, 0.735, 0.844, 0.823, 0.742, 0.744, 0.816, 0.801, 0.776, 0.743, 0.819, 0.798, 0.752, 0.739, 0.833, 0.817, 0.811, 0.745, 0.747, 0.752, 0.795, 0.846, 0.82, 0.799, 0.821, 0.81, 0.82, 0.713, 0.775, 0.777, 0.822, 0.773, 0.72, 0.85, 0.798, 0.797, 0.686, 0.814, 0.769, 0.847, 0.867, 0.791, 0.807, 0.798, 0.78, 0.827, 0.833, 0.795, 0.797, 0.821, 0.796, 0.746, 0.765, 0.788, 0.786, 0.854, 0.846, 0.819, 0.784, 0.701, 0.823, 0.822, 0.763, 0.766, 0.848, 0.849, 0.839, 0.845, 0.752, 0.808, 0.77, 0.817, 0.746, 0.835, 0.823]
Train Scores: [0.24, 0.304, 0.35, 0.425, 0.477, 0.517, 0.574, 0.587, 0.684, 0.724, 0.784, 0.819, 0.796, 0.797, 0.859, 0.859, 0.882, 0.883, 0.823, 0.845, 0.901, 0.891, 0.876, 0.875, 0.884, 0.828, 0.906, 0.927, 0.922, 0.916, 0.92, 0.906, 0.921, 0.865, 0.909, 0.909, 0.893, 0.93, 0.927, 0.913, 0.904, 0.911, 0.939, 0.925, 0.912, 0.939, 0.924, 0.943, 0.944, 0.905, 0.918, 0.921, 0.946, 0.934, 0.913, 0.949, 0.948, 0.941, 0.951, 0.96, 0.95, 0.948, 0.926, 0.934, 0.925, 0.941, 0.95, 0.943, 0.944, 0.96, 0.951, 0.954, 0.917, 0.933, 0.939, 0.958, 0.934, 0.924, 0.956, 0.928, 0.935, 0.888, 0.957, 0.95, 0.97, 0.967, 0.95, 0.961, 0.956, 0.934, 0.953, 0.962, 0.939, 0.957, 0.959, 0.944, 0.941, 0.947, 0.95, 0.924, 0.97, 0.959, 0.952, 0.951, 0.886, 0.964, 0.963, 0.941, 0.949, 0.971, 0.965, 0.961, 0.965, 0.944, 0.956, 0.953, 0.957, 0.941, 0.964, 0.957]
Train Scores w/o background: [0.056, 0.109, 0.158, 0.248, 0.313, 0.363, 0.438, 0.453, 0.583, 0.634, 0.714, 0.761, 0.73, 0.731, 0.814, 0.813, 0.843, 0.845, 0.765, 0.794, 0.868, 0.856, 0.835, 0.835, 0.847, 0.772, 0.875, 0.903, 0.897, 0.889, 0.893, 0.875, 0.895, 0.82, 0.88, 0.879, 0.858, 0.907, 0.903, 0.884, 0.872, 0.882, 0.919, 0.9, 0.883, 0.919, 0.9, 0.924, 0.926, 0.874, 0.891, 0.895, 0.929, 0.913, 0.884, 0.932, 0.931, 0.921, 0.935, 0.947, 0.934, 0.931, 0.902, 0.912, 0.9, 0.922, 0.934, 0.924, 0.926, 0.948, 0.936, 0.939, 0.889, 0.911, 0.919, 0.944, 0.912, 0.9, 0.941, 0.905, 0.913, 0.851, 0.943, 0.933, 0.961, 0.957, 0.933, 0.948, 0.941, 0.912, 0.938, 0.95, 0.919, 0.943, 0.946, 0.925, 0.922, 0.93, 0.934, 0.899, 0.96, 0.945, 0.936, 0.935, 0.848, 0.952, 0.951, 0.922, 0.932, 0.961, 0.953, 0.949, 0.954, 0.925, 0.942, 0.937, 0.943, 0.922, 0.952, 0.943]
Train Loss: [2.649, 2.355, 2.212, 2.103, 1.994, 1.894, 1.789, 1.678, 1.567, 1.474, 1.411, 1.354, 1.299, 1.247, 1.193, 1.143, 1.095, 1.049, 1.008, 0.969, 0.936, 0.904, 0.877, 0.854, 0.836, 0.819, 0.806, 0.795, 0.786, 0.779, 0.773, 0.769, 0.766, 0.763, 0.761, 0.759, 0.757, 0.756, 0.755, 0.754, 0.754, 0.752, 0.752, 0.751, 0.751, 0.751, 0.75, 0.75, 0.75, 0.75, 0.75, 0.75, 0.749, 0.749, 0.749, 0.749, 0.749, 0.749, 0.749, 0.749, 0.748, 0.749, 0.749, 0.749, 0.748, 0.748, 0.748, 0.748, 0.747, 0.747, 0.747, 0.747, 0.747, 0.747, 0.747, 0.747, 0.747, 0.747, 0.747, 0.747, 0.747, 0.747, 0.747, 0.747, 0.747, 0.747, 0.747, 0.747, 0.747, 0.747, 0.747, 0.746, 0.746, 0.746, 0.746, 0.746, 0.746, 0.746, 0.746, 0.746, 0.746, 0.746, 0.746, 0.746, 0.746, 0.746, 0.746, 0.746, 0.746, 0.746, 0.746, 0.746, 0.746, 0.746, 0.746, 0.746, 0.746, 0.746, 0.746, 0.746]
Test Loss: [44.153, 31.534, 25.507, 21.233, 17.488, 13.714, 10.079, 6.648, 3.259, 0.428, 0.0, 0.0, 0.0, 0.0, 0.0, 0.0, 0.0, 0.0, 0.0, 0.0, 0.0, 0.0, 0.0, 0.0, 0.0, 0.0, 0.0, 0.0, 0.0, 0.0, 0.0, 0.0, 0.0, 0.0, 0.0, 0.0, 0.0, 0.0, 0.0, 0.0, 0.0, 0.0, 0.0, 0.0, 0.0, 0.0, 0.0, 0.0, 0.0, 0.0, 0.0, 0.0, 0.0, 0.0, 0.0, 0.0, 0.0, 0.0, 0.0, 0.0, 0.0, 0.0, 0.0, 0.0, 0.0, 0.0, 0.0, 0.0, 0.0, 0.0, 0.0, 0.0, 0.0, 0.0, 0.0, 0.0, 0.0, 0.0, 0.0, 0.0, 0.0, 0.0, 0.0, 0.0, 0.0, 0.0, 0.0, 0.0, 0.0, 0.0, 0.0, 0.0, 0.0, 0.0, 0.0, 0.0, 0.0, 0.0, 0.0, 0.0, 0.0, 0.0, 0.0, 0.0, 0.0, 0.0, 0.0, 0.0, 0.0, 0.0, 0.0, 0.0, 0.0, 0.0, 0.0, 0.0, 0.0, 0.0, 0.0, 0.0]
Max test score: 0.9 found at epoch: 86
Max test score shapes: 0.867 found at epoch: 86
