seed 42
percentFullySupervised 0.2
domainLossMultiplier 0.001
Active: Adjacencyloss True True 30 0.0001 False False 
Active: Relationsloss True 2 True 0.1 False True False 
Active: OneHotloss True 20 
Active: MinSizeShapesloss True 1 0.5 0.0035 0.015 
Active: MaxSizeShapesloss True 1 0.98 0.2 0.42 

Test Scores: [0.319, 0.4, 0.437, 0.41, 0.463, 0.444, 0.482, 0.508, 0.518, 0.524, 0.507, 0.516, 0.52, 0.512, 0.524, 0.528, 0.522, 0.518, 0.549, 0.53, 0.537, 0.551, 0.549, 0.564, 0.51, 0.533, 0.539, 0.551, 0.542, 0.545, 0.563, 0.568, 0.508, 0.572, 0.542, 0.564, 0.555, 0.51, 0.539, 0.488, 0.535, 0.536, 0.557, 0.569, 0.542, 0.55, 0.548, 0.576, 0.559, 0.53, 0.569, 0.554, 0.552, 0.56, 0.536, 0.548, 0.548, 0.567, 0.582, 0.522, 0.563, 0.53, 0.546, 0.567, 0.574, 0.569, 0.555, 0.581, 0.574, 0.551, 0.551, 0.556, 0.564, 0.542, 0.56, 0.551, 0.51, 0.543, 0.577, 0.535, 0.534, 0.545, 0.57, 0.547, 0.57, 0.558, 0.564, 0.557, 0.555, 0.547, 0.565, 0.555, 0.571, 0.549, 0.529, 0.562, 0.551, 0.551, 0.552, 0.52]
Test Scores w/o background: [0.142, 0.192, 0.249, 0.26, 0.294, 0.287, 0.307, 0.365, 0.357, 0.372, 0.361, 0.355, 0.364, 0.35, 0.358, 0.368, 0.367, 0.363, 0.411, 0.375, 0.397, 0.4, 0.399, 0.417, 0.348, 0.397, 0.396, 0.406, 0.384, 0.4, 0.416, 0.422, 0.332, 0.425, 0.381, 0.414, 0.407, 0.342, 0.381, 0.309, 0.381, 0.394, 0.405, 0.422, 0.383, 0.395, 0.397, 0.435, 0.416, 0.364, 0.422, 0.403, 0.407, 0.409, 0.372, 0.389, 0.386, 0.419, 0.437, 0.352, 0.417, 0.371, 0.392, 0.424, 0.431, 0.423, 0.402, 0.437, 0.426, 0.398, 0.395, 0.4, 0.413, 0.382, 0.406, 0.392, 0.33, 0.386, 0.435, 0.375, 0.374, 0.399, 0.431, 0.394, 0.432, 0.42, 0.417, 0.399, 0.397, 0.389, 0.422, 0.402, 0.434, 0.394, 0.362, 0.41, 0.402, 0.394, 0.395, 0.346]
Train Scores: [0.35, 0.481, 0.517, 0.538, 0.576, 0.538, 0.592, 0.586, 0.597, 0.622, 0.592, 0.586, 0.655, 0.606, 0.613, 0.637, 0.634, 0.593, 0.638, 0.64, 0.621, 0.661, 0.682, 0.674, 0.58, 0.636, 0.636, 0.642, 0.635, 0.689, 0.676, 0.679, 0.632, 0.703, 0.686, 0.703, 0.717, 0.646, 0.662, 0.652, 0.692, 0.644, 0.651, 0.702, 0.678, 0.687, 0.69, 0.691, 0.682, 0.645, 0.663, 0.69, 0.705, 0.685, 0.655, 0.702, 0.691, 0.729, 0.725, 0.681, 0.717, 0.685, 0.668, 0.722, 0.729, 0.726, 0.708, 0.747, 0.725, 0.728, 0.722, 0.707, 0.686, 0.688, 0.694, 0.688, 0.659, 0.704, 0.704, 0.686, 0.692, 0.676, 0.703, 0.67, 0.718, 0.697, 0.729, 0.705, 0.653, 0.693, 0.684, 0.695, 0.712, 0.702, 0.689, 0.71, 0.729, 0.706, 0.679, 0.653]
Train Scores w/o background: [0.16, 0.271, 0.326, 0.389, 0.413, 0.387, 0.43, 0.447, 0.439, 0.482, 0.447, 0.425, 0.52, 0.465, 0.461, 0.501, 0.493, 0.446, 0.508, 0.505, 0.489, 0.53, 0.557, 0.552, 0.426, 0.509, 0.496, 0.508, 0.497, 0.578, 0.549, 0.558, 0.486, 0.586, 0.562, 0.584, 0.607, 0.512, 0.529, 0.511, 0.58, 0.515, 0.52, 0.59, 0.554, 0.569, 0.576, 0.574, 0.567, 0.509, 0.539, 0.572, 0.598, 0.561, 0.52, 0.583, 0.566, 0.625, 0.615, 0.559, 0.615, 0.567, 0.541, 0.617, 0.629, 0.621, 0.598, 0.648, 0.616, 0.627, 0.617, 0.595, 0.568, 0.569, 0.578, 0.565, 0.523, 0.596, 0.591, 0.562, 0.577, 0.562, 0.603, 0.552, 0.62, 0.6, 0.632, 0.589, 0.521, 0.578, 0.573, 0.581, 0.613, 0.592, 0.565, 0.594, 0.634, 0.598, 0.561, 0.515]
Train Loss: [0.132, 0.084, 0.075, 0.067, 0.061, 0.057, 0.052, 0.049, 0.046, 0.044, 0.044, 0.041, 0.04, 0.039, 0.038, 0.038, 0.038, 0.037, 0.036, 0.037, 0.035, 0.035, 0.035, 0.035, 0.034, 0.035, 0.034, 0.035, 0.034, 0.033, 0.033, 0.033, 0.033, 0.033, 0.033, 0.032, 0.032, 0.032, 0.032, 0.032, 0.033, 0.033, 0.032, 0.031, 0.031, 0.032, 0.031, 0.031, 0.031, 0.031, 0.031, 0.031, 0.031, 0.031, 0.03, 0.03, 0.03, 0.03, 0.03, 0.03, 0.03, 0.03, 0.03, 0.03, 0.03, 0.03, 0.03, 0.03, 0.03, 0.03, 0.03, 0.03, 0.029, 0.029, 0.03, 0.03, 0.029, 0.029, 0.029, 0.029, 0.029, 0.029, 0.029, 0.029, 0.029, 0.03, 0.03, 0.03, 0.029, 0.029, 0.029, 0.029, 0.029, 0.029, 0.029, 0.029, 0.029, 0.029, 0.029, 0.029]
Max test score: 0.582 found at epoch: 59
Max test score shapes: 0.437 found at epoch: 68
Avg generalisation ratio: 0.715
Avg generalisation diff: 0.156