seed 999
percentFullySupervised 0.2
domainLossMultiplier 0.001
Active: Adjacencyloss True True 30 0.0001 False False 
Active: Relationsloss True 2 True 0.1 False True False 
Active: OneHotloss True 20 
Active: MinSizeShapesloss True 1 0.5 0.0035 0.015 
Active: MaxSizeShapesloss True 1 0.98 0.2 0.42 

Test Scores: [0.274, 0.312, 0.369, 0.391, 0.415, 0.458, 0.477, 0.472, 0.513, 0.511, 0.485, 0.535, 0.52, 0.518, 0.502, 0.547, 0.517, 0.534, 0.464, 0.535, 0.469, 0.548, 0.484, 0.562, 0.568, 0.552, 0.554, 0.541, 0.52, 0.55, 0.543, 0.548, 0.567, 0.547, 0.554, 0.562, 0.534, 0.524, 0.547, 0.54, 0.539, 0.489, 0.514, 0.476, 0.572, 0.55, 0.536, 0.507, 0.506, 0.559, 0.519, 0.543, 0.508, 0.553, 0.551, 0.567, 0.552, 0.529, 0.563, 0.539, 0.562, 0.532, 0.518, 0.537, 0.521, 0.544, 0.488, 0.497, 0.542, 0.533, 0.523, 0.561, 0.515, 0.478, 0.537, 0.518, 0.541, 0.524, 0.538, 0.508, 0.543, 0.515, 0.532, 0.523, 0.539, 0.54, 0.534, 0.508, 0.54, 0.523, 0.513, 0.468, 0.538, 0.502, 0.534, 0.539, 0.525, 0.529, 0.539, 0.505]
Test Scores w/o background: [0.133, 0.136, 0.174, 0.202, 0.205, 0.308, 0.317, 0.298, 0.356, 0.358, 0.312, 0.37, 0.355, 0.352, 0.334, 0.391, 0.345, 0.364, 0.269, 0.375, 0.276, 0.392, 0.295, 0.407, 0.436, 0.4, 0.399, 0.395, 0.369, 0.393, 0.383, 0.391, 0.418, 0.388, 0.401, 0.422, 0.377, 0.364, 0.396, 0.384, 0.383, 0.311, 0.35, 0.29, 0.431, 0.395, 0.385, 0.336, 0.334, 0.404, 0.347, 0.382, 0.335, 0.396, 0.4, 0.427, 0.403, 0.369, 0.413, 0.382, 0.412, 0.37, 0.349, 0.378, 0.354, 0.393, 0.309, 0.317, 0.388, 0.375, 0.354, 0.415, 0.348, 0.293, 0.376, 0.348, 0.38, 0.356, 0.375, 0.331, 0.38, 0.345, 0.366, 0.351, 0.374, 0.392, 0.37, 0.33, 0.375, 0.355, 0.339, 0.273, 0.378, 0.331, 0.375, 0.379, 0.359, 0.366, 0.377, 0.326]
Train Scores: [0.287, 0.339, 0.438, 0.416, 0.449, 0.587, 0.596, 0.574, 0.619, 0.612, 0.599, 0.644, 0.649, 0.609, 0.624, 0.637, 0.599, 0.665, 0.573, 0.627, 0.609, 0.632, 0.609, 0.674, 0.648, 0.671, 0.67, 0.68, 0.656, 0.673, 0.679, 0.712, 0.699, 0.691, 0.699, 0.712, 0.664, 0.698, 0.676, 0.711, 0.695, 0.672, 0.654, 0.62, 0.701, 0.7, 0.707, 0.638, 0.656, 0.693, 0.699, 0.71, 0.731, 0.736, 0.728, 0.73, 0.732, 0.728, 0.722, 0.725, 0.736, 0.72, 0.713, 0.727, 0.728, 0.733, 0.701, 0.703, 0.752, 0.73, 0.708, 0.726, 0.728, 0.671, 0.693, 0.721, 0.739, 0.731, 0.721, 0.712, 0.721, 0.718, 0.721, 0.72, 0.741, 0.723, 0.709, 0.683, 0.699, 0.712, 0.683, 0.626, 0.721, 0.676, 0.733, 0.742, 0.704, 0.745, 0.743, 0.699]
Train Scores w/o background: [0.13, 0.147, 0.216, 0.216, 0.226, 0.45, 0.462, 0.412, 0.47, 0.464, 0.45, 0.504, 0.513, 0.452, 0.479, 0.497, 0.442, 0.532, 0.402, 0.485, 0.451, 0.489, 0.451, 0.548, 0.518, 0.543, 0.54, 0.553, 0.524, 0.543, 0.552, 0.597, 0.58, 0.57, 0.583, 0.598, 0.534, 0.581, 0.549, 0.597, 0.573, 0.542, 0.52, 0.473, 0.589, 0.581, 0.599, 0.496, 0.527, 0.574, 0.579, 0.595, 0.625, 0.631, 0.625, 0.628, 0.633, 0.622, 0.614, 0.626, 0.634, 0.611, 0.599, 0.622, 0.621, 0.634, 0.589, 0.588, 0.658, 0.628, 0.593, 0.621, 0.622, 0.54, 0.572, 0.611, 0.637, 0.626, 0.611, 0.6, 0.612, 0.612, 0.612, 0.609, 0.636, 0.622, 0.595, 0.557, 0.576, 0.608, 0.559, 0.476, 0.614, 0.558, 0.634, 0.641, 0.591, 0.641, 0.64, 0.577]
Train Loss: [0.173, 0.097, 0.08, 0.072, 0.065, 0.06, 0.054, 0.051, 0.048, 0.045, 0.043, 0.042, 0.04, 0.039, 0.039, 0.039, 0.038, 0.037, 0.036, 0.036, 0.035, 0.035, 0.034, 0.034, 0.035, 0.034, 0.034, 0.034, 0.033, 0.033, 0.033, 0.033, 0.032, 0.032, 0.032, 0.032, 0.032, 0.032, 0.032, 0.032, 0.031, 0.031, 0.032, 0.032, 0.032, 0.032, 0.032, 0.031, 0.031, 0.031, 0.031, 0.031, 0.031, 0.031, 0.031, 0.031, 0.03, 0.03, 0.03, 0.03, 0.03, 0.03, 0.03, 0.03, 0.03, 0.03, 0.03, 0.03, 0.03, 0.029, 0.03, 0.03, 0.03, 0.03, 0.03, 0.029, 0.03, 0.029, 0.029, 0.029, 0.029, 0.029, 0.029, 0.029, 0.03, 0.029, 0.029, 0.029, 0.029, 0.029, 0.03, 0.029, 0.029, 0.029, 0.029, 0.029, 0.029, 0.029, 0.029, 0.029]
Max test score: 0.572 found at epoch: 45
Max test score shapes: 0.436 found at epoch: 25
Avg generalisation ratio: 0.662
Avg generalisation diff: 0.192