seed 234
percentFullySupervised 0.2
domainLossMultiplier 0.001
Active: Adjacencyloss True True 30 0.0001 False False 
Active: Relationsloss True 2 True 0.1 False True False 
Active: OneHotloss True 20 
Active: MinSizeShapesloss True 1 0.5 0.0035 0.015 
Active: MaxSizeShapesloss True 1 0.98 0.2 0.42 

Test Scores: [0.327, 0.364, 0.412, 0.444, 0.516, 0.507, 0.486, 0.499, 0.499, 0.495, 0.515, 0.484, 0.52, 0.464, 0.532, 0.528, 0.528, 0.527, 0.518, 0.524, 0.515, 0.54, 0.516, 0.56, 0.534, 0.538, 0.539, 0.575, 0.55, 0.544, 0.553, 0.534, 0.578, 0.568, 0.564, 0.53, 0.547, 0.551, 0.548, 0.511, 0.572, 0.536, 0.507, 0.556, 0.533, 0.577, 0.56, 0.603, 0.574, 0.578, 0.562, 0.564, 0.572, 0.568, 0.55, 0.557, 0.559, 0.536, 0.584, 0.562, 0.563, 0.569, 0.546, 0.584, 0.572, 0.533, 0.597, 0.585, 0.552, 0.553, 0.545, 0.549, 0.561, 0.57, 0.556, 0.528, 0.561, 0.554, 0.564, 0.564, 0.578, 0.567, 0.567, 0.562, 0.575, 0.565, 0.567, 0.544, 0.548, 0.526, 0.539, 0.555, 0.511, 0.511, 0.539, 0.521, 0.53, 0.547, 0.535, 0.56]
Test Scores w/o background: [0.152, 0.203, 0.255, 0.288, 0.359, 0.339, 0.314, 0.335, 0.323, 0.318, 0.343, 0.31, 0.356, 0.269, 0.371, 0.358, 0.361, 0.371, 0.351, 0.355, 0.342, 0.391, 0.366, 0.407, 0.374, 0.389, 0.399, 0.435, 0.398, 0.388, 0.402, 0.391, 0.436, 0.416, 0.416, 0.38, 0.394, 0.404, 0.404, 0.337, 0.423, 0.379, 0.346, 0.404, 0.365, 0.432, 0.403, 0.466, 0.424, 0.433, 0.413, 0.414, 0.427, 0.426, 0.399, 0.416, 0.406, 0.373, 0.436, 0.408, 0.408, 0.417, 0.394, 0.444, 0.421, 0.362, 0.456, 0.44, 0.395, 0.395, 0.391, 0.394, 0.409, 0.425, 0.403, 0.357, 0.408, 0.395, 0.418, 0.416, 0.429, 0.412, 0.414, 0.403, 0.426, 0.416, 0.413, 0.381, 0.385, 0.357, 0.378, 0.394, 0.333, 0.333, 0.373, 0.348, 0.361, 0.384, 0.368, 0.402]
Train Scores: [0.375, 0.412, 0.45, 0.516, 0.622, 0.599, 0.582, 0.598, 0.588, 0.625, 0.643, 0.601, 0.664, 0.641, 0.665, 0.654, 0.669, 0.644, 0.668, 0.687, 0.653, 0.648, 0.697, 0.693, 0.675, 0.681, 0.678, 0.701, 0.707, 0.685, 0.697, 0.686, 0.705, 0.686, 0.699, 0.663, 0.676, 0.675, 0.68, 0.676, 0.699, 0.706, 0.698, 0.723, 0.687, 0.689, 0.72, 0.749, 0.707, 0.756, 0.739, 0.699, 0.718, 0.7, 0.697, 0.695, 0.705, 0.724, 0.703, 0.722, 0.73, 0.728, 0.704, 0.705, 0.731, 0.717, 0.738, 0.731, 0.71, 0.706, 0.713, 0.712, 0.749, 0.733, 0.732, 0.695, 0.717, 0.722, 0.722, 0.715, 0.724, 0.717, 0.736, 0.733, 0.729, 0.748, 0.748, 0.708, 0.728, 0.731, 0.738, 0.727, 0.719, 0.706, 0.733, 0.706, 0.702, 0.71, 0.701, 0.734]
Train Scores w/o background: [0.179, 0.268, 0.297, 0.355, 0.484, 0.449, 0.42, 0.449, 0.433, 0.481, 0.5, 0.454, 0.538, 0.5, 0.532, 0.517, 0.535, 0.506, 0.537, 0.562, 0.519, 0.523, 0.579, 0.573, 0.557, 0.567, 0.569, 0.591, 0.594, 0.565, 0.582, 0.575, 0.598, 0.569, 0.585, 0.544, 0.554, 0.558, 0.563, 0.549, 0.586, 0.599, 0.587, 0.617, 0.563, 0.572, 0.608, 0.649, 0.59, 0.659, 0.642, 0.589, 0.616, 0.596, 0.588, 0.588, 0.589, 0.616, 0.588, 0.622, 0.632, 0.622, 0.602, 0.598, 0.628, 0.605, 0.637, 0.625, 0.598, 0.589, 0.609, 0.601, 0.658, 0.638, 0.635, 0.575, 0.61, 0.615, 0.617, 0.613, 0.626, 0.615, 0.638, 0.627, 0.623, 0.648, 0.647, 0.594, 0.627, 0.632, 0.639, 0.624, 0.606, 0.586, 0.63, 0.594, 0.586, 0.594, 0.581, 0.632]
Train Loss: [0.128, 0.084, 0.074, 0.066, 0.059, 0.053, 0.049, 0.046, 0.043, 0.042, 0.041, 0.041, 0.039, 0.039, 0.037, 0.036, 0.035, 0.035, 0.035, 0.035, 0.035, 0.036, 0.035, 0.034, 0.034, 0.033, 0.033, 0.033, 0.033, 0.033, 0.033, 0.032, 0.033, 0.032, 0.032, 0.032, 0.032, 0.031, 0.031, 0.031, 0.031, 0.031, 0.031, 0.031, 0.031, 0.031, 0.031, 0.031, 0.031, 0.031, 0.03, 0.031, 0.03, 0.03, 0.03, 0.03, 0.031, 0.031, 0.031, 0.03, 0.031, 0.03, 0.03, 0.03, 0.03, 0.03, 0.03, 0.03, 0.03, 0.03, 0.03, 0.03, 0.03, 0.03, 0.03, 0.03, 0.03, 0.03, 0.029, 0.03, 0.03, 0.03, 0.03, 0.029, 0.029, 0.03, 0.03, 0.029, 0.029, 0.03, 0.029, 0.029, 0.029, 0.029, 0.029, 0.029, 0.029, 0.029, 0.029, 0.029]
Max test score: 0.603 found at epoch: 48
Max test score shapes: 0.466 found at epoch: 48
Avg generalisation ratio: 0.675
Avg generalisation diff: 0.188