Active: ImageLevelloss True True False 2 
Active: Adjacencyloss True True 1 0.0001 
Active: OneHotloss True 10 
Active: MinSizeBackgroundloss True 1 

Test Scores: [0.245, 0.285, 0.305, 0.294, 0.278, 0.26, 0.246, 0.241, 0.243, 0.244, 0.24, 0.242, 0.238, 0.245, 0.239, 0.238, 0.24, 0.244, 0.26, 0.248, 0.244, 0.246, 0.252, 0.258, 0.263, 0.262, 0.255, 0.267, 0.267, 0.276, 0.266, 0.268, 0.264, 0.262, 0.267, 0.273, 0.273, 0.273, 0.264, 0.261, 0.269, 0.269, 0.258, 0.264, 0.272, 0.267, 0.27, 0.268, 0.267, 0.281, 0.269, 0.262, 0.259, 0.281, 0.27, 0.277, 0.279, 0.274, 0.272, 0.278, 0.271, 0.286, 0.288, 0.285, 0.284, 0.283, 0.283, 0.279, 0.277, 0.278, 0.283, 0.292, 0.287, 0.286, 0.279, 0.293, 0.291, 0.282, 0.287, 0.297, 0.288, 0.289, 0.297, 0.287, 0.283, 0.294, 0.297, 0.297, 0.297, 0.289, 0.297, 0.297, 0.295, 0.302, 0.288, 0.299, 0.304, 0.297, 0.301, 0.307, 0.317, 0.302, 0.311, 0.312, 0.322, 0.328, 0.308, 0.313, 0.337, 0.339, 0.322, 0.34, 0.322, 0.335, 0.311, 0.315, 0.336, 0.348, 0.32, 0.341, 0.338, 0.34, 0.348, 0.333, 0.33, 0.354, 0.347, 0.357, 0.337, 0.354, 0.34, 0.341, 0.345, 0.34, 0.338, 0.345, 0.341, 0.337, 0.333, 0.334, 0.329, 0.338, 0.331, 0.345, 0.331, 0.357, 0.327, 0.339, 0.327, 0.354, 0.344, 0.33, 0.328, 0.325, 0.334, 0.361, 0.35, 0.336, 0.336, 0.349, 0.345, 0.342, 0.341, 0.331, 0.329, 0.343, 0.321, 0.34, 0.34, 0.333, 0.355, 0.344, 0.331, 0.342, 0.345, 0.341, 0.346, 0.349, 0.341, 0.345, 0.354, 0.345, 0.339, 0.332, 0.344, 0.331, 0.347, 0.344, 0.341, 0.363, 0.358, 0.35, 0.342, 0.345, 0.343, 0.345, 0.342, 0.348, 0.357, 0.357, 0.349, 0.331, 0.355, 0.359, 0.357, 0.344, 0.352, 0.343, 0.341, 0.353, 0.345, 0.358, 0.345, 0.349, 0.348, 0.346, 0.339, 0.345, 0.34, 0.346, 0.345, 0.345, 0.351, 0.347, 0.343, 0.33, 0.356, 0.331, 0.359, 0.333, 0.357, 0.344, 0.347, 0.345, 0.355, 0.346, 0.35, 0.345, 0.347, 0.348, 0.347, 0.353, 0.36, 0.356, 0.338, 0.352, 0.337, 0.35, 0.369, 0.34]
Test Scores w/o background: [0.052, 0.078, 0.096, 0.086, 0.062, 0.042, 0.026, 0.018, 0.014, 0.016, 0.011, 0.012, 0.008, 0.016, 0.011, 0.009, 0.01, 0.013, 0.033, 0.019, 0.015, 0.017, 0.024, 0.031, 0.041, 0.038, 0.028, 0.044, 0.043, 0.053, 0.046, 0.046, 0.042, 0.038, 0.046, 0.05, 0.053, 0.05, 0.046, 0.038, 0.051, 0.049, 0.04, 0.045, 0.052, 0.044, 0.051, 0.046, 0.047, 0.061, 0.051, 0.038, 0.04, 0.063, 0.05, 0.06, 0.061, 0.054, 0.052, 0.061, 0.052, 0.072, 0.071, 0.07, 0.069, 0.065, 0.068, 0.062, 0.059, 0.063, 0.069, 0.079, 0.073, 0.07, 0.064, 0.081, 0.078, 0.066, 0.074, 0.085, 0.073, 0.076, 0.083, 0.072, 0.066, 0.083, 0.084, 0.083, 0.085, 0.075, 0.088, 0.087, 0.082, 0.091, 0.075, 0.089, 0.095, 0.085, 0.094, 0.097, 0.112, 0.094, 0.106, 0.106, 0.118, 0.132, 0.102, 0.108, 0.137, 0.141, 0.121, 0.141, 0.121, 0.138, 0.107, 0.112, 0.137, 0.151, 0.119, 0.144, 0.139, 0.142, 0.153, 0.135, 0.132, 0.161, 0.151, 0.165, 0.138, 0.16, 0.144, 0.145, 0.147, 0.142, 0.142, 0.149, 0.144, 0.139, 0.136, 0.136, 0.128, 0.14, 0.13, 0.15, 0.134, 0.164, 0.128, 0.143, 0.127, 0.161, 0.148, 0.131, 0.128, 0.124, 0.136, 0.17, 0.155, 0.138, 0.138, 0.154, 0.149, 0.145, 0.143, 0.131, 0.129, 0.147, 0.12, 0.144, 0.144, 0.135, 0.162, 0.149, 0.132, 0.146, 0.15, 0.145, 0.151, 0.153, 0.146, 0.15, 0.161, 0.149, 0.143, 0.132, 0.148, 0.132, 0.151, 0.147, 0.143, 0.172, 0.165, 0.155, 0.147, 0.15, 0.148, 0.15, 0.147, 0.153, 0.164, 0.164, 0.157, 0.131, 0.163, 0.167, 0.164, 0.149, 0.158, 0.146, 0.146, 0.158, 0.149, 0.166, 0.149, 0.155, 0.154, 0.151, 0.141, 0.148, 0.142, 0.15, 0.15, 0.149, 0.157, 0.152, 0.147, 0.131, 0.162, 0.131, 0.167, 0.134, 0.166, 0.148, 0.154, 0.151, 0.162, 0.151, 0.156, 0.15, 0.151, 0.152, 0.151, 0.159, 0.169, 0.163, 0.139, 0.158, 0.138, 0.156, 0.179, 0.144]
Train Scores: [0.251, 0.291, 0.306, 0.289, 0.283, 0.26, 0.25, 0.243, 0.244, 0.246, 0.24, 0.243, 0.239, 0.246, 0.241, 0.241, 0.246, 0.255, 0.274, 0.256, 0.258, 0.258, 0.258, 0.262, 0.263, 0.258, 0.259, 0.268, 0.264, 0.277, 0.261, 0.269, 0.269, 0.27, 0.271, 0.275, 0.278, 0.28, 0.267, 0.27, 0.273, 0.276, 0.267, 0.272, 0.281, 0.279, 0.277, 0.276, 0.271, 0.285, 0.276, 0.275, 0.274, 0.286, 0.279, 0.284, 0.283, 0.284, 0.278, 0.283, 0.279, 0.286, 0.291, 0.29, 0.292, 0.288, 0.29, 0.286, 0.285, 0.282, 0.292, 0.299, 0.292, 0.289, 0.29, 0.299, 0.299, 0.29, 0.292, 0.301, 0.296, 0.298, 0.302, 0.293, 0.289, 0.302, 0.305, 0.302, 0.301, 0.301, 0.303, 0.303, 0.302, 0.309, 0.294, 0.312, 0.32, 0.311, 0.317, 0.324, 0.336, 0.327, 0.333, 0.326, 0.344, 0.347, 0.328, 0.335, 0.353, 0.36, 0.339, 0.352, 0.337, 0.351, 0.327, 0.329, 0.349, 0.363, 0.344, 0.358, 0.356, 0.353, 0.363, 0.35, 0.351, 0.372, 0.359, 0.373, 0.357, 0.367, 0.353, 0.353, 0.36, 0.361, 0.349, 0.359, 0.36, 0.354, 0.349, 0.35, 0.343, 0.356, 0.351, 0.358, 0.344, 0.374, 0.345, 0.355, 0.346, 0.37, 0.357, 0.351, 0.347, 0.348, 0.348, 0.377, 0.367, 0.354, 0.35, 0.362, 0.358, 0.357, 0.357, 0.348, 0.35, 0.358, 0.343, 0.359, 0.354, 0.346, 0.37, 0.358, 0.344, 0.353, 0.359, 0.352, 0.359, 0.361, 0.357, 0.357, 0.365, 0.357, 0.353, 0.346, 0.363, 0.351, 0.364, 0.358, 0.356, 0.378, 0.372, 0.365, 0.356, 0.361, 0.358, 0.362, 0.356, 0.365, 0.373, 0.373, 0.359, 0.348, 0.369, 0.374, 0.374, 0.361, 0.367, 0.362, 0.354, 0.368, 0.359, 0.373, 0.359, 0.366, 0.358, 0.359, 0.354, 0.357, 0.357, 0.363, 0.362, 0.361, 0.364, 0.361, 0.362, 0.348, 0.369, 0.346, 0.375, 0.348, 0.369, 0.357, 0.361, 0.362, 0.368, 0.361, 0.367, 0.36, 0.364, 0.367, 0.358, 0.368, 0.373, 0.369, 0.358, 0.367, 0.35, 0.367, 0.383, 0.355]
Train Scores w/o background: [0.059, 0.086, 0.097, 0.079, 0.069, 0.041, 0.029, 0.019, 0.014, 0.017, 0.01, 0.012, 0.007, 0.017, 0.012, 0.011, 0.016, 0.027, 0.05, 0.028, 0.032, 0.032, 0.031, 0.036, 0.039, 0.032, 0.034, 0.045, 0.04, 0.057, 0.038, 0.046, 0.048, 0.048, 0.05, 0.053, 0.06, 0.059, 0.048, 0.048, 0.055, 0.057, 0.049, 0.054, 0.063, 0.059, 0.059, 0.056, 0.05, 0.066, 0.058, 0.054, 0.058, 0.068, 0.061, 0.068, 0.065, 0.066, 0.059, 0.066, 0.06, 0.07, 0.075, 0.077, 0.078, 0.071, 0.075, 0.07, 0.068, 0.066, 0.08, 0.087, 0.078, 0.073, 0.077, 0.089, 0.087, 0.075, 0.077, 0.089, 0.082, 0.086, 0.089, 0.079, 0.074, 0.092, 0.094, 0.09, 0.09, 0.089, 0.094, 0.094, 0.09, 0.099, 0.081, 0.103, 0.114, 0.101, 0.113, 0.119, 0.136, 0.125, 0.132, 0.125, 0.145, 0.154, 0.126, 0.135, 0.158, 0.168, 0.142, 0.156, 0.139, 0.157, 0.126, 0.128, 0.154, 0.17, 0.148, 0.165, 0.161, 0.159, 0.172, 0.157, 0.157, 0.184, 0.167, 0.186, 0.164, 0.177, 0.161, 0.16, 0.166, 0.168, 0.155, 0.167, 0.167, 0.16, 0.155, 0.155, 0.147, 0.162, 0.155, 0.166, 0.149, 0.185, 0.15, 0.162, 0.15, 0.181, 0.164, 0.158, 0.151, 0.153, 0.153, 0.19, 0.175, 0.16, 0.155, 0.17, 0.166, 0.164, 0.163, 0.152, 0.156, 0.165, 0.147, 0.167, 0.161, 0.15, 0.181, 0.166, 0.149, 0.16, 0.167, 0.158, 0.167, 0.168, 0.165, 0.165, 0.175, 0.165, 0.16, 0.15, 0.172, 0.157, 0.172, 0.165, 0.162, 0.191, 0.182, 0.174, 0.163, 0.169, 0.166, 0.17, 0.163, 0.174, 0.185, 0.184, 0.169, 0.153, 0.18, 0.187, 0.186, 0.17, 0.177, 0.17, 0.162, 0.178, 0.167, 0.185, 0.167, 0.175, 0.166, 0.168, 0.16, 0.163, 0.164, 0.171, 0.17, 0.169, 0.173, 0.169, 0.17, 0.153, 0.179, 0.15, 0.188, 0.153, 0.181, 0.164, 0.171, 0.171, 0.178, 0.169, 0.177, 0.168, 0.172, 0.176, 0.165, 0.177, 0.185, 0.179, 0.165, 0.176, 0.155, 0.177, 0.197, 0.163]
Train Loss: [185.037, 145.576, 127.025, 112.201, 99.314, 86.881, 73.875, 60.954, 49.225, 40.449, 32.258, 25.108, 19.264, 14.84, 12.044, 10.439, 9.526, 9.016, 8.44, 8.159, 8.139, 7.843, 7.583, 7.115, 6.821, 6.715, 6.552, 6.338, 6.352, 6.502, 6.286, 6.13, 5.524, 5.472, 5.361, 5.497, 5.566, 5.073, 5.09, 4.995, 5.036, 4.911, 4.954, 4.595, 4.509, 4.449, 4.346, 4.308, 4.257, 4.351, 4.42, 4.457, 4.092, 4.003, 3.817, 3.756, 3.616, 3.525, 3.228, 3.094, 3.049, 3.088, 3.081, 2.906, 2.856, 2.552, 2.527, 2.717, 2.568, 2.413, 2.296, 2.271, 2.187, 2.052, 2.081, 2.111, 1.951, 2.007, 2.0, 1.887, 1.823, 1.742, 1.859, 1.864, 1.744, 1.866, 1.761, 1.709, 1.846, 1.677, 1.559, 1.503, 1.44, 1.519, 1.502, 1.557, 1.482, 1.493, 1.461, 1.551, 1.594, 1.608, 1.597, 1.546, 1.46, 1.343, 1.386, 1.359, 1.264, 1.194, 1.151, 1.161, 1.108, 1.124, 1.071, 1.067, 1.141, 1.181, 1.199, 1.087, 0.956, 0.893, 0.852, 0.804, 0.756, 0.725, 0.705, 0.695, 0.677, 0.648, 0.637, 0.623, 0.617, 0.61, 0.608, 0.598, 0.592, 0.593, 0.583, 0.581, 0.587, 0.586, 0.587, 0.584, 0.577, 0.562, 0.551, 0.549, 0.547, 0.547, 0.541, 0.543, 0.544, 0.548, 0.54, 0.536, 0.538, 0.537, 0.539, 0.542, 0.544, 0.546, 0.547, 0.549, 0.548, 0.543, 0.54, 0.533, 0.527, 0.528, 0.522, 0.531, 0.534, 0.528, 0.526, 0.524, 0.525, 0.523, 0.52, 0.517, 0.526, 0.524, 0.523, 0.522, 0.519, 0.519, 0.524, 0.516, 0.521, 0.524, 0.513, 0.508, 0.502, 0.506, 0.501, 0.5, 0.51, 0.508, 0.508, 0.516, 0.506, 0.505, 0.502, 0.502, 0.501, 0.498, 0.496, 0.499, 0.498, 0.495, 0.497, 0.496, 0.495, 0.499, 0.496, 0.492, 0.488, 0.494, 0.496, 0.496, 0.5, 0.499, 0.496, 0.498, 0.489, 0.49, 0.494, 0.482, 0.486, 0.484, 0.484, 0.482, 0.486, 0.489, 0.492, 0.493, 0.493, 0.492, 0.502, 0.494, 0.482, 0.478, 0.491, 0.481, 0.484, 0.489, 0.486, 0.482, 0.479, 0.477]
Test Loss: [185.695, 145.389, 126.734, 111.746, 98.881, 86.459, 73.44, 60.526, 48.868, 40.374, 32.516, 25.742, 19.993, 15.634, 13.202, 11.84, 11.173, 11.223, 11.15, 10.517, 10.119, 9.518, 9.691, 9.142, 8.84, 8.843, 8.945, 8.703, 8.723, 8.941, 8.413, 8.993, 8.526, 8.305, 8.114, 8.783, 8.008, 8.411, 8.077, 8.142, 8.656, 7.792, 8.306, 7.806, 7.905, 7.893, 8.16, 8.258, 8.185, 8.254, 8.25, 8.193, 7.585, 7.945, 7.895, 8.032, 7.743, 7.978, 8.096, 7.51, 7.529, 7.282, 7.202, 7.772, 7.369, 7.226, 7.112, 6.92, 7.54, 7.048, 6.637, 6.694, 6.649, 6.363, 6.018, 6.328, 6.308, 6.704, 5.918, 6.178, 6.117, 5.936, 5.791, 6.018, 6.002, 6.359, 6.092, 5.977, 6.022, 5.652, 4.999, 5.336, 4.922, 5.563, 5.044, 5.461, 5.123, 5.677, 5.743, 5.291, 5.291, 5.319, 5.735, 5.254, 5.348, 4.756, 5.126, 4.663, 4.835, 5.541, 4.697, 4.924, 5.433, 5.398, 4.823, 4.771, 4.85, 4.505, 5.135, 4.51, 4.624, 4.625, 4.619, 4.434, 4.631, 4.489, 4.52, 4.465, 4.559, 4.499, 4.44, 4.498, 4.449, 4.493, 4.484, 4.49, 4.436, 4.475, 4.469, 4.498, 4.513, 4.518, 4.417, 4.514, 4.454, 4.509, 4.429, 4.449, 4.533, 4.528, 4.477, 4.47, 4.441, 4.496, 4.473, 4.46, 4.531, 4.5, 4.428, 4.483, 4.524, 4.51, 4.488, 4.45, 4.502, 4.516, 4.478, 4.484, 4.475, 4.528, 4.486, 4.447, 4.487, 4.498, 4.478, 4.491, 4.516, 4.503, 4.494, 4.503, 4.495, 4.525, 4.545, 4.465, 4.5, 4.506, 4.507, 4.485, 4.552, 4.474, 4.512, 4.518, 4.517, 4.545, 4.5, 4.504, 4.53, 4.504, 4.506, 4.456, 4.487, 4.566, 4.508, 4.521, 4.488, 4.519, 4.531, 4.498, 4.511, 4.57, 4.506, 4.524, 4.56, 4.563, 4.51, 4.503, 4.535, 4.512, 4.535, 4.526, 4.493, 4.511, 4.528, 4.547, 4.512, 4.537, 4.554, 4.528, 4.584, 4.519, 4.504, 4.537, 4.57, 4.507, 4.557, 4.489, 4.543, 4.588, 4.488, 4.526, 4.486, 4.493, 4.574, 4.471, 4.494, 4.561, 4.585, 4.519, 4.564, 4.538]
Max test score: 0.369 found at epoch: 249
Max test score shapes: 0.179 found at epoch: 249
