Active: ImageLevelloss True True False 1 
Active: Adjacencyloss True True 30 0.0001 
Active: OneHotloss True 20 
Active: MinSizeBackgroundloss True 1 

Test Scores: [0.242, 0.28, 0.307, 0.313, 0.329, 0.294, 0.258, 0.248, 0.248, 0.244, 0.24, 0.239, 0.236, 0.239, 0.239, 0.236, 0.236, 0.237, 0.236, 0.247, 0.24, 0.238, 0.236, 0.229, 0.23, 0.236, 0.234, 0.228, 0.238, 0.223, 0.236, 0.229, 0.227, 0.229, 0.228, 0.228, 0.224, 0.228, 0.231, 0.231, 0.228, 0.232, 0.231, 0.227, 0.229, 0.253, 0.223, 0.228, 0.225, 0.23, 0.23, 0.227, 0.228, 0.231, 0.228, 0.224, 0.228, 0.225, 0.224, 0.226, 0.222, 0.221, 0.221, 0.221, 0.22, 0.223, 0.226, 0.231, 0.221, 0.222, 0.217, 0.221, 0.218, 0.221, 0.22, 0.216, 0.219, 0.227, 0.22, 0.22, 0.225, 0.22, 0.219, 0.221, 0.225, 0.22, 0.226, 0.22, 0.221, 0.229, 0.221, 0.217, 0.222, 0.226, 0.222, 0.217, 0.221, 0.224, 0.216, 0.224, 0.223, 0.224, 0.221, 0.22, 0.219, 0.217, 0.226, 0.232, 0.22, 0.217, 0.22, 0.222, 0.222, 0.226, 0.24, 0.227, 0.224, 0.221, 0.227, 0.222, 0.224, 0.226, 0.219, 0.225, 0.223, 0.218, 0.224, 0.219, 0.225, 0.221, 0.225, 0.224, 0.222, 0.222, 0.224, 0.222, 0.223, 0.223, 0.22, 0.228, 0.233, 0.224, 0.229, 0.223, 0.227, 0.217, 0.227, 0.223, 0.231, 0.22, 0.225, 0.228, 0.227, 0.229, 0.23, 0.217, 0.218, 0.222, 0.226, 0.218, 0.221, 0.225, 0.227, 0.225, 0.226, 0.222, 0.226, 0.223, 0.227, 0.226, 0.22, 0.223, 0.232, 0.226, 0.223, 0.227, 0.225, 0.227, 0.225, 0.228, 0.22, 0.226, 0.223, 0.236, 0.223, 0.231, 0.223, 0.224, 0.225, 0.217, 0.22, 0.224, 0.224, 0.223, 0.224, 0.22, 0.225, 0.221, 0.217, 0.216, 0.224, 0.233, 0.217, 0.219, 0.223, 0.224, 0.224, 0.222, 0.226, 0.22, 0.223, 0.22, 0.225, 0.222, 0.224, 0.228, 0.225, 0.237, 0.227, 0.226, 0.225, 0.226, 0.219, 0.224, 0.222, 0.226, 0.22, 0.231, 0.219, 0.229, 0.219, 0.226, 0.221, 0.221, 0.224, 0.222, 0.223, 0.227, 0.225, 0.225, 0.225, 0.22, 0.22, 0.221, 0.227, 0.22, 0.226, 0.222, 0.217, 0.23]
Test Scores w/o background: [0.049, 0.073, 0.098, 0.111, 0.121, 0.079, 0.035, 0.023, 0.022, 0.016, 0.01, 0.009, 0.006, 0.009, 0.009, 0.007, 0.008, 0.008, 0.008, 0.019, 0.011, 0.009, 0.007, 0.002, 0.003, 0.007, 0.006, 0.005, 0.008, 0.0, 0.006, 0.002, 0.004, 0.003, 0.006, 0.005, 0.004, 0.004, 0.009, 0.009, 0.009, 0.018, 0.009, 0.007, 0.008, 0.037, 0.0, 0.005, 0.003, 0.007, 0.009, 0.006, 0.01, 0.007, 0.006, 0.0, 0.009, 0.005, 0.003, 0.005, 0.002, 0.001, 0.001, 0.001, 0.001, 0.003, 0.006, 0.01, 0.004, 0.004, 0.002, 0.006, 0.002, 0.002, 0.005, 0.0, 0.0, 0.009, 0.001, 0.001, 0.008, 0.004, 0.002, 0.003, 0.007, 0.001, 0.008, 0.002, 0.003, 0.015, 0.004, 0.0, 0.003, 0.008, 0.006, 0.0, 0.003, 0.006, 0.001, 0.006, 0.004, 0.005, 0.003, 0.004, 0.0, 0.0, 0.007, 0.013, 0.002, 0.0, 0.003, 0.002, 0.003, 0.007, 0.024, 0.008, 0.004, 0.003, 0.006, 0.004, 0.007, 0.006, 0.003, 0.007, 0.005, 0.001, 0.005, 0.004, 0.005, 0.002, 0.006, 0.006, 0.003, 0.004, 0.005, 0.004, 0.005, 0.005, 0.001, 0.008, 0.015, 0.005, 0.01, 0.004, 0.006, 0.001, 0.009, 0.004, 0.011, 0.002, 0.006, 0.009, 0.006, 0.011, 0.011, 0.0, 0.001, 0.002, 0.008, 0.0, 0.003, 0.006, 0.008, 0.007, 0.007, 0.004, 0.007, 0.005, 0.007, 0.008, 0.002, 0.004, 0.012, 0.007, 0.005, 0.007, 0.006, 0.008, 0.006, 0.009, 0.0, 0.007, 0.006, 0.018, 0.005, 0.014, 0.004, 0.007, 0.006, 0.0, 0.001, 0.005, 0.007, 0.005, 0.006, 0.001, 0.007, 0.002, 0.0, 0.001, 0.006, 0.013, 0.0, 0.001, 0.005, 0.007, 0.006, 0.003, 0.008, 0.001, 0.005, 0.001, 0.007, 0.004, 0.006, 0.008, 0.007, 0.021, 0.007, 0.006, 0.005, 0.008, 0.001, 0.005, 0.003, 0.007, 0.002, 0.012, 0.001, 0.01, 0.0, 0.007, 0.002, 0.004, 0.004, 0.002, 0.004, 0.008, 0.007, 0.007, 0.007, 0.0, 0.001, 0.002, 0.008, 0.001, 0.007, 0.003, 0.0, 0.01]
Train Scores: [0.249, 0.288, 0.309, 0.311, 0.331, 0.297, 0.263, 0.253, 0.25, 0.248, 0.244, 0.242, 0.238, 0.241, 0.242, 0.237, 0.238, 0.239, 0.239, 0.25, 0.244, 0.242, 0.238, 0.232, 0.233, 0.238, 0.237, 0.232, 0.242, 0.226, 0.241, 0.233, 0.231, 0.233, 0.233, 0.234, 0.226, 0.231, 0.236, 0.238, 0.237, 0.238, 0.237, 0.232, 0.237, 0.259, 0.227, 0.235, 0.234, 0.24, 0.24, 0.237, 0.238, 0.241, 0.238, 0.228, 0.236, 0.231, 0.232, 0.235, 0.228, 0.226, 0.224, 0.226, 0.224, 0.23, 0.236, 0.242, 0.228, 0.231, 0.224, 0.231, 0.224, 0.229, 0.229, 0.222, 0.224, 0.235, 0.225, 0.226, 0.236, 0.228, 0.226, 0.229, 0.232, 0.225, 0.238, 0.226, 0.227, 0.238, 0.228, 0.221, 0.229, 0.238, 0.232, 0.223, 0.229, 0.235, 0.221, 0.234, 0.231, 0.234, 0.229, 0.229, 0.225, 0.221, 0.234, 0.243, 0.226, 0.222, 0.229, 0.229, 0.229, 0.237, 0.248, 0.237, 0.232, 0.228, 0.238, 0.231, 0.237, 0.237, 0.227, 0.237, 0.233, 0.225, 0.234, 0.227, 0.235, 0.228, 0.236, 0.234, 0.229, 0.23, 0.233, 0.231, 0.232, 0.232, 0.227, 0.239, 0.246, 0.233, 0.241, 0.232, 0.237, 0.224, 0.238, 0.232, 0.243, 0.228, 0.235, 0.242, 0.237, 0.241, 0.242, 0.221, 0.224, 0.229, 0.238, 0.224, 0.228, 0.235, 0.238, 0.236, 0.238, 0.231, 0.238, 0.232, 0.237, 0.237, 0.228, 0.232, 0.245, 0.237, 0.232, 0.238, 0.235, 0.238, 0.235, 0.241, 0.227, 0.237, 0.233, 0.249, 0.232, 0.243, 0.232, 0.234, 0.235, 0.223, 0.227, 0.233, 0.234, 0.232, 0.234, 0.227, 0.235, 0.229, 0.222, 0.223, 0.234, 0.246, 0.223, 0.226, 0.232, 0.235, 0.234, 0.23, 0.235, 0.227, 0.232, 0.228, 0.235, 0.231, 0.234, 0.24, 0.235, 0.247, 0.237, 0.236, 0.235, 0.237, 0.225, 0.233, 0.23, 0.237, 0.228, 0.244, 0.226, 0.242, 0.223, 0.237, 0.229, 0.23, 0.233, 0.229, 0.231, 0.239, 0.236, 0.236, 0.237, 0.226, 0.227, 0.228, 0.239, 0.228, 0.236, 0.23, 0.221, 0.241]
Train Scores w/o background: [0.058, 0.083, 0.101, 0.109, 0.124, 0.084, 0.04, 0.027, 0.023, 0.02, 0.014, 0.012, 0.007, 0.011, 0.011, 0.008, 0.009, 0.009, 0.01, 0.022, 0.015, 0.013, 0.008, 0.005, 0.006, 0.009, 0.008, 0.008, 0.011, 0.001, 0.011, 0.006, 0.006, 0.007, 0.012, 0.011, 0.006, 0.006, 0.015, 0.017, 0.018, 0.024, 0.016, 0.012, 0.017, 0.042, 0.004, 0.012, 0.013, 0.018, 0.02, 0.016, 0.02, 0.019, 0.016, 0.003, 0.018, 0.01, 0.011, 0.014, 0.009, 0.005, 0.003, 0.005, 0.004, 0.009, 0.017, 0.023, 0.011, 0.014, 0.009, 0.017, 0.007, 0.01, 0.014, 0.006, 0.005, 0.017, 0.006, 0.006, 0.02, 0.013, 0.009, 0.013, 0.014, 0.006, 0.021, 0.008, 0.009, 0.025, 0.01, 0.004, 0.011, 0.022, 0.017, 0.007, 0.012, 0.019, 0.005, 0.017, 0.012, 0.016, 0.011, 0.013, 0.006, 0.003, 0.016, 0.027, 0.008, 0.004, 0.013, 0.009, 0.011, 0.019, 0.033, 0.019, 0.013, 0.01, 0.018, 0.013, 0.021, 0.018, 0.011, 0.02, 0.017, 0.008, 0.014, 0.012, 0.017, 0.009, 0.017, 0.017, 0.011, 0.012, 0.015, 0.013, 0.014, 0.015, 0.008, 0.02, 0.03, 0.016, 0.024, 0.014, 0.018, 0.007, 0.021, 0.013, 0.026, 0.01, 0.017, 0.026, 0.019, 0.026, 0.025, 0.004, 0.006, 0.01, 0.022, 0.006, 0.01, 0.017, 0.021, 0.02, 0.02, 0.012, 0.02, 0.014, 0.019, 0.021, 0.01, 0.014, 0.027, 0.019, 0.014, 0.02, 0.017, 0.02, 0.017, 0.023, 0.007, 0.02, 0.016, 0.033, 0.015, 0.028, 0.013, 0.018, 0.017, 0.005, 0.009, 0.015, 0.018, 0.015, 0.016, 0.008, 0.018, 0.009, 0.004, 0.007, 0.016, 0.029, 0.005, 0.008, 0.014, 0.019, 0.017, 0.011, 0.019, 0.008, 0.015, 0.009, 0.018, 0.013, 0.017, 0.022, 0.019, 0.033, 0.018, 0.017, 0.016, 0.02, 0.007, 0.015, 0.012, 0.019, 0.01, 0.027, 0.009, 0.026, 0.003, 0.019, 0.011, 0.013, 0.013, 0.01, 0.013, 0.023, 0.02, 0.018, 0.02, 0.006, 0.009, 0.01, 0.022, 0.01, 0.017, 0.011, 0.002, 0.023]
Train Loss: [126.093, 98.932, 86.338, 76.319, 67.423, 58.68, 49.85, 40.811, 32.576, 27.438, 22.719, 18.283, 14.493, 11.431, 9.102, 7.611, 6.776, 6.286, 5.908, 5.582, 5.37, 5.14, 4.965, 4.775, 4.649, 4.605, 4.656, 4.625, 4.641, 4.478, 4.389, 4.388, 4.329, 4.202, 4.148, 4.15, 4.172, 4.041, 3.999, 3.856, 3.739, 3.801, 3.715, 3.68, 3.616, 3.492, 3.343, 3.352, 3.427, 3.231, 3.292, 3.33, 3.273, 3.108, 2.958, 2.74, 2.636, 2.519, 2.585, 2.483, 2.456, 2.537, 2.443, 2.32, 2.16, 2.114, 2.164, 2.025, 1.861, 1.75, 1.681, 1.661, 1.629, 1.569, 1.606, 1.491, 1.474, 1.354, 1.382, 1.275, 1.246, 1.188, 1.061, 1.059, 1.051, 1.015, 1.064, 1.057, 1.084, 1.042, 1.037, 0.992, 0.979, 0.895, 0.851, 0.868, 0.86, 0.92, 0.86, 0.789, 0.724, 0.696, 0.731, 0.732, 0.698, 0.655, 0.655, 0.697, 0.702, 0.675, 0.662, 0.637, 0.614, 0.627, 0.614, 0.61, 0.602, 0.584, 0.67, 0.59, 0.481, 0.449, 0.399, 0.374, 0.349, 0.335, 0.319, 0.307, 0.299, 0.291, 0.283, 0.283, 0.278, 0.272, 0.267, 0.26, 0.257, 0.251, 0.251, 0.248, 0.25, 0.25, 0.243, 0.243, 0.246, 0.245, 0.24, 0.235, 0.233, 0.235, 0.235, 0.234, 0.232, 0.226, 0.224, 0.222, 0.224, 0.228, 0.235, 0.226, 0.227, 0.232, 0.23, 0.229, 0.219, 0.218, 0.221, 0.221, 0.229, 0.232, 0.224, 0.223, 0.218, 0.22, 0.225, 0.225, 0.231, 0.219, 0.214, 0.22, 0.213, 0.21, 0.207, 0.204, 0.207, 0.207, 0.208, 0.212, 0.208, 0.21, 0.212, 0.209, 0.209, 0.21, 0.214, 0.211, 0.213, 0.215, 0.212, 0.206, 0.207, 0.213, 0.203, 0.202, 0.21, 0.21, 0.217, 0.214, 0.218, 0.219, 0.214, 0.206, 0.205, 0.201, 0.203, 0.204, 0.202, 0.198, 0.201, 0.199, 0.201, 0.198, 0.196, 0.196, 0.198, 0.196, 0.2, 0.202, 0.198, 0.198, 0.205, 0.205, 0.202, 0.201, 0.203, 0.199, 0.194, 0.191, 0.187, 0.192, 0.206, 0.208, 0.206, 0.208, 0.204, 0.205, 0.201, 0.199, 0.191, 0.187]
Test Loss: [126.666, 98.934, 86.246, 76.117, 67.235, 58.54, 49.724, 40.658, 32.378, 27.376, 22.829, 18.649, 15.037, 12.029, 9.812, 8.416, 7.529, 7.076, 6.802, 6.602, 6.339, 6.299, 6.121, 5.931, 5.964, 5.904, 6.049, 5.67, 5.831, 5.704, 5.729, 5.676, 5.695, 5.509, 5.188, 5.303, 5.234, 5.153, 5.041, 4.795, 4.962, 4.725, 4.753, 4.851, 4.632, 4.665, 4.716, 4.427, 4.722, 4.218, 4.389, 4.598, 4.318, 4.112, 3.969, 3.968, 4.166, 3.946, 3.755, 4.039, 3.603, 3.647, 3.792, 3.846, 3.8, 3.714, 3.582, 3.582, 3.266, 3.252, 3.431, 3.427, 3.364, 3.179, 2.949, 3.138, 2.986, 2.816, 2.815, 2.824, 2.828, 3.098, 2.733, 2.774, 2.629, 2.724, 2.827, 2.76, 2.419, 2.644, 2.871, 2.718, 2.778, 2.529, 2.708, 2.629, 2.318, 2.509, 2.484, 2.535, 2.446, 2.377, 2.467, 2.427, 2.571, 2.345, 2.438, 2.598, 2.403, 2.304, 2.468, 2.307, 2.632, 2.324, 2.334, 2.5, 2.359, 2.381, 2.288, 2.286, 2.427, 2.477, 2.353, 2.368, 2.383, 2.38, 2.407, 2.431, 2.373, 2.433, 2.537, 2.446, 2.455, 2.428, 2.471, 2.431, 2.472, 2.495, 2.49, 2.479, 2.526, 2.5, 2.503, 2.481, 2.491, 2.49, 2.467, 2.455, 2.484, 2.467, 2.534, 2.495, 2.531, 2.504, 2.528, 2.53, 2.5, 2.497, 2.472, 2.488, 2.472, 2.494, 2.455, 2.575, 2.525, 2.528, 2.52, 2.503, 2.528, 2.584, 2.553, 2.562, 2.497, 2.53, 2.51, 2.468, 2.504, 2.553, 2.504, 2.552, 2.554, 2.538, 2.568, 2.533, 2.516, 2.522, 2.539, 2.518, 2.545, 2.555, 2.551, 2.551, 2.551, 2.564, 2.624, 2.589, 2.553, 2.463, 2.56, 2.57, 2.604, 2.555, 2.605, 2.542, 2.534, 2.602, 2.609, 2.634, 2.563, 2.654, 2.587, 2.629, 2.629, 2.679, 2.614, 2.67, 2.595, 2.619, 2.636, 2.628, 2.644, 2.649, 2.628, 2.642, 2.61, 2.609, 2.612, 2.599, 2.695, 2.675, 2.724, 2.701, 2.647, 2.622, 2.688, 2.653, 2.708, 2.715, 2.703, 2.66, 2.718, 2.659, 2.681, 2.623, 2.674, 2.784, 2.699, 2.712, 2.692, 2.73]
Max test score: 0.329 found at epoch: 5
Max test score shapes: 0.121 found at epoch: 5
