Active: ImageLevelloss True True True 1 
Active: Adjacencyloss True True 30 0.0001 
Active: OneHotloss True 20 
Active: MinSizeBackgroundloss True 1 

Test Scores: [0.234, 0.268, 0.291, 0.295, 0.296, 0.285, 0.28, 0.286, 0.293, 0.258, 0.242, 0.232, 0.217, 0.2, 0.21, 0.205, 0.183, 0.188, 0.185, 0.183, 0.186, 0.179, 0.17, 0.174, 0.176, 0.178, 0.177, 0.188, 0.209, 0.212, 0.22, 0.217, 0.215, 0.218, 0.219, 0.216, 0.206, 0.216, 0.212, 0.216, 0.212, 0.216, 0.22, 0.217, 0.22, 0.225, 0.222, 0.219, 0.219, 0.204, 0.206, 0.219, 0.231, 0.223, 0.221, 0.215, 0.22, 0.227, 0.227, 0.231, 0.224, 0.226, 0.234, 0.245, 0.237, 0.239, 0.245, 0.242, 0.235, 0.228, 0.222, 0.221, 0.232, 0.239, 0.257, 0.239, 0.222, 0.221, 0.223, 0.216, 0.223, 0.22, 0.224, 0.231, 0.234, 0.23, 0.225, 0.216, 0.224, 0.235, 0.231, 0.233, 0.233, 0.24, 0.241, 0.237, 0.233, 0.23, 0.226, 0.239, 0.24, 0.247, 0.25, 0.244, 0.24, 0.232, 0.227, 0.224, 0.224, 0.228, 0.227, 0.224, 0.225, 0.235, 0.228, 0.234, 0.233, 0.236, 0.227, 0.229, 0.225, 0.227, 0.233, 0.229, 0.235, 0.234, 0.233, 0.235, 0.235, 0.235, 0.234, 0.234, 0.23, 0.233, 0.232, 0.233, 0.231, 0.232, 0.236, 0.232, 0.227, 0.232, 0.226, 0.233, 0.232, 0.232, 0.232, 0.232, 0.231, 0.233, 0.231, 0.231, 0.232, 0.234, 0.23, 0.232, 0.232, 0.233, 0.23, 0.234, 0.233, 0.23, 0.234, 0.234, 0.234, 0.237, 0.236, 0.239, 0.234, 0.234, 0.238, 0.237, 0.229, 0.235, 0.234, 0.231, 0.233, 0.234, 0.235, 0.235, 0.232, 0.233, 0.234, 0.231, 0.235, 0.229, 0.23, 0.23, 0.23, 0.231, 0.23, 0.229, 0.23, 0.232, 0.23, 0.224, 0.226, 0.231, 0.226, 0.228, 0.231, 0.222, 0.228, 0.234, 0.232, 0.228, 0.232, 0.227, 0.232, 0.231, 0.229, 0.232, 0.231, 0.23, 0.233, 0.229, 0.231, 0.23, 0.232, 0.228, 0.229, 0.226, 0.234, 0.233, 0.237, 0.235, 0.232, 0.232, 0.234, 0.226, 0.234, 0.226, 0.234, 0.233, 0.231, 0.233, 0.229, 0.23, 0.23, 0.232, 0.226, 0.228, 0.232, 0.231, 0.227, 0.23, 0.227, 0.232, 0.233, 0.228]
Test Scores w/o background: [0.042, 0.062, 0.086, 0.092, 0.091, 0.077, 0.065, 0.067, 0.073, 0.044, 0.034, 0.028, 0.024, 0.016, 0.02, 0.019, 0.008, 0.011, 0.009, 0.012, 0.01, 0.005, 0.002, 0.001, 0.006, 0.011, 0.01, 0.017, 0.042, 0.043, 0.056, 0.049, 0.051, 0.053, 0.06, 0.054, 0.04, 0.056, 0.048, 0.054, 0.055, 0.055, 0.058, 0.056, 0.054, 0.056, 0.044, 0.048, 0.047, 0.041, 0.038, 0.045, 0.054, 0.049, 0.056, 0.055, 0.063, 0.065, 0.063, 0.068, 0.061, 0.06, 0.059, 0.064, 0.054, 0.059, 0.059, 0.066, 0.062, 0.063, 0.056, 0.055, 0.064, 0.065, 0.064, 0.045, 0.037, 0.051, 0.053, 0.042, 0.052, 0.049, 0.049, 0.049, 0.049, 0.044, 0.047, 0.048, 0.058, 0.062, 0.065, 0.067, 0.064, 0.064, 0.064, 0.062, 0.064, 0.063, 0.062, 0.065, 0.063, 0.063, 0.06, 0.054, 0.058, 0.055, 0.057, 0.058, 0.057, 0.063, 0.065, 0.057, 0.06, 0.063, 0.058, 0.06, 0.062, 0.07, 0.065, 0.068, 0.064, 0.064, 0.066, 0.065, 0.068, 0.066, 0.064, 0.067, 0.066, 0.067, 0.066, 0.066, 0.066, 0.067, 0.065, 0.066, 0.065, 0.066, 0.067, 0.065, 0.062, 0.064, 0.06, 0.066, 0.065, 0.067, 0.064, 0.067, 0.064, 0.062, 0.062, 0.064, 0.064, 0.063, 0.06, 0.065, 0.066, 0.067, 0.064, 0.067, 0.067, 0.064, 0.064, 0.065, 0.065, 0.067, 0.065, 0.067, 0.063, 0.066, 0.068, 0.068, 0.061, 0.066, 0.067, 0.062, 0.064, 0.066, 0.063, 0.065, 0.063, 0.065, 0.066, 0.061, 0.07, 0.065, 0.064, 0.069, 0.067, 0.066, 0.066, 0.064, 0.067, 0.066, 0.065, 0.059, 0.065, 0.065, 0.062, 0.064, 0.065, 0.057, 0.062, 0.066, 0.065, 0.06, 0.062, 0.063, 0.064, 0.065, 0.064, 0.065, 0.065, 0.065, 0.066, 0.059, 0.064, 0.06, 0.066, 0.058, 0.059, 0.06, 0.067, 0.067, 0.067, 0.065, 0.061, 0.062, 0.062, 0.061, 0.065, 0.056, 0.066, 0.064, 0.062, 0.065, 0.061, 0.064, 0.061, 0.064, 0.058, 0.064, 0.065, 0.064, 0.061, 0.066, 0.062, 0.065, 0.065, 0.062]
Train Scores: [0.244, 0.28, 0.298, 0.302, 0.297, 0.291, 0.286, 0.288, 0.293, 0.265, 0.242, 0.233, 0.219, 0.203, 0.213, 0.205, 0.185, 0.189, 0.186, 0.184, 0.186, 0.18, 0.172, 0.176, 0.178, 0.179, 0.179, 0.191, 0.218, 0.228, 0.238, 0.233, 0.234, 0.237, 0.236, 0.232, 0.228, 0.232, 0.225, 0.228, 0.23, 0.234, 0.237, 0.234, 0.233, 0.24, 0.241, 0.24, 0.237, 0.223, 0.225, 0.236, 0.245, 0.241, 0.235, 0.222, 0.224, 0.235, 0.235, 0.238, 0.233, 0.237, 0.247, 0.254, 0.249, 0.247, 0.255, 0.25, 0.245, 0.237, 0.233, 0.233, 0.239, 0.246, 0.264, 0.251, 0.236, 0.228, 0.234, 0.228, 0.233, 0.231, 0.233, 0.239, 0.241, 0.241, 0.234, 0.224, 0.233, 0.245, 0.237, 0.239, 0.242, 0.248, 0.25, 0.245, 0.241, 0.237, 0.232, 0.246, 0.247, 0.254, 0.257, 0.251, 0.247, 0.238, 0.234, 0.231, 0.23, 0.222, 0.222, 0.228, 0.228, 0.234, 0.225, 0.231, 0.234, 0.231, 0.225, 0.224, 0.224, 0.225, 0.231, 0.228, 0.232, 0.231, 0.233, 0.233, 0.235, 0.233, 0.234, 0.234, 0.229, 0.232, 0.232, 0.231, 0.23, 0.23, 0.232, 0.231, 0.227, 0.231, 0.227, 0.23, 0.23, 0.226, 0.23, 0.225, 0.23, 0.234, 0.232, 0.23, 0.23, 0.233, 0.23, 0.227, 0.226, 0.228, 0.228, 0.227, 0.226, 0.229, 0.232, 0.233, 0.232, 0.233, 0.235, 0.237, 0.235, 0.232, 0.234, 0.234, 0.23, 0.233, 0.231, 0.232, 0.232, 0.233, 0.236, 0.235, 0.233, 0.233, 0.234, 0.233, 0.229, 0.229, 0.231, 0.224, 0.226, 0.228, 0.227, 0.228, 0.226, 0.228, 0.227, 0.22, 0.221, 0.228, 0.221, 0.226, 0.228, 0.224, 0.224, 0.229, 0.231, 0.23, 0.232, 0.222, 0.231, 0.226, 0.227, 0.229, 0.229, 0.227, 0.228, 0.232, 0.231, 0.233, 0.23, 0.232, 0.233, 0.23, 0.231, 0.233, 0.237, 0.236, 0.236, 0.235, 0.236, 0.229, 0.229, 0.231, 0.232, 0.234, 0.233, 0.231, 0.231, 0.23, 0.232, 0.231, 0.229, 0.226, 0.229, 0.23, 0.229, 0.227, 0.229, 0.23, 0.231, 0.23]
Train Scores w/o background: [0.054, 0.078, 0.095, 0.102, 0.092, 0.085, 0.073, 0.069, 0.074, 0.053, 0.038, 0.032, 0.028, 0.021, 0.026, 0.021, 0.009, 0.012, 0.01, 0.013, 0.01, 0.006, 0.003, 0.002, 0.008, 0.011, 0.011, 0.02, 0.054, 0.064, 0.08, 0.07, 0.075, 0.078, 0.083, 0.076, 0.068, 0.077, 0.066, 0.07, 0.078, 0.078, 0.079, 0.078, 0.071, 0.075, 0.069, 0.073, 0.07, 0.065, 0.063, 0.067, 0.072, 0.071, 0.073, 0.064, 0.068, 0.074, 0.072, 0.076, 0.072, 0.074, 0.076, 0.075, 0.069, 0.069, 0.071, 0.075, 0.073, 0.072, 0.068, 0.068, 0.071, 0.075, 0.072, 0.062, 0.055, 0.059, 0.066, 0.059, 0.065, 0.063, 0.06, 0.059, 0.059, 0.059, 0.058, 0.058, 0.069, 0.075, 0.072, 0.075, 0.075, 0.074, 0.075, 0.073, 0.073, 0.071, 0.069, 0.073, 0.07, 0.071, 0.068, 0.062, 0.066, 0.061, 0.065, 0.066, 0.062, 0.052, 0.056, 0.06, 0.063, 0.06, 0.053, 0.055, 0.062, 0.062, 0.062, 0.059, 0.062, 0.061, 0.062, 0.062, 0.063, 0.062, 0.063, 0.063, 0.065, 0.064, 0.065, 0.065, 0.063, 0.065, 0.064, 0.062, 0.062, 0.061, 0.06, 0.062, 0.061, 0.062, 0.06, 0.06, 0.061, 0.057, 0.062, 0.056, 0.061, 0.062, 0.062, 0.062, 0.06, 0.061, 0.06, 0.058, 0.057, 0.058, 0.06, 0.056, 0.056, 0.061, 0.06, 0.062, 0.061, 0.06, 0.064, 0.063, 0.063, 0.062, 0.062, 0.061, 0.061, 0.062, 0.061, 0.062, 0.062, 0.062, 0.064, 0.064, 0.064, 0.064, 0.065, 0.063, 0.06, 0.064, 0.064, 0.058, 0.06, 0.061, 0.06, 0.062, 0.06, 0.059, 0.06, 0.052, 0.057, 0.06, 0.054, 0.06, 0.06, 0.059, 0.055, 0.058, 0.061, 0.062, 0.062, 0.055, 0.06, 0.058, 0.06, 0.059, 0.06, 0.06, 0.059, 0.062, 0.063, 0.063, 0.061, 0.062, 0.063, 0.064, 0.061, 0.065, 0.065, 0.066, 0.064, 0.065, 0.064, 0.063, 0.058, 0.06, 0.062, 0.063, 0.062, 0.061, 0.062, 0.062, 0.063, 0.062, 0.062, 0.061, 0.06, 0.062, 0.063, 0.06, 0.063, 0.061, 0.061, 0.063]
Train Loss: [59.918, 45.482, 39.017, 33.933, 29.161, 24.444, 19.567, 14.581, 10.037, 7.732, 6.107, 4.932, 4.213, 3.583, 3.121, 2.796, 2.539, 2.329, 2.156, 2.037, 1.894, 1.793, 1.664, 1.572, 1.464, 1.409, 1.317, 1.256, 1.124, 0.964, 0.814, 0.741, 0.67, 0.583, 0.514, 0.411, 0.378, 0.316, 0.262, 0.21, 0.181, 0.187, 0.179, 0.15, 0.165, 0.125, 0.109, 0.109, 0.089, 0.087, 0.118, 0.095, 0.075, 0.065, 0.062, 0.049, 0.102, 0.069, 0.049, 0.04, 0.046, 0.09, 0.059, 0.071, 0.089, 0.078, 0.102, 0.211, 0.057, 0.063, 0.112, 0.148, 0.073, 0.041, 0.052, 0.206, 0.086, 0.108, 0.078, 0.066, 0.065, 0.067, 0.073, 0.106, 0.425, 0.121, 0.053, 0.048, 0.044, 0.117, 0.106, 0.039, 0.042, 0.049, 0.07, 0.033, 0.037, 0.031, 0.049, 0.046, 0.054, 0.064, 0.092, 0.088, 0.215, 0.105, 0.054, 0.047, 0.082, 0.091, 0.073, 0.033, 0.056, 0.027, 0.026, 0.031, 0.032, 0.052, 0.041, 0.08, 0.049, 0.03, 0.023, 0.025, 0.024, 0.021, 0.02, 0.02, 0.021, 0.02, 0.019, 0.019, 0.02, 0.019, 0.019, 0.018, 0.018, 0.019, 0.018, 0.018, 0.018, 0.017, 0.018, 0.017, 0.018, 0.017, 0.018, 0.017, 0.016, 0.017, 0.016, 0.016, 0.016, 0.016, 0.019, 0.019, 0.018, 0.017, 0.016, 0.015, 0.016, 0.016, 0.016, 0.015, 0.015, 0.016, 0.015, 0.015, 0.015, 0.014, 0.015, 0.015, 0.016, 0.017, 0.016, 0.016, 0.015, 0.015, 0.014, 0.015, 0.014, 0.015, 0.014, 0.014, 0.015, 0.014, 0.016, 0.016, 0.017, 0.016, 0.015, 0.015, 0.016, 0.016, 0.016, 0.015, 0.014, 0.014, 0.014, 0.014, 0.014, 0.014, 0.014, 0.014, 0.017, 0.014, 0.016, 0.014, 0.015, 0.017, 0.013, 0.015, 0.013, 0.014, 0.013, 0.014, 0.013, 0.014, 0.014, 0.014, 0.014, 0.014, 0.015, 0.015, 0.016, 0.014, 0.017, 0.014, 0.014, 0.014, 0.014, 0.013, 0.013, 0.014, 0.013, 0.013, 0.013, 0.013, 0.013, 0.013, 0.014, 0.013, 0.014, 0.013, 0.014, 0.014, 0.013, 0.013, 0.013, 0.013]
Test Loss: [60.394, 45.659, 39.136, 34.034, 29.248, 24.54, 19.685, 14.73, 10.16, 7.994, 6.525, 5.537, 4.908, 4.206, 3.665, 3.261, 2.903, 2.668, 2.507, 2.331, 2.208, 2.07, 1.877, 1.824, 1.659, 1.596, 1.467, 1.417, 1.272, 1.168, 1.094, 0.993, 0.976, 0.819, 0.702, 0.635, 0.613, 0.485, 0.397, 0.432, 0.349, 0.454, 0.297, 0.375, 0.291, 0.12, 0.226, 0.346, 0.252, 0.304, 0.368, 0.207, 0.084, 0.159, 0.195, 0.131, 0.225, 0.214, 0.117, 0.138, 0.109, 0.098, 0.131, 0.158, 0.136, 0.142, 0.164, 0.563, 0.082, 0.085, 0.114, 0.152, 0.141, 0.04, 0.038, 0.189, 0.15, 0.115, 0.158, 0.065, 0.08, 0.093, 0.108, 0.17, 0.966, 0.097, 0.069, 0.064, 0.05, 0.199, 0.183, 0.072, 0.088, 0.067, 0.056, 0.046, 0.045, 0.031, 0.043, 0.062, 0.04, 0.031, 0.048, 0.128, 0.122, 0.033, 0.048, 0.038, 0.054, 0.104, 0.123, 0.042, 0.04, 0.025, 0.043, 0.033, 0.03, 0.037, 0.038, 0.045, 0.036, 0.022, 0.02, 0.02, 0.019, 0.019, 0.019, 0.018, 0.02, 0.021, 0.019, 0.021, 0.021, 0.019, 0.021, 0.021, 0.019, 0.021, 0.018, 0.019, 0.019, 0.018, 0.019, 0.018, 0.019, 0.017, 0.021, 0.019, 0.017, 0.019, 0.018, 0.018, 0.018, 0.017, 0.018, 0.017, 0.017, 0.019, 0.016, 0.017, 0.019, 0.017, 0.019, 0.018, 0.016, 0.019, 0.015, 0.018, 0.017, 0.016, 0.019, 0.017, 0.017, 0.018, 0.017, 0.017, 0.018, 0.017, 0.017, 0.018, 0.017, 0.018, 0.016, 0.018, 0.019, 0.016, 0.018, 0.016, 0.018, 0.017, 0.017, 0.016, 0.018, 0.017, 0.017, 0.017, 0.017, 0.017, 0.019, 0.018, 0.019, 0.017, 0.018, 0.016, 0.026, 0.015, 0.023, 0.019, 0.016, 0.021, 0.014, 0.019, 0.015, 0.017, 0.016, 0.017, 0.016, 0.018, 0.018, 0.015, 0.017, 0.019, 0.022, 0.019, 0.024, 0.019, 0.027, 0.02, 0.021, 0.02, 0.02, 0.02, 0.02, 0.021, 0.02, 0.02, 0.019, 0.021, 0.018, 0.016, 0.019, 0.017, 0.018, 0.015, 0.019, 0.017, 0.016, 0.018, 0.017, 0.016]
Max test score: 0.296 found at epoch: 5
Max test score shapes: 0.092 found at epoch: 4
