Active: ImageLevelloss True True False 2 
Active: Adjacencyloss True True 10 0.0001 
Active: OneHotloss True 10 
Active: MinSizeBackgroundloss True 1 

Test Scores: [0.246, 0.285, 0.305, 0.293, 0.276, 0.258, 0.247, 0.242, 0.243, 0.243, 0.239, 0.241, 0.237, 0.242, 0.24, 0.236, 0.232, 0.244, 0.243, 0.239, 0.237, 0.234, 0.227, 0.229, 0.23, 0.23, 0.234, 0.227, 0.222, 0.225, 0.23, 0.221, 0.222, 0.226, 0.23, 0.223, 0.225, 0.226, 0.221, 0.222, 0.222, 0.22, 0.218, 0.227, 0.223, 0.225, 0.216, 0.222, 0.227, 0.225, 0.222, 0.225, 0.221, 0.214, 0.225, 0.227, 0.222, 0.226, 0.223, 0.224, 0.225, 0.223, 0.224, 0.22, 0.214, 0.225, 0.218, 0.223, 0.221, 0.224, 0.216, 0.226, 0.222, 0.222, 0.215, 0.217, 0.22, 0.218, 0.215, 0.219, 0.219, 0.221, 0.22, 0.22, 0.222, 0.221, 0.223, 0.219, 0.219, 0.217, 0.222, 0.215, 0.222, 0.22, 0.224, 0.216, 0.219, 0.224, 0.217, 0.215, 0.225, 0.22, 0.217, 0.22, 0.223, 0.217, 0.222, 0.222, 0.216, 0.215, 0.216, 0.223, 0.223, 0.223, 0.219, 0.234, 0.223, 0.225, 0.224, 0.229, 0.225, 0.227, 0.217, 0.226, 0.22, 0.218, 0.226, 0.213, 0.219, 0.225, 0.227, 0.224, 0.223, 0.222, 0.23, 0.221, 0.221, 0.221, 0.224, 0.223, 0.23, 0.223, 0.224, 0.221, 0.225, 0.218, 0.224, 0.228, 0.228, 0.218, 0.224, 0.222, 0.226, 0.218, 0.231, 0.216, 0.217, 0.223, 0.225, 0.222, 0.227, 0.225, 0.221, 0.221, 0.22, 0.224, 0.221, 0.219, 0.225, 0.232, 0.222, 0.226, 0.232, 0.229, 0.223, 0.228, 0.221, 0.226, 0.221, 0.236, 0.231, 0.225, 0.22, 0.231, 0.222, 0.225, 0.223, 0.222, 0.224, 0.219, 0.224, 0.224, 0.222, 0.219, 0.221, 0.222, 0.22, 0.225, 0.219, 0.217, 0.224, 0.227, 0.216, 0.218, 0.221, 0.218, 0.219, 0.223, 0.222, 0.223, 0.227, 0.221, 0.227, 0.217, 0.227, 0.228, 0.227, 0.229, 0.228, 0.224, 0.223, 0.227, 0.23, 0.226, 0.23, 0.238, 0.225, 0.236, 0.22, 0.228, 0.224, 0.238, 0.227, 0.221, 0.23, 0.227, 0.224, 0.226, 0.233, 0.223, 0.229, 0.226, 0.229, 0.224, 0.225, 0.223, 0.234, 0.224, 0.218, 0.239]
Test Scores w/o background: [0.053, 0.078, 0.096, 0.084, 0.06, 0.04, 0.027, 0.02, 0.014, 0.015, 0.01, 0.012, 0.007, 0.014, 0.012, 0.006, 0.003, 0.017, 0.017, 0.009, 0.009, 0.005, 0.0, 0.001, 0.001, 0.002, 0.006, 0.0, 0.001, 0.0, 0.001, 0.0, 0.001, 0.0, 0.005, 0.0, 0.002, 0.0, 0.0, 0.0, 0.0, 0.0, 0.0, 0.0, 0.0, 0.0, 0.0, 0.0, 0.0, 0.0, 0.0, 0.0, 0.0, 0.0, 0.0, 0.0, 0.0, 0.0, 0.0, 0.0, 0.0, 0.0, 0.0, 0.0, 0.0, 0.0, 0.002, 0.0, 0.001, 0.0, 0.0, 0.001, 0.0, 0.001, 0.0, 0.0, 0.001, 0.0, 0.001, 0.0, 0.003, 0.0, 0.0, 0.0, 0.002, 0.001, 0.0, 0.001, 0.001, 0.003, 0.001, 0.001, 0.002, 0.003, 0.003, 0.0, 0.0, 0.003, 0.0, 0.001, 0.0, 0.002, 0.003, 0.002, 0.001, 0.0, 0.005, 0.005, 0.001, 0.0, 0.002, 0.003, 0.003, 0.008, 0.004, 0.018, 0.003, 0.005, 0.011, 0.013, 0.006, 0.007, 0.004, 0.01, 0.004, 0.002, 0.005, 0.001, 0.005, 0.006, 0.01, 0.007, 0.004, 0.003, 0.012, 0.005, 0.004, 0.004, 0.007, 0.006, 0.013, 0.005, 0.008, 0.005, 0.006, 0.002, 0.009, 0.011, 0.011, 0.003, 0.007, 0.004, 0.006, 0.005, 0.014, 0.001, 0.002, 0.005, 0.008, 0.005, 0.012, 0.011, 0.006, 0.007, 0.003, 0.014, 0.007, 0.002, 0.005, 0.019, 0.003, 0.009, 0.014, 0.015, 0.006, 0.008, 0.004, 0.008, 0.004, 0.019, 0.011, 0.005, 0.004, 0.013, 0.007, 0.01, 0.004, 0.009, 0.006, 0.002, 0.006, 0.004, 0.006, 0.003, 0.007, 0.003, 0.004, 0.004, 0.003, 0.002, 0.007, 0.01, 0.003, 0.004, 0.003, 0.003, 0.005, 0.005, 0.003, 0.004, 0.012, 0.005, 0.012, 0.003, 0.009, 0.007, 0.011, 0.013, 0.007, 0.008, 0.004, 0.011, 0.014, 0.008, 0.013, 0.022, 0.005, 0.02, 0.003, 0.011, 0.01, 0.023, 0.008, 0.014, 0.011, 0.011, 0.003, 0.009, 0.019, 0.011, 0.013, 0.005, 0.01, 0.011, 0.008, 0.009, 0.019, 0.009, 0.005, 0.023]
Train Scores: [0.251, 0.291, 0.306, 0.289, 0.282, 0.258, 0.252, 0.245, 0.243, 0.245, 0.24, 0.242, 0.238, 0.244, 0.241, 0.238, 0.234, 0.246, 0.247, 0.242, 0.239, 0.237, 0.228, 0.229, 0.23, 0.23, 0.235, 0.228, 0.222, 0.225, 0.231, 0.22, 0.221, 0.227, 0.232, 0.223, 0.225, 0.226, 0.22, 0.221, 0.222, 0.221, 0.217, 0.228, 0.222, 0.225, 0.215, 0.222, 0.227, 0.225, 0.221, 0.225, 0.22, 0.213, 0.225, 0.226, 0.222, 0.227, 0.223, 0.223, 0.225, 0.223, 0.224, 0.22, 0.214, 0.225, 0.218, 0.224, 0.221, 0.224, 0.217, 0.227, 0.221, 0.223, 0.215, 0.217, 0.22, 0.217, 0.215, 0.219, 0.219, 0.221, 0.22, 0.22, 0.223, 0.222, 0.223, 0.218, 0.219, 0.216, 0.222, 0.214, 0.222, 0.22, 0.224, 0.216, 0.219, 0.224, 0.217, 0.215, 0.226, 0.219, 0.217, 0.22, 0.223, 0.217, 0.222, 0.222, 0.216, 0.215, 0.216, 0.224, 0.226, 0.224, 0.22, 0.239, 0.226, 0.229, 0.227, 0.234, 0.227, 0.231, 0.218, 0.232, 0.223, 0.217, 0.229, 0.213, 0.221, 0.23, 0.231, 0.228, 0.227, 0.223, 0.234, 0.225, 0.225, 0.224, 0.228, 0.226, 0.234, 0.227, 0.228, 0.223, 0.228, 0.219, 0.23, 0.232, 0.232, 0.219, 0.228, 0.225, 0.23, 0.221, 0.235, 0.217, 0.218, 0.227, 0.23, 0.226, 0.23, 0.228, 0.225, 0.225, 0.223, 0.228, 0.226, 0.22, 0.227, 0.235, 0.225, 0.23, 0.236, 0.232, 0.227, 0.232, 0.224, 0.229, 0.224, 0.239, 0.233, 0.229, 0.223, 0.235, 0.225, 0.229, 0.226, 0.227, 0.228, 0.222, 0.227, 0.227, 0.225, 0.221, 0.226, 0.226, 0.222, 0.228, 0.22, 0.219, 0.228, 0.231, 0.22, 0.22, 0.225, 0.221, 0.223, 0.228, 0.226, 0.226, 0.23, 0.224, 0.23, 0.219, 0.23, 0.232, 0.232, 0.233, 0.231, 0.226, 0.227, 0.231, 0.234, 0.23, 0.236, 0.246, 0.229, 0.243, 0.221, 0.233, 0.228, 0.243, 0.231, 0.226, 0.233, 0.232, 0.227, 0.231, 0.237, 0.228, 0.233, 0.229, 0.232, 0.228, 0.229, 0.228, 0.24, 0.229, 0.221, 0.244]
Train Scores w/o background: [0.06, 0.086, 0.097, 0.079, 0.068, 0.039, 0.031, 0.023, 0.014, 0.016, 0.01, 0.012, 0.007, 0.016, 0.012, 0.006, 0.004, 0.017, 0.02, 0.012, 0.012, 0.008, 0.001, 0.001, 0.001, 0.003, 0.007, 0.001, 0.001, 0.0, 0.003, 0.001, 0.001, 0.001, 0.007, 0.0, 0.001, 0.0, 0.001, 0.001, 0.0, 0.002, 0.0, 0.001, 0.0, 0.0, 0.0, 0.0, 0.001, 0.0, 0.0, 0.0, 0.0, 0.0, 0.0, 0.0, 0.0, 0.001, 0.001, 0.001, 0.0, 0.0, 0.001, 0.0, 0.0, 0.001, 0.002, 0.001, 0.002, 0.001, 0.0, 0.001, 0.0, 0.002, 0.001, 0.001, 0.001, 0.001, 0.002, 0.001, 0.004, 0.001, 0.001, 0.001, 0.003, 0.003, 0.001, 0.002, 0.001, 0.003, 0.002, 0.001, 0.002, 0.003, 0.003, 0.001, 0.001, 0.003, 0.0, 0.001, 0.002, 0.002, 0.003, 0.002, 0.002, 0.001, 0.005, 0.005, 0.001, 0.001, 0.002, 0.004, 0.008, 0.01, 0.007, 0.026, 0.006, 0.01, 0.016, 0.021, 0.01, 0.013, 0.006, 0.019, 0.008, 0.002, 0.009, 0.002, 0.009, 0.013, 0.016, 0.012, 0.01, 0.006, 0.018, 0.011, 0.01, 0.01, 0.013, 0.012, 0.019, 0.01, 0.013, 0.01, 0.012, 0.005, 0.017, 0.018, 0.017, 0.005, 0.012, 0.009, 0.011, 0.01, 0.02, 0.004, 0.006, 0.011, 0.015, 0.011, 0.018, 0.016, 0.012, 0.014, 0.008, 0.02, 0.015, 0.004, 0.008, 0.024, 0.007, 0.015, 0.02, 0.02, 0.012, 0.013, 0.009, 0.013, 0.008, 0.023, 0.016, 0.011, 0.01, 0.018, 0.012, 0.017, 0.009, 0.015, 0.011, 0.007, 0.011, 0.01, 0.011, 0.006, 0.014, 0.009, 0.008, 0.009, 0.005, 0.006, 0.013, 0.016, 0.01, 0.008, 0.008, 0.008, 0.011, 0.013, 0.01, 0.009, 0.016, 0.01, 0.016, 0.007, 0.014, 0.013, 0.018, 0.019, 0.013, 0.011, 0.01, 0.017, 0.02, 0.015, 0.021, 0.033, 0.01, 0.029, 0.007, 0.018, 0.016, 0.029, 0.014, 0.023, 0.017, 0.017, 0.008, 0.016, 0.026, 0.019, 0.02, 0.009, 0.016, 0.017, 0.015, 0.017, 0.027, 0.016, 0.01, 0.03]
Train Loss: [185.03, 145.562, 127.019, 112.197, 99.302, 86.858, 73.861, 60.958, 49.229, 40.485, 32.306, 25.154, 19.3, 14.841, 11.986, 10.402, 9.557, 9.214, 8.902, 8.847, 8.728, 8.239, 7.981, 7.566, 7.195, 6.938, 6.702, 6.682, 6.446, 6.308, 6.116, 6.16, 6.06, 5.902, 6.161, 5.969, 5.77, 5.702, 5.401, 5.28, 5.166, 5.025, 5.102, 4.953, 4.792, 4.613, 4.613, 4.562, 4.447, 4.447, 4.361, 4.085, 3.954, 3.855, 3.803, 3.696, 3.752, 3.93, 3.751, 3.592, 3.293, 3.433, 3.307, 3.378, 3.198, 3.132, 3.08, 2.894, 2.916, 2.543, 2.756, 2.795, 2.671, 2.571, 2.422, 2.274, 2.422, 2.426, 2.225, 2.17, 2.111, 1.99, 1.988, 1.96, 1.992, 2.292, 2.025, 1.944, 1.94, 1.958, 1.942, 1.736, 1.774, 1.694, 1.665, 1.575, 1.585, 1.683, 1.592, 1.604, 1.634, 1.658, 1.623, 1.64, 1.563, 1.698, 1.615, 1.614, 1.6, 1.583, 1.634, 1.552, 1.532, 1.547, 1.608, 1.585, 1.44, 1.554, 1.639, 1.396, 1.226, 1.14, 1.037, 0.975, 0.909, 0.883, 0.843, 0.835, 0.797, 0.8, 0.786, 0.755, 0.741, 0.731, 0.717, 0.708, 0.695, 0.691, 0.702, 0.692, 0.69, 0.676, 0.667, 0.665, 0.66, 0.652, 0.656, 0.653, 0.651, 0.661, 0.652, 0.65, 0.652, 0.64, 0.636, 0.629, 0.633, 0.632, 0.632, 0.628, 0.628, 0.623, 0.622, 0.63, 0.622, 0.62, 0.624, 0.615, 0.616, 0.625, 0.624, 0.616, 0.618, 0.614, 0.617, 0.607, 0.598, 0.6, 0.606, 0.607, 0.607, 0.599, 0.589, 0.594, 0.59, 0.603, 0.605, 0.612, 0.618, 0.616, 0.597, 0.596, 0.586, 0.586, 0.596, 0.606, 0.604, 0.607, 0.602, 0.6, 0.584, 0.586, 0.592, 0.591, 0.589, 0.582, 0.592, 0.599, 0.6, 0.588, 0.579, 0.59, 0.59, 0.582, 0.598, 0.612, 0.596, 0.588, 0.584, 0.582, 0.586, 0.587, 0.59, 0.593, 0.584, 0.586, 0.591, 0.583, 0.591, 0.578, 0.582, 0.592, 0.572, 0.576, 0.583, 0.589, 0.569, 0.573, 0.571, 0.574, 0.581, 0.578, 0.569, 0.568, 0.56, 0.557, 0.559, 0.554, 0.559, 0.557]
Test Loss: [185.689, 145.376, 126.728, 111.741, 98.871, 86.447, 73.423, 60.533, 48.98, 40.446, 32.603, 25.78, 20.034, 15.726, 12.989, 11.818, 10.976, 10.694, 10.693, 10.31, 10.374, 10.009, 9.461, 9.326, 8.881, 8.484, 8.87, 8.671, 8.607, 8.51, 8.357, 8.692, 8.121, 8.355, 8.538, 8.51, 8.224, 8.27, 8.644, 8.648, 8.484, 8.033, 8.683, 8.378, 8.118, 8.456, 8.364, 8.075, 8.437, 8.191, 8.284, 8.363, 7.909, 7.532, 7.597, 7.723, 7.627, 7.626, 7.231, 7.126, 7.532, 6.918, 7.077, 7.023, 7.062, 7.093, 6.796, 6.915, 7.657, 6.696, 6.869, 6.796, 6.803, 6.246, 6.228, 6.041, 6.211, 6.941, 5.843, 6.091, 5.91, 6.096, 6.147, 5.879, 6.095, 6.001, 6.387, 6.234, 6.215, 6.324, 6.244, 6.125, 6.172, 6.414, 6.04, 5.916, 5.899, 6.212, 6.103, 6.182, 5.968, 6.171, 5.716, 5.83, 5.678, 6.021, 5.697, 5.704, 5.779, 5.801, 6.725, 5.708, 5.345, 5.788, 5.988, 5.765, 5.865, 5.748, 5.994, 6.06, 5.791, 5.954, 5.622, 5.833, 5.617, 5.701, 5.699, 5.723, 5.693, 5.656, 5.695, 5.668, 5.662, 5.7, 5.666, 5.717, 5.662, 5.664, 5.665, 5.656, 5.635, 5.652, 5.679, 5.713, 5.649, 5.634, 5.671, 5.596, 5.66, 5.628, 5.621, 5.59, 5.605, 5.602, 5.595, 5.635, 5.619, 5.625, 5.62, 5.569, 5.592, 5.626, 5.569, 5.547, 5.584, 5.562, 5.603, 5.579, 5.565, 5.588, 5.576, 5.588, 5.544, 5.591, 5.552, 5.577, 5.567, 5.554, 5.576, 5.567, 5.609, 5.573, 5.586, 5.576, 5.581, 5.522, 5.56, 5.564, 5.547, 5.572, 5.569, 5.563, 5.599, 5.565, 5.578, 5.553, 5.564, 5.568, 5.537, 5.533, 5.547, 5.606, 5.549, 5.558, 5.554, 5.564, 5.571, 5.569, 5.585, 5.548, 5.536, 5.54, 5.538, 5.525, 5.564, 5.524, 5.542, 5.578, 5.544, 5.518, 5.572, 5.501, 5.483, 5.555, 5.579, 5.536, 5.495, 5.505, 5.555, 5.55, 5.54, 5.567, 5.504, 5.516, 5.514, 5.483, 5.575, 5.541, 5.538, 5.545, 5.468, 5.5, 5.502, 5.529, 5.453, 5.517, 5.504, 5.517, 5.519, 5.523]
Max test score: 0.305 found at epoch: 3
Max test score shapes: 0.096 found at epoch: 3
