Active: ImageLevelloss True True True 0.2 
Active: Adjacencyloss True True 30 0.0001 
Active: OneHotloss True 10 
Active: MinSizeBackgroundloss True 1 

Test Scores: [0.243, 0.284, 0.316, 0.318, 0.311, 0.267, 0.258, 0.253, 0.272, 0.244, 0.236, 0.214, 0.177, 0.17, 0.166, 0.165, 0.163, 0.164, 0.166, 0.164, 0.171, 0.171, 0.167, 0.17, 0.166, 0.165, 0.166, 0.16, 0.168, 0.165, 0.169, 0.165, 0.164, 0.171, 0.171, 0.164, 0.169, 0.175, 0.181, 0.182, 0.19, 0.19, 0.2, 0.211, 0.221, 0.23, 0.231, 0.233, 0.228, 0.222, 0.207, 0.198, 0.199, 0.193, 0.193, 0.183, 0.171, 0.168, 0.167, 0.165, 0.168, 0.165, 0.169, 0.171, 0.168, 0.164, 0.163, 0.162, 0.165, 0.164, 0.173, 0.18, 0.179, 0.175, 0.178, 0.184, 0.189, 0.195, 0.191, 0.192, 0.191, 0.184, 0.176, 0.169, 0.166, 0.173, 0.175, 0.184, 0.184, 0.181, 0.179, 0.182, 0.179, 0.181, 0.181, 0.178, 0.174, 0.172, 0.171, 0.17, 0.174, 0.173, 0.171, 0.167, 0.17, 0.177, 0.178, 0.175, 0.175, 0.176, 0.174, 0.169, 0.163, 0.169, 0.17, 0.173, 0.173, 0.172, 0.174, 0.173, 0.17, 0.171, 0.17, 0.17, 0.17, 0.169, 0.17, 0.168, 0.169, 0.167, 0.168, 0.168, 0.166, 0.167, 0.167, 0.167, 0.167, 0.165, 0.168, 0.168, 0.168, 0.168, 0.166, 0.169, 0.168, 0.165, 0.168, 0.166, 0.167, 0.167, 0.167, 0.166, 0.167, 0.167, 0.168, 0.168, 0.168, 0.168, 0.167, 0.166, 0.168, 0.168, 0.167, 0.169, 0.17, 0.169, 0.169, 0.168, 0.168, 0.168, 0.166, 0.169, 0.166, 0.169, 0.168, 0.167, 0.168, 0.168, 0.167, 0.166, 0.165, 0.166, 0.167, 0.168, 0.168, 0.169, 0.169, 0.168, 0.168, 0.166, 0.168, 0.167, 0.167, 0.169, 0.167, 0.167, 0.167, 0.167, 0.166, 0.166, 0.166, 0.166, 0.165, 0.167, 0.166, 0.165, 0.167, 0.165, 0.166, 0.166, 0.166, 0.165, 0.167, 0.166, 0.168, 0.168, 0.17, 0.169, 0.168, 0.168, 0.167, 0.169, 0.169, 0.168, 0.167, 0.167, 0.167, 0.167, 0.165, 0.163, 0.164, 0.166, 0.165, 0.163, 0.166, 0.167, 0.164, 0.168, 0.165, 0.167, 0.166, 0.166, 0.169, 0.167, 0.166, 0.166, 0.163, 0.166, 0.164, 0.165]
Test Scores w/o background: [0.049, 0.078, 0.11, 0.116, 0.106, 0.049, 0.035, 0.027, 0.051, 0.033, 0.027, 0.019, 0.004, 0.0, 0.001, 0.001, 0.001, 0.001, 0.001, 0.001, 0.0, 0.002, 0.003, 0.002, 0.001, 0.001, 0.0, 0.001, 0.0, 0.0, 0.003, 0.001, 0.0, 0.002, 0.003, 0.002, 0.002, 0.001, 0.0, 0.001, 0.003, 0.004, 0.009, 0.018, 0.026, 0.034, 0.036, 0.036, 0.033, 0.03, 0.025, 0.022, 0.021, 0.017, 0.017, 0.005, 0.001, 0.0, 0.0, 0.0, 0.0, 0.0, 0.0, 0.0, 0.0, 0.0, 0.0, 0.0, 0.001, 0.001, 0.005, 0.002, 0.001, 0.001, 0.003, 0.008, 0.015, 0.019, 0.007, 0.003, 0.002, 0.004, 0.002, 0.003, 0.003, 0.005, 0.005, 0.004, 0.002, 0.002, 0.006, 0.005, 0.001, 0.001, 0.001, 0.001, 0.001, 0.001, 0.003, 0.003, 0.002, 0.001, 0.001, 0.001, 0.001, 0.001, 0.002, 0.002, 0.002, 0.003, 0.003, 0.002, 0.002, 0.001, 0.001, 0.001, 0.001, 0.001, 0.0, 0.0, 0.0, 0.0, 0.001, 0.0, 0.0, 0.001, 0.0, 0.001, 0.0, 0.0, 0.0, 0.0, 0.0, 0.0, 0.0, 0.001, 0.001, 0.001, 0.001, 0.001, 0.0, 0.001, 0.001, 0.001, 0.001, 0.002, 0.001, 0.001, 0.0, 0.001, 0.001, 0.001, 0.001, 0.001, 0.001, 0.001, 0.001, 0.001, 0.001, 0.001, 0.001, 0.001, 0.001, 0.001, 0.001, 0.001, 0.001, 0.001, 0.001, 0.001, 0.002, 0.001, 0.001, 0.001, 0.001, 0.001, 0.001, 0.001, 0.001, 0.001, 0.001, 0.001, 0.001, 0.0, 0.001, 0.001, 0.001, 0.001, 0.001, 0.002, 0.001, 0.001, 0.001, 0.001, 0.001, 0.001, 0.001, 0.001, 0.002, 0.002, 0.001, 0.001, 0.002, 0.001, 0.001, 0.001, 0.001, 0.001, 0.001, 0.001, 0.001, 0.001, 0.001, 0.001, 0.001, 0.001, 0.001, 0.001, 0.001, 0.001, 0.001, 0.001, 0.001, 0.0, 0.001, 0.0, 0.001, 0.0, 0.001, 0.001, 0.001, 0.0, 0.0, 0.001, 0.0, 0.0, 0.001, 0.0, 0.001, 0.001, 0.0, 0.001, 0.0, 0.001, 0.001, 0.001, 0.001, 0.0, 0.001, 0.001]
Train Scores: [0.25, 0.292, 0.319, 0.317, 0.311, 0.268, 0.261, 0.253, 0.278, 0.247, 0.238, 0.215, 0.179, 0.172, 0.168, 0.167, 0.165, 0.166, 0.168, 0.166, 0.173, 0.173, 0.169, 0.172, 0.168, 0.167, 0.167, 0.162, 0.169, 0.166, 0.171, 0.167, 0.166, 0.174, 0.174, 0.167, 0.172, 0.177, 0.183, 0.185, 0.193, 0.194, 0.204, 0.214, 0.227, 0.236, 0.237, 0.24, 0.234, 0.226, 0.212, 0.202, 0.204, 0.197, 0.198, 0.187, 0.174, 0.17, 0.17, 0.168, 0.171, 0.167, 0.171, 0.173, 0.17, 0.166, 0.164, 0.164, 0.167, 0.167, 0.175, 0.182, 0.182, 0.177, 0.181, 0.189, 0.194, 0.199, 0.196, 0.195, 0.194, 0.187, 0.179, 0.172, 0.169, 0.178, 0.18, 0.187, 0.187, 0.185, 0.184, 0.187, 0.181, 0.183, 0.183, 0.18, 0.176, 0.175, 0.176, 0.174, 0.178, 0.177, 0.174, 0.17, 0.173, 0.18, 0.182, 0.178, 0.178, 0.179, 0.176, 0.171, 0.165, 0.171, 0.173, 0.176, 0.177, 0.175, 0.176, 0.175, 0.173, 0.174, 0.173, 0.173, 0.173, 0.172, 0.173, 0.171, 0.172, 0.17, 0.171, 0.171, 0.17, 0.17, 0.17, 0.169, 0.17, 0.168, 0.17, 0.171, 0.171, 0.171, 0.169, 0.172, 0.171, 0.168, 0.171, 0.17, 0.17, 0.17, 0.17, 0.169, 0.171, 0.171, 0.171, 0.171, 0.171, 0.171, 0.17, 0.17, 0.172, 0.171, 0.17, 0.172, 0.173, 0.172, 0.172, 0.171, 0.171, 0.171, 0.169, 0.172, 0.17, 0.172, 0.171, 0.171, 0.172, 0.171, 0.17, 0.169, 0.169, 0.169, 0.17, 0.172, 0.171, 0.173, 0.172, 0.171, 0.171, 0.169, 0.172, 0.17, 0.17, 0.172, 0.17, 0.17, 0.17, 0.17, 0.168, 0.169, 0.169, 0.17, 0.168, 0.17, 0.169, 0.168, 0.17, 0.168, 0.169, 0.169, 0.169, 0.169, 0.171, 0.17, 0.172, 0.172, 0.173, 0.172, 0.171, 0.172, 0.171, 0.172, 0.172, 0.171, 0.171, 0.171, 0.171, 0.17, 0.168, 0.167, 0.167, 0.169, 0.169, 0.166, 0.169, 0.17, 0.167, 0.171, 0.168, 0.17, 0.169, 0.169, 0.172, 0.17, 0.169, 0.169, 0.166, 0.169, 0.167, 0.168]
Train Scores w/o background: [0.058, 0.088, 0.115, 0.115, 0.106, 0.05, 0.039, 0.026, 0.058, 0.038, 0.033, 0.021, 0.005, 0.001, 0.001, 0.001, 0.001, 0.001, 0.001, 0.001, 0.001, 0.003, 0.004, 0.003, 0.002, 0.002, 0.001, 0.001, 0.0, 0.001, 0.004, 0.002, 0.001, 0.004, 0.004, 0.003, 0.003, 0.002, 0.001, 0.001, 0.005, 0.006, 0.013, 0.021, 0.033, 0.041, 0.043, 0.044, 0.04, 0.035, 0.03, 0.026, 0.026, 0.022, 0.022, 0.008, 0.001, 0.0, 0.0, 0.0, 0.0, 0.0, 0.0, 0.0, 0.0, 0.0, 0.0, 0.0, 0.001, 0.002, 0.006, 0.003, 0.002, 0.002, 0.006, 0.015, 0.021, 0.023, 0.013, 0.005, 0.005, 0.007, 0.005, 0.006, 0.006, 0.008, 0.008, 0.005, 0.004, 0.004, 0.01, 0.009, 0.003, 0.002, 0.001, 0.002, 0.002, 0.002, 0.004, 0.004, 0.003, 0.002, 0.002, 0.002, 0.003, 0.002, 0.003, 0.003, 0.003, 0.004, 0.003, 0.003, 0.003, 0.002, 0.001, 0.001, 0.001, 0.001, 0.001, 0.001, 0.001, 0.001, 0.001, 0.001, 0.001, 0.001, 0.001, 0.001, 0.001, 0.001, 0.001, 0.001, 0.001, 0.001, 0.001, 0.001, 0.001, 0.001, 0.001, 0.001, 0.001, 0.001, 0.001, 0.001, 0.001, 0.002, 0.001, 0.001, 0.001, 0.001, 0.001, 0.001, 0.001, 0.001, 0.001, 0.002, 0.002, 0.001, 0.001, 0.002, 0.002, 0.001, 0.001, 0.001, 0.001, 0.002, 0.001, 0.002, 0.001, 0.001, 0.002, 0.001, 0.001, 0.001, 0.001, 0.001, 0.001, 0.001, 0.001, 0.001, 0.001, 0.001, 0.001, 0.001, 0.001, 0.001, 0.001, 0.002, 0.001, 0.002, 0.001, 0.001, 0.001, 0.001, 0.001, 0.002, 0.002, 0.002, 0.002, 0.002, 0.002, 0.001, 0.002, 0.002, 0.002, 0.002, 0.001, 0.002, 0.002, 0.002, 0.001, 0.002, 0.001, 0.002, 0.001, 0.001, 0.001, 0.001, 0.001, 0.001, 0.001, 0.001, 0.001, 0.001, 0.001, 0.001, 0.001, 0.001, 0.002, 0.001, 0.001, 0.001, 0.001, 0.001, 0.001, 0.001, 0.001, 0.001, 0.001, 0.001, 0.001, 0.001, 0.001, 0.001, 0.001, 0.001, 0.001, 0.001, 0.002, 0.001]
Train Loss: [52.748, 38.874, 32.419, 27.237, 22.736, 18.281, 13.812, 9.311, 5.447, 4.181, 3.203, 2.379, 1.879, 1.551, 1.34, 1.187, 1.083, 1.016, 0.976, 0.954, 0.941, 0.924, 0.914, 0.91, 0.899, 0.902, 0.891, 0.816, 0.735, 0.639, 0.592, 0.507, 0.563, 0.508, 0.462, 0.424, 0.392, 0.382, 0.385, 0.376, 0.374, 0.379, 0.366, 0.368, 0.364, 0.368, 0.353, 0.338, 0.285, 0.206, 0.146, 0.166, 0.115, 0.086, 0.102, 0.068, 0.082, 0.053, 0.052, 0.052, 0.045, 0.056, 0.039, 0.043, 0.449, 0.065, 0.077, 0.035, 0.025, 0.031, 0.054, 0.075, 0.086, 0.055, 0.036, 0.031, 0.054, 0.046, 0.059, 0.107, 0.796, 0.386, 0.07, 0.027, 0.052, 0.026, 0.114, 0.069, 0.044, 0.036, 0.053, 0.174, 0.057, 0.057, 0.041, 0.033, 0.025, 0.018, 0.022, 0.021, 0.019, 0.018, 0.018, 0.016, 0.019, 0.08, 0.013, 0.335, 0.323, 0.244, 0.158, 0.058, 0.055, 0.048, 0.023, 0.054, 0.019, 0.011, 0.009, 0.01, 0.01, 0.008, 0.008, 0.008, 0.008, 0.008, 0.008, 0.008, 0.008, 0.008, 0.008, 0.008, 0.008, 0.008, 0.008, 0.008, 0.008, 0.008, 0.008, 0.008, 0.013, 0.016, 0.015, 0.014, 0.031, 0.014, 0.043, 0.119, 0.057, 0.013, 0.033, 0.049, 0.025, 0.01, 0.037, 0.085, 0.011, 0.017, 0.064, 0.149, 0.024, 0.007, 0.062, 0.083, 0.017, 0.051, 0.058, 0.044, 0.039, 0.041, 0.039, 0.041, 0.038, 0.028, 0.023, 0.031, 0.013, 0.03, 0.015, 0.016, 0.017, 0.008, 0.014, 0.049, 0.067, 0.07, 0.046, 0.046, 0.044, 0.058, 0.243, 0.216, 0.176, 0.168, 0.172, 0.179, 0.175, 0.174, 0.151, 0.129, 0.111, 0.138, 0.128, 0.113, 0.256, 0.11, 0.098, 0.066, 0.062, 0.058, 0.095, 0.083, 0.055, 0.045, 0.042, 0.061, 0.039, 0.032, 0.102, 0.102, 0.024, 0.065, 0.027, 0.008, 0.009, 0.125, 0.016, 0.009, 0.009, 0.039, 0.079, 0.022, 0.025, 0.017, 0.014, 0.036, 0.045, 0.092, 0.061, 0.01, 0.029, 0.058, 0.01, 0.01, 0.015, 0.019, 0.014, 0.013, 0.018, 0.017]
Test Loss: [53.205, 39.053, 32.553, 27.316, 22.83, 18.389, 13.932, 9.427, 5.496, 4.241, 3.329, 2.503, 2.024, 1.722, 1.51, 1.359, 1.244, 1.173, 1.131, 1.108, 1.095, 1.079, 1.069, 1.064, 1.053, 1.05, 1.039, 0.95, 0.856, 0.738, 0.614, 0.505, 0.527, 0.498, 0.439, 0.443, 0.393, 0.369, 0.377, 0.355, 0.349, 0.359, 0.35, 0.347, 0.345, 0.362, 0.328, 0.347, 0.304, 0.245, 0.178, 0.243, 0.14, 0.113, 0.113, 0.083, 0.138, 0.073, 0.078, 0.075, 0.059, 0.101, 0.045, 0.075, 0.57, 0.066, 0.087, 0.096, 0.072, 0.088, 0.045, 0.069, 0.146, 0.091, 0.055, 0.043, 0.041, 0.046, 0.094, 0.176, 0.658, 0.724, 0.092, 0.06, 0.056, 0.048, 0.114, 0.166, 0.098, 0.461, 0.459, 0.473, 0.065, 0.113, 0.066, 0.05, 0.027, 0.031, 0.022, 0.022, 0.024, 0.032, 0.055, 0.032, 0.036, 0.021, 0.011, 0.503, 0.555, 0.444, 0.209, 0.121, 0.085, 0.077, 0.106, 0.178, 0.052, 0.017, 0.009, 0.01, 0.011, 0.009, 0.009, 0.009, 0.009, 0.009, 0.009, 0.009, 0.009, 0.009, 0.009, 0.009, 0.008, 0.008, 0.009, 0.008, 0.008, 0.009, 0.008, 0.009, 0.01, 0.054, 0.035, 0.012, 0.022, 0.031, 0.022, 0.04, 0.01, 0.015, 0.153, 0.02, 0.011, 0.009, 0.013, 0.033, 0.014, 0.009, 0.028, 0.243, 0.189, 0.009, 0.01, 0.085, 0.014, 0.049, 0.158, 0.01, 0.013, 0.08, 0.012, 0.033, 0.01, 0.012, 0.014, 0.028, 0.091, 0.09, 0.039, 0.087, 0.087, 0.077, 0.056, 0.275, 0.073, 0.107, 0.329, 0.44, 0.451, 0.602, 0.553, 0.658, 0.566, 0.703, 0.655, 0.639, 0.679, 0.675, 0.487, 0.421, 0.498, 0.499, 0.436, 0.454, 0.513, 0.316, 0.264, 0.228, 0.19, 0.153, 0.171, 0.184, 0.178, 0.176, 0.18, 0.214, 0.176, 0.13, 0.137, 0.149, 0.084, 0.108, 0.144, 0.16, 0.237, 0.461, 0.369, 0.043, 0.023, 0.068, 0.172, 0.177, 0.135, 0.325, 0.174, 0.33, 0.444, 0.334, 0.344, 0.359, 0.225, 0.278, 0.402, 0.303, 0.394, 0.427, 0.105, 0.327, 0.361, 0.283]
Max test score: 0.318 found at epoch: 4
Max test score shapes: 0.116 found at epoch: 4
