Active: ImageLevelloss True False False 0.2 

Test Scores: [0.029, 0.03, 0.03, 0.029, 0.03, 0.03, 0.029, 0.029, 0.03, 0.029, 0.03, 0.029, 0.03, 0.03, 0.029, 0.03, 0.029, 0.03, 0.029, 0.029, 0.03, 0.029, 0.029, 0.03, 0.03, 0.03, 0.03, 0.029, 0.03, 0.03, 0.029, 0.03, 0.029, 0.03, 0.029, 0.03, 0.029, 0.03, 0.03, 0.03, 0.03, 0.03, 0.03, 0.03, 0.029, 0.03, 0.03, 0.03, 0.03, 0.03, 0.028, 0.03, 0.029, 0.03, 0.03, 0.03, 0.029, 0.03, 0.029, 0.03, 0.031, 0.029, 0.03, 0.029, 0.03, 0.029, 0.028, 0.03, 0.028, 0.029, 0.029, 0.03, 0.03, 0.029, 0.029, 0.03, 0.03, 0.03, 0.029, 0.03, 0.029, 0.029, 0.03, 0.031, 0.029, 0.029, 0.03, 0.03, 0.029, 0.029, 0.03, 0.029, 0.03, 0.029, 0.03, 0.03, 0.029, 0.03, 0.029, 0.029, 0.03, 0.029, 0.029, 0.029, 0.03, 0.03, 0.031, 0.03, 0.029, 0.03, 0.03, 0.03, 0.029, 0.029, 0.03, 0.029, 0.029, 0.03, 0.029, 0.03, 0.03, 0.03, 0.029, 0.03, 0.029, 0.03, 0.029, 0.03, 0.03, 0.029, 0.03, 0.029, 0.03, 0.03, 0.029, 0.029, 0.03, 0.029, 0.03, 0.029]
Test Scores w/o background: [0.028, 0.029, 0.029, 0.028, 0.03, 0.029, 0.029, 0.03, 0.028, 0.03, 0.028, 0.029, 0.029, 0.029, 0.029, 0.03, 0.03, 0.031, 0.029, 0.029, 0.028, 0.028, 0.03, 0.029, 0.03, 0.03, 0.03, 0.029, 0.029, 0.029, 0.028, 0.029, 0.03, 0.029, 0.028, 0.029, 0.028, 0.03, 0.029, 0.03, 0.028, 0.029, 0.03, 0.029, 0.029, 0.03, 0.03, 0.028, 0.029, 0.029, 0.027, 0.029, 0.029, 0.03, 0.029, 0.028, 0.028, 0.03, 0.029, 0.028, 0.03, 0.028, 0.029, 0.028, 0.029, 0.028, 0.028, 0.03, 0.029, 0.028, 0.03, 0.029, 0.03, 0.029, 0.028, 0.029, 0.03, 0.03, 0.029, 0.028, 0.029, 0.029, 0.029, 0.03, 0.029, 0.028, 0.028, 0.029, 0.03, 0.03, 0.03, 0.029, 0.029, 0.029, 0.029, 0.03, 0.029, 0.029, 0.029, 0.029, 0.029, 0.028, 0.029, 0.028, 0.031, 0.029, 0.03, 0.03, 0.028, 0.028, 0.03, 0.029, 0.029, 0.028, 0.031, 0.029, 0.029, 0.029, 0.029, 0.029, 0.029, 0.029, 0.029, 0.03, 0.029, 0.029, 0.028, 0.028, 0.029, 0.028, 0.029, 0.029, 0.03, 0.029, 0.028, 0.029, 0.03, 0.029, 0.029, 0.029]
Train Scores: [0.024, 0.024, 0.024, 0.023, 0.024, 0.024, 0.024, 0.024, 0.024, 0.023, 0.024, 0.024, 0.024, 0.024, 0.023, 0.024, 0.024, 0.024, 0.023, 0.023, 0.025, 0.024, 0.024, 0.024, 0.024, 0.024, 0.023, 0.024, 0.024, 0.024, 0.024, 0.024, 0.024, 0.024, 0.024, 0.024, 0.024, 0.024, 0.024, 0.024, 0.024, 0.024, 0.024, 0.024, 0.024, 0.024, 0.024, 0.024, 0.024, 0.024, 0.024, 0.024, 0.024, 0.024, 0.025, 0.024, 0.024, 0.024, 0.024, 0.024, 0.024, 0.023, 0.024, 0.024, 0.024, 0.023, 0.023, 0.024, 0.023, 0.024, 0.023, 0.024, 0.024, 0.024, 0.024, 0.024, 0.024, 0.024, 0.023, 0.024, 0.024, 0.024, 0.024, 0.024, 0.023, 0.024, 0.024, 0.024, 0.024, 0.024, 0.024, 0.024, 0.024, 0.024, 0.024, 0.024, 0.023, 0.025, 0.024, 0.023, 0.024, 0.024, 0.023, 0.024, 0.024, 0.024, 0.024, 0.024, 0.024, 0.024, 0.024, 0.024, 0.023, 0.023, 0.024, 0.023, 0.024, 0.024, 0.024, 0.024, 0.024, 0.024, 0.023, 0.024, 0.023, 0.024, 0.024, 0.024, 0.024, 0.024, 0.024, 0.024, 0.024, 0.024, 0.023, 0.023, 0.024, 0.023, 0.024, 0.024]
Train Scores w/o background: [0.022, 0.022, 0.022, 0.022, 0.023, 0.022, 0.022, 0.023, 0.022, 0.023, 0.022, 0.022, 0.023, 0.022, 0.022, 0.023, 0.023, 0.023, 0.022, 0.022, 0.022, 0.022, 0.022, 0.022, 0.023, 0.022, 0.022, 0.022, 0.022, 0.022, 0.022, 0.022, 0.023, 0.022, 0.022, 0.022, 0.022, 0.022, 0.022, 0.023, 0.022, 0.022, 0.023, 0.023, 0.022, 0.023, 0.022, 0.023, 0.022, 0.022, 0.021, 0.022, 0.023, 0.022, 0.022, 0.021, 0.022, 0.022, 0.022, 0.022, 0.023, 0.022, 0.022, 0.022, 0.022, 0.022, 0.021, 0.023, 0.022, 0.022, 0.023, 0.022, 0.022, 0.022, 0.022, 0.022, 0.022, 0.022, 0.022, 0.022, 0.022, 0.023, 0.022, 0.023, 0.022, 0.021, 0.022, 0.022, 0.023, 0.023, 0.023, 0.022, 0.022, 0.022, 0.022, 0.023, 0.022, 0.023, 0.022, 0.022, 0.022, 0.022, 0.022, 0.022, 0.023, 0.022, 0.023, 0.023, 0.022, 0.021, 0.023, 0.022, 0.022, 0.022, 0.023, 0.022, 0.022, 0.022, 0.022, 0.022, 0.022, 0.022, 0.022, 0.023, 0.022, 0.022, 0.021, 0.022, 0.022, 0.022, 0.022, 0.022, 0.023, 0.022, 0.022, 0.022, 0.023, 0.022, 0.022, 0.022]
Train Loss: [0.0, 0.0, 0.0, 0.0, 0.0, 0.0, 0.0, 0.0, 0.0, 0.0, 0.0, 0.0, 0.0, 0.0, 0.0, 0.0, 0.0, 0.0, 0.0, 0.0, 0.0, 0.0, 0.0, 0.0, 0.0, 0.0, 0.0, 0.0, 0.0, 0.0, 0.0, 0.0, 0.0, 0.0, 0.0, 0.0, 0.0, 0.0, 0.0, 0.0, 0.0, 0.0, 0.0, 0.0, 0.0, 0.0, 0.0, 0.0, 0.0, 0.0, 0.0, 0.0, 0.0, 0.0, 0.0, 0.0, 0.0, 0.0, 0.0, 0.0, 0.0, 0.0, 0.0, 0.0, 0.0, 0.0, 0.0, 0.0, 0.0, 0.0, 0.0, 0.0, 0.0, 0.0, 0.0, 0.0, 0.0, 0.0, 0.0, 0.0, 0.0, 0.0, 0.0, 0.0, 0.0, 0.0, 0.0, 0.0, 0.0, 0.0, 0.0, 0.0, 0.0, 0.0, 0.0, 0.0, 0.0, 0.0, 0.0, 0.0, 0.0, 0.0, 0.0, 0.0, 0.0, 0.0, 0.0, 0.0, 0.0, 0.0, 0.0, 0.0, 0.0, 0.0, 0.0, 0.0, 0.0, 0.0, 0.0, 0.0, 0.0, 0.0, 0.0, 0.0, 0.0, 0.0, 0.0, 0.0, 0.0, 0.0, 0.0, 0.0, 0.0, 0.0, 0.0, 0.0, 0.0, 0.0, 0.0, 0.0]
Test Loss: [0.0, 0.0, 0.0, 0.0, 0.0, 0.0, 0.0, 0.0, 0.0, 0.0, 0.0, 0.0, 0.0, 0.0, 0.0, 0.0, 0.0, 0.0, 0.0, 0.0, 0.0, 0.0, 0.0, 0.0, 0.0, 0.0, 0.0, 0.0, 0.0, 0.0, 0.0, 0.0, 0.0, 0.0, 0.0, 0.0, 0.0, 0.0, 0.0, 0.0, 0.0, 0.0, 0.0, 0.0, 0.0, 0.0, 0.0, 0.0, 0.0, 0.0, 0.0, 0.0, 0.0, 0.0, 0.0, 0.0, 0.0, 0.0, 0.0, 0.0, 0.0, 0.0, 0.0, 0.0, 0.0, 0.0, 0.0, 0.0, 0.0, 0.0, 0.0, 0.0, 0.0, 0.0, 0.0, 0.0, 0.0, 0.0, 0.0, 0.0, 0.0, 0.0, 0.0, 0.0, 0.0, 0.0, 0.0, 0.0, 0.0, 0.0, 0.0, 0.0, 0.0, 0.0, 0.0, 0.0, 0.0, 0.0, 0.0, 0.0, 0.0, 0.0, 0.0, 0.0, 0.0, 0.0, 0.0, 0.0, 0.0, 0.0, 0.0, 0.0, 0.0, 0.0, 0.0, 0.0, 0.0, 0.0, 0.0, 0.0, 0.0, 0.0, 0.0, 0.0, 0.0, 0.0, 0.0, 0.0, 0.0, 0.0, 0.0, 0.0, 0.0, 0.0, 0.0, 0.0, 0.0, 0.0, 0.0, 0.0]
Max test score: 0.031 found at epoch: 61
Max test score shapes: 0.031 found at epoch: 115
