Active: ImageLevelloss True True False 0.2 
Active: OneHotloss True 10 

Test Scores: [0.17, 0.169, 0.15, 0.188, 0.201, 0.216, 0.22, 0.237, 0.233, 0.242, 0.255, 0.253, 0.258, 0.215, 0.222, 0.242, 0.261, 0.243, 0.225, 0.239, 0.259, 0.268, 0.25, 0.243, 0.238, 0.258, 0.256, 0.253, 0.246, 0.241, 0.259, 0.276, 0.273, 0.251, 0.266, 0.302, 0.286, 0.279, 0.254, 0.289, 0.279, 0.268, 0.251, 0.254, 0.279, 0.284, 0.295, 0.28, 0.278, 0.283, 0.283, 0.289, 0.282, 0.28, 0.273, 0.276, 0.312, 0.283, 0.262, 0.28, 0.268, 0.279, 0.282, 0.289, 0.273, 0.296, 0.295, 0.294, 0.274, 0.277, 0.286, 0.282, 0.281, 0.279, 0.284, 0.278, 0.294, 0.278, 0.28, 0.274, 0.288, 0.286, 0.264, 0.265, 0.296, 0.276, 0.273, 0.283, 0.291, 0.316, 0.279, 0.29, 0.301, 0.29, 0.292, 0.303, 0.296, 0.299, 0.318, 0.316, 0.284, 0.307, 0.311, 0.287, 0.275, 0.317, 0.303, 0.308, 0.283, 0.287, 0.295, 0.295, 0.313, 0.314, 0.315, 0.295, 0.307, 0.306, 0.321, 0.319, 0.31, 0.305, 0.298, 0.307, 0.317, 0.312, 0.304, 0.287, 0.31, 0.296, 0.304, 0.299, 0.303, 0.31, 0.295, 0.3, 0.306, 0.309, 0.302, 0.315]
Test Scores w/o background: [0.027, 0.033, 0.028, 0.036, 0.045, 0.054, 0.057, 0.062, 0.061, 0.064, 0.067, 0.063, 0.069, 0.021, 0.007, 0.027, 0.046, 0.023, 0.002, 0.019, 0.043, 0.054, 0.032, 0.024, 0.017, 0.042, 0.041, 0.035, 0.028, 0.02, 0.044, 0.059, 0.06, 0.034, 0.052, 0.097, 0.077, 0.068, 0.037, 0.085, 0.069, 0.061, 0.041, 0.04, 0.074, 0.081, 0.094, 0.073, 0.071, 0.079, 0.079, 0.087, 0.077, 0.076, 0.067, 0.069, 0.115, 0.08, 0.054, 0.075, 0.059, 0.077, 0.077, 0.087, 0.07, 0.098, 0.095, 0.095, 0.07, 0.072, 0.088, 0.077, 0.076, 0.074, 0.083, 0.073, 0.094, 0.074, 0.077, 0.07, 0.086, 0.084, 0.054, 0.058, 0.1, 0.073, 0.068, 0.082, 0.09, 0.122, 0.074, 0.089, 0.103, 0.089, 0.091, 0.107, 0.096, 0.098, 0.126, 0.122, 0.083, 0.111, 0.114, 0.086, 0.071, 0.124, 0.106, 0.113, 0.083, 0.088, 0.099, 0.095, 0.118, 0.119, 0.12, 0.095, 0.108, 0.108, 0.13, 0.125, 0.114, 0.107, 0.099, 0.11, 0.125, 0.119, 0.106, 0.087, 0.118, 0.096, 0.106, 0.101, 0.105, 0.115, 0.094, 0.102, 0.109, 0.116, 0.103, 0.123]
Train Scores: [0.179, 0.18, 0.161, 0.198, 0.207, 0.223, 0.228, 0.246, 0.243, 0.252, 0.264, 0.265, 0.257, 0.216, 0.221, 0.242, 0.259, 0.254, 0.233, 0.243, 0.256, 0.267, 0.254, 0.26, 0.253, 0.27, 0.27, 0.268, 0.265, 0.259, 0.272, 0.286, 0.284, 0.269, 0.281, 0.288, 0.288, 0.287, 0.27, 0.289, 0.288, 0.269, 0.259, 0.272, 0.287, 0.286, 0.29, 0.286, 0.289, 0.285, 0.289, 0.292, 0.283, 0.281, 0.279, 0.277, 0.299, 0.285, 0.28, 0.291, 0.279, 0.285, 0.292, 0.293, 0.282, 0.295, 0.293, 0.293, 0.282, 0.288, 0.295, 0.291, 0.296, 0.289, 0.295, 0.293, 0.298, 0.292, 0.288, 0.289, 0.297, 0.293, 0.277, 0.282, 0.296, 0.281, 0.285, 0.294, 0.296, 0.299, 0.288, 0.295, 0.3, 0.298, 0.292, 0.302, 0.302, 0.298, 0.303, 0.303, 0.29, 0.3, 0.304, 0.295, 0.29, 0.305, 0.3, 0.302, 0.29, 0.292, 0.298, 0.298, 0.304, 0.305, 0.305, 0.302, 0.305, 0.307, 0.305, 0.307, 0.305, 0.305, 0.302, 0.306, 0.307, 0.306, 0.305, 0.296, 0.304, 0.304, 0.307, 0.305, 0.306, 0.306, 0.305, 0.305, 0.306, 0.306, 0.306, 0.305]
Train Scores w/o background: [0.037, 0.046, 0.04, 0.048, 0.053, 0.063, 0.067, 0.076, 0.075, 0.077, 0.081, 0.081, 0.069, 0.022, 0.006, 0.025, 0.042, 0.036, 0.01, 0.023, 0.039, 0.051, 0.036, 0.044, 0.035, 0.056, 0.056, 0.054, 0.051, 0.042, 0.058, 0.071, 0.073, 0.055, 0.07, 0.078, 0.078, 0.077, 0.057, 0.083, 0.079, 0.061, 0.05, 0.062, 0.083, 0.083, 0.087, 0.08, 0.084, 0.081, 0.086, 0.09, 0.078, 0.077, 0.074, 0.069, 0.099, 0.081, 0.076, 0.088, 0.071, 0.084, 0.089, 0.091, 0.081, 0.096, 0.093, 0.094, 0.079, 0.085, 0.098, 0.088, 0.094, 0.086, 0.096, 0.091, 0.099, 0.091, 0.087, 0.088, 0.097, 0.092, 0.071, 0.079, 0.099, 0.078, 0.083, 0.095, 0.095, 0.1, 0.084, 0.094, 0.101, 0.098, 0.091, 0.105, 0.103, 0.097, 0.106, 0.105, 0.091, 0.102, 0.106, 0.095, 0.089, 0.108, 0.102, 0.105, 0.091, 0.093, 0.101, 0.099, 0.107, 0.108, 0.107, 0.103, 0.105, 0.109, 0.11, 0.11, 0.108, 0.107, 0.104, 0.109, 0.111, 0.111, 0.106, 0.097, 0.11, 0.106, 0.109, 0.107, 0.108, 0.11, 0.105, 0.106, 0.108, 0.111, 0.107, 0.109]
Train Loss: [20.33, 16.912, 15.157, 14.023, 13.069, 12.175, 11.339, 10.54, 9.761, 9.02, 8.297, 7.577, 6.858, 6.071, 5.191, 4.259, 3.392, 2.683, 2.176, 1.844, 1.561, 1.357, 1.193, 1.081, 1.008, 0.964, 0.929, 0.901, 0.878, 0.86, 0.842, 0.86, 0.798, 0.758, 0.744, 0.723, 0.729, 0.681, 0.644, 0.611, 0.569, 0.536, 0.494, 0.48, 0.43, 0.412, 0.414, 0.4, 0.351, 0.358, 0.359, 0.348, 0.358, 0.349, 0.335, 0.321, 0.334, 0.326, 0.273, 0.26, 0.253, 0.24, 0.23, 0.234, 0.255, 0.231, 0.269, 0.214, 0.216, 0.196, 0.186, 0.184, 0.189, 0.178, 0.183, 0.178, 0.158, 0.154, 0.156, 0.138, 0.142, 0.151, 0.142, 0.13, 0.135, 0.141, 0.139, 0.13, 0.129, 0.131, 0.132, 0.128, 0.144, 0.147, 0.135, 0.134, 0.141, 0.136, 0.122, 0.114, 0.117, 0.125, 0.109, 0.096, 0.102, 0.105, 0.103, 0.091, 0.081, 0.078, 0.085, 0.083, 0.074, 0.069, 0.074, 0.084, 0.085, 0.079, 0.079, 0.066, 0.059, 0.051, 0.047, 0.044, 0.042, 0.04, 0.039, 0.038, 0.036, 0.036, 0.034, 0.033, 0.033, 0.032, 0.031, 0.03, 0.03, 0.03, 0.029, 0.029]
Test Loss: [20.372, 16.88, 15.102, 13.962, 13.01, 12.133, 11.325, 10.541, 9.782, 9.061, 8.346, 7.632, 6.922, 6.154, 5.308, 4.413, 3.564, 2.884, 2.393, 2.01, 1.707, 1.512, 1.333, 1.175, 1.132, 1.093, 1.044, 1.001, 1.021, 0.979, 0.961, 0.885, 0.909, 0.856, 0.898, 0.791, 0.802, 0.717, 0.771, 0.767, 0.729, 0.639, 0.653, 0.617, 0.588, 0.639, 0.579, 0.562, 0.602, 0.577, 0.533, 0.565, 0.487, 0.556, 0.553, 0.558, 0.568, 0.467, 0.557, 0.493, 0.479, 0.575, 0.495, 0.458, 0.527, 0.53, 0.466, 0.488, 0.471, 0.453, 0.463, 0.452, 0.466, 0.423, 0.406, 0.458, 0.387, 0.386, 0.384, 0.423, 0.333, 0.406, 0.343, 0.438, 0.4, 0.432, 0.335, 0.416, 0.355, 0.445, 0.35, 0.407, 0.375, 0.416, 0.344, 0.371, 0.424, 0.392, 0.367, 0.345, 0.36, 0.431, 0.348, 0.336, 0.377, 0.38, 0.248, 0.375, 0.293, 0.331, 0.318, 0.354, 0.303, 0.314, 0.263, 0.322, 0.387, 0.333, 0.344, 0.321, 0.288, 0.288, 0.301, 0.272, 0.291, 0.29, 0.27, 0.282, 0.275, 0.277, 0.287, 0.29, 0.286, 0.282, 0.281, 0.278, 0.281, 0.287, 0.286, 0.283]
Max test score: 0.321 found at epoch: 119
Max test score shapes: 0.13 found at epoch: 119
