Active: ImageLevelloss True True True 0.2 
Active: OneHotloss True 10 
Active: MinSizeBackgroundloss True 1 

Test Scores: [0.235, 0.277, 0.29, 0.299, 0.288, 0.271, 0.256, 0.244, 0.263, 0.228, 0.225, 0.198, 0.191, 0.181, 0.165, 0.167, 0.169, 0.165, 0.167, 0.164, 0.163, 0.162, 0.162, 0.166, 0.164, 0.166, 0.167, 0.167, 0.172, 0.172, 0.172, 0.171, 0.168, 0.167, 0.17, 0.17, 0.167, 0.169, 0.171, 0.169, 0.174, 0.18, 0.18, 0.174, 0.175, 0.172, 0.176, 0.179, 0.182, 0.193, 0.183, 0.179, 0.172, 0.177, 0.183, 0.191, 0.191, 0.185, 0.179, 0.18, 0.189, 0.186, 0.182, 0.191, 0.185, 0.178, 0.176, 0.177, 0.178, 0.17, 0.172, 0.17, 0.168, 0.167, 0.173, 0.17, 0.167, 0.163, 0.167, 0.167, 0.166, 0.163, 0.167, 0.173, 0.175, 0.181, 0.173, 0.174, 0.166, 0.166, 0.167, 0.174, 0.174, 0.171, 0.167, 0.164, 0.165, 0.162, 0.167, 0.173, 0.174, 0.177, 0.172, 0.169, 0.17, 0.181, 0.185, 0.184, 0.182, 0.183, 0.184, 0.183, 0.179, 0.179, 0.176, 0.168, 0.16, 0.164, 0.167, 0.167, 0.166, 0.165, 0.165, 0.166, 0.166, 0.166, 0.167, 0.167, 0.167, 0.168, 0.167, 0.167, 0.167, 0.167, 0.167, 0.168, 0.167, 0.167, 0.167, 0.166]
Test Scores w/o background: [0.043, 0.071, 0.075, 0.09, 0.074, 0.051, 0.031, 0.017, 0.045, 0.021, 0.018, 0.011, 0.011, 0.008, 0.001, 0.001, 0.001, 0.002, 0.002, 0.003, 0.003, 0.003, 0.002, 0.003, 0.005, 0.006, 0.006, 0.005, 0.004, 0.004, 0.004, 0.004, 0.004, 0.004, 0.004, 0.004, 0.005, 0.006, 0.004, 0.003, 0.001, 0.003, 0.005, 0.008, 0.005, 0.004, 0.002, 0.001, 0.001, 0.002, 0.0, 0.0, 0.001, 0.0, 0.0, 0.0, 0.0, 0.0, 0.0, 0.001, 0.005, 0.004, 0.003, 0.009, 0.008, 0.008, 0.006, 0.0, 0.0, 0.0, 0.001, 0.001, 0.001, 0.001, 0.0, 0.0, 0.0, 0.0, 0.001, 0.003, 0.003, 0.004, 0.002, 0.001, 0.001, 0.001, 0.002, 0.001, 0.001, 0.001, 0.001, 0.002, 0.002, 0.002, 0.001, 0.001, 0.001, 0.0, 0.0, 0.0, 0.0, 0.0, 0.0, 0.0, 0.0, 0.0, 0.0, 0.0, 0.0, 0.001, 0.002, 0.002, 0.002, 0.001, 0.0, 0.001, 0.002, 0.002, 0.002, 0.002, 0.002, 0.002, 0.002, 0.002, 0.002, 0.002, 0.001, 0.001, 0.001, 0.001, 0.001, 0.001, 0.001, 0.001, 0.001, 0.001, 0.001, 0.002, 0.002, 0.002]
Train Scores: [0.245, 0.284, 0.296, 0.294, 0.294, 0.275, 0.26, 0.246, 0.259, 0.233, 0.23, 0.202, 0.194, 0.184, 0.167, 0.169, 0.17, 0.167, 0.169, 0.167, 0.166, 0.164, 0.164, 0.168, 0.167, 0.169, 0.169, 0.169, 0.173, 0.174, 0.173, 0.173, 0.17, 0.169, 0.172, 0.171, 0.17, 0.171, 0.173, 0.17, 0.176, 0.184, 0.182, 0.177, 0.176, 0.173, 0.177, 0.18, 0.184, 0.196, 0.185, 0.181, 0.175, 0.179, 0.184, 0.192, 0.193, 0.187, 0.181, 0.182, 0.192, 0.19, 0.186, 0.194, 0.192, 0.183, 0.179, 0.179, 0.18, 0.172, 0.175, 0.172, 0.171, 0.17, 0.176, 0.172, 0.169, 0.165, 0.169, 0.17, 0.168, 0.166, 0.169, 0.175, 0.177, 0.184, 0.176, 0.177, 0.169, 0.169, 0.171, 0.178, 0.179, 0.175, 0.17, 0.167, 0.167, 0.164, 0.169, 0.175, 0.176, 0.179, 0.174, 0.171, 0.172, 0.184, 0.188, 0.187, 0.185, 0.186, 0.188, 0.186, 0.182, 0.181, 0.178, 0.17, 0.163, 0.167, 0.169, 0.169, 0.168, 0.167, 0.169, 0.169, 0.169, 0.169, 0.169, 0.17, 0.17, 0.17, 0.169, 0.169, 0.169, 0.17, 0.169, 0.171, 0.17, 0.17, 0.17, 0.169]
Train Scores w/o background: [0.055, 0.08, 0.083, 0.084, 0.082, 0.056, 0.034, 0.018, 0.04, 0.027, 0.025, 0.013, 0.013, 0.009, 0.001, 0.002, 0.001, 0.002, 0.003, 0.004, 0.004, 0.003, 0.003, 0.003, 0.005, 0.007, 0.007, 0.005, 0.004, 0.005, 0.004, 0.004, 0.004, 0.005, 0.004, 0.004, 0.006, 0.006, 0.003, 0.003, 0.001, 0.005, 0.006, 0.009, 0.004, 0.003, 0.002, 0.001, 0.0, 0.003, 0.0, 0.0, 0.001, 0.0, 0.0, 0.0, 0.001, 0.001, 0.001, 0.002, 0.007, 0.008, 0.006, 0.01, 0.014, 0.013, 0.009, 0.001, 0.0, 0.0, 0.002, 0.001, 0.003, 0.003, 0.002, 0.001, 0.0, 0.0, 0.002, 0.005, 0.004, 0.006, 0.003, 0.001, 0.002, 0.003, 0.003, 0.003, 0.003, 0.003, 0.003, 0.005, 0.006, 0.005, 0.003, 0.003, 0.002, 0.001, 0.001, 0.0, 0.0, 0.0, 0.0, 0.0, 0.0, 0.0, 0.0, 0.0, 0.001, 0.002, 0.006, 0.003, 0.005, 0.003, 0.001, 0.002, 0.004, 0.003, 0.003, 0.003, 0.003, 0.004, 0.005, 0.004, 0.004, 0.004, 0.002, 0.003, 0.003, 0.002, 0.002, 0.002, 0.002, 0.003, 0.002, 0.003, 0.003, 0.004, 0.004, 0.004]
Train Loss: [50.154, 37.026, 30.977, 26.07, 21.591, 17.301, 12.91, 8.386, 4.753, 3.707, 2.923, 2.237, 1.772, 1.459, 1.301, 1.139, 1.058, 0.997, 0.936, 0.898, 0.838, 0.731, 0.645, 0.582, 0.532, 0.495, 0.465, 0.437, 0.42, 0.404, 0.392, 0.375, 0.366, 0.35, 0.262, 0.178, 0.136, 0.109, 0.09, 0.064, 0.065, 0.061, 0.055, 0.038, 0.032, 0.024, 0.025, 0.021, 0.022, 0.035, 0.024, 0.02, 0.014, 0.014, 0.015, 0.017, 0.024, 0.018, 0.011, 0.01, 0.021, 0.024, 0.015, 0.011, 0.012, 0.017, 0.015, 0.01, 0.011, 0.008, 0.006, 0.006, 0.006, 0.005, 0.005, 0.008, 0.004, 0.004, 0.006, 0.004, 0.004, 0.045, 0.013, 0.006, 0.006, 0.009, 0.008, 0.005, 0.003, 0.005, 0.008, 0.012, 0.01, 0.004, 0.005, 0.041, 0.015, 0.007, 0.004, 0.003, 0.003, 0.004, 0.003, 0.003, 0.004, 0.015, 0.033, 0.022, 0.015, 0.006, 0.011, 0.012, 0.009, 0.008, 0.005, 0.003, 0.017, 0.073, 0.018, 0.015, 0.014, 0.011, 0.009, 0.007, 0.007, 0.006, 0.005, 0.004, 0.003, 0.003, 0.002, 0.002, 0.002, 0.002, 0.002, 0.002, 0.002, 0.003, 0.003, 0.003]
Test Loss: [50.642, 37.227, 31.132, 26.18, 21.71, 17.424, 13.044, 8.504, 4.83, 3.772, 3.073, 2.348, 1.941, 1.647, 1.514, 1.297, 1.24, 1.183, 1.109, 1.063, 0.993, 0.854, 0.75, 0.681, 0.619, 0.577, 0.535, 0.499, 0.476, 0.444, 0.43, 0.384, 0.373, 0.361, 0.328, 0.272, 0.227, 0.168, 0.163, 0.122, 0.121, 0.076, 0.069, 0.074, 0.062, 0.052, 0.048, 0.032, 0.038, 0.039, 0.033, 0.051, 0.031, 0.012, 0.011, 0.014, 0.056, 0.052, 0.023, 0.009, 0.014, 0.015, 0.015, 0.015, 0.012, 0.019, 0.024, 0.025, 0.034, 0.024, 0.011, 0.005, 0.005, 0.006, 0.004, 0.004, 0.004, 0.007, 0.012, 0.006, 0.004, 0.04, 0.016, 0.004, 0.003, 0.01, 0.013, 0.012, 0.005, 0.009, 0.023, 0.039, 0.034, 0.006, 0.003, 0.048, 0.032, 0.022, 0.011, 0.008, 0.005, 0.003, 0.003, 0.004, 0.007, 0.01, 0.033, 0.059, 0.045, 0.02, 0.025, 0.025, 0.008, 0.003, 0.002, 0.003, 0.025, 0.101, 0.024, 0.022, 0.02, 0.019, 0.018, 0.018, 0.018, 0.017, 0.016, 0.013, 0.01, 0.008, 0.006, 0.003, 0.002, 0.002, 0.002, 0.002, 0.002, 0.002, 0.003, 0.003]
Max test score: 0.299 found at epoch: 4
Max test score shapes: 0.09 found at epoch: 4
