Active: ImageLevelloss True False True 0.2 
Active: OneHotloss True 10 
Active: MinSizeBackgroundloss True 1 

Test Scores: [0.235, 0.277, 0.29, 0.298, 0.293, 0.265, 0.254, 0.249, 0.272, 0.248, 0.228, 0.199, 0.179, 0.173, 0.165, 0.168, 0.166, 0.165, 0.165, 0.165, 0.161, 0.164, 0.164, 0.162, 0.16, 0.16, 0.166, 0.164, 0.165, 0.166, 0.163, 0.162, 0.169, 0.175, 0.176, 0.179, 0.177, 0.169, 0.17, 0.174, 0.174, 0.18, 0.185, 0.195, 0.203, 0.204, 0.213, 0.208, 0.194, 0.185, 0.18, 0.17, 0.173, 0.175, 0.182, 0.185, 0.187, 0.192, 0.188, 0.193, 0.198, 0.198, 0.202, 0.216, 0.225, 0.222, 0.226, 0.225, 0.232, 0.227, 0.227, 0.228, 0.229, 0.229, 0.23, 0.224, 0.22, 0.214, 0.216, 0.217, 0.218, 0.223, 0.223, 0.222, 0.219, 0.233, 0.232, 0.23, 0.234, 0.24, 0.251, 0.248, 0.246, 0.243, 0.235, 0.237, 0.232, 0.224, 0.229, 0.227, 0.228, 0.227, 0.228, 0.223, 0.225, 0.226, 0.222, 0.228, 0.226, 0.231, 0.225, 0.225, 0.225, 0.219, 0.215, 0.211, 0.198, 0.193, 0.192, 0.189, 0.188, 0.189, 0.19, 0.19, 0.193, 0.193, 0.193, 0.193, 0.196, 0.189, 0.19, 0.189, 0.188, 0.188, 0.188, 0.189, 0.188, 0.189, 0.19, 0.188]
Test Scores w/o background: [0.043, 0.071, 0.076, 0.09, 0.08, 0.049, 0.029, 0.022, 0.051, 0.036, 0.021, 0.012, 0.005, 0.002, 0.002, 0.002, 0.003, 0.002, 0.002, 0.002, 0.002, 0.004, 0.004, 0.002, 0.002, 0.004, 0.003, 0.004, 0.004, 0.004, 0.004, 0.005, 0.003, 0.001, 0.001, 0.002, 0.003, 0.003, 0.003, 0.002, 0.002, 0.002, 0.003, 0.001, 0.001, 0.002, 0.007, 0.007, 0.004, 0.005, 0.007, 0.007, 0.003, 0.001, 0.0, 0.0, 0.0, 0.0, 0.0, 0.0, 0.0, 0.0, 0.002, 0.008, 0.011, 0.01, 0.014, 0.019, 0.027, 0.025, 0.027, 0.028, 0.03, 0.029, 0.029, 0.021, 0.017, 0.014, 0.009, 0.006, 0.003, 0.009, 0.017, 0.017, 0.02, 0.023, 0.024, 0.027, 0.032, 0.038, 0.043, 0.03, 0.033, 0.033, 0.03, 0.025, 0.022, 0.028, 0.018, 0.023, 0.024, 0.026, 0.02, 0.018, 0.019, 0.019, 0.028, 0.027, 0.022, 0.021, 0.021, 0.019, 0.017, 0.017, 0.017, 0.009, 0.007, 0.005, 0.004, 0.005, 0.005, 0.004, 0.005, 0.005, 0.004, 0.003, 0.003, 0.004, 0.003, 0.004, 0.004, 0.004, 0.005, 0.004, 0.005, 0.004, 0.004, 0.006, 0.004, 0.004]
Train Scores: [0.245, 0.284, 0.296, 0.292, 0.3, 0.269, 0.257, 0.253, 0.274, 0.251, 0.232, 0.202, 0.181, 0.175, 0.166, 0.17, 0.168, 0.167, 0.167, 0.167, 0.163, 0.167, 0.166, 0.164, 0.162, 0.163, 0.169, 0.167, 0.167, 0.168, 0.166, 0.165, 0.171, 0.176, 0.177, 0.18, 0.179, 0.171, 0.172, 0.175, 0.176, 0.182, 0.187, 0.196, 0.205, 0.207, 0.218, 0.212, 0.197, 0.188, 0.183, 0.172, 0.175, 0.176, 0.183, 0.186, 0.188, 0.193, 0.189, 0.194, 0.2, 0.199, 0.204, 0.219, 0.229, 0.226, 0.231, 0.23, 0.237, 0.232, 0.232, 0.234, 0.235, 0.235, 0.236, 0.228, 0.224, 0.218, 0.219, 0.22, 0.221, 0.227, 0.228, 0.227, 0.227, 0.24, 0.239, 0.237, 0.241, 0.25, 0.26, 0.255, 0.254, 0.252, 0.244, 0.243, 0.238, 0.229, 0.234, 0.232, 0.233, 0.232, 0.232, 0.23, 0.234, 0.234, 0.231, 0.237, 0.236, 0.239, 0.233, 0.231, 0.229, 0.222, 0.217, 0.212, 0.201, 0.195, 0.194, 0.191, 0.19, 0.191, 0.192, 0.192, 0.195, 0.196, 0.195, 0.195, 0.198, 0.191, 0.193, 0.191, 0.19, 0.191, 0.19, 0.192, 0.19, 0.19, 0.192, 0.19]
Train Scores w/o background: [0.055, 0.08, 0.083, 0.083, 0.089, 0.052, 0.03, 0.025, 0.054, 0.041, 0.029, 0.016, 0.007, 0.004, 0.002, 0.003, 0.003, 0.003, 0.003, 0.003, 0.003, 0.005, 0.005, 0.003, 0.002, 0.004, 0.004, 0.005, 0.005, 0.005, 0.005, 0.006, 0.003, 0.002, 0.001, 0.002, 0.004, 0.004, 0.004, 0.002, 0.002, 0.002, 0.004, 0.002, 0.002, 0.004, 0.01, 0.01, 0.006, 0.007, 0.009, 0.009, 0.004, 0.001, 0.0, 0.0, 0.0, 0.0, 0.0, 0.0, 0.0, 0.0, 0.002, 0.011, 0.014, 0.014, 0.019, 0.024, 0.03, 0.028, 0.031, 0.033, 0.035, 0.036, 0.034, 0.025, 0.02, 0.016, 0.01, 0.007, 0.005, 0.012, 0.021, 0.021, 0.026, 0.029, 0.03, 0.033, 0.04, 0.049, 0.051, 0.036, 0.04, 0.041, 0.037, 0.03, 0.026, 0.031, 0.02, 0.025, 0.026, 0.028, 0.02, 0.022, 0.024, 0.024, 0.034, 0.033, 0.03, 0.027, 0.026, 0.022, 0.017, 0.019, 0.017, 0.008, 0.005, 0.003, 0.002, 0.003, 0.003, 0.003, 0.003, 0.003, 0.002, 0.003, 0.002, 0.003, 0.002, 0.003, 0.003, 0.003, 0.003, 0.003, 0.003, 0.003, 0.003, 0.003, 0.002, 0.003]
Train Loss: [50.155, 37.028, 30.987, 26.078, 21.614, 17.327, 13.037, 8.532, 4.767, 3.724, 2.901, 2.087, 1.497, 1.086, 0.76, 0.549, 0.398, 0.291, 0.225, 0.209, 0.183, 0.152, 0.137, 0.122, 0.119, 0.097, 0.09, 0.084, 0.071, 0.063, 0.06, 0.053, 0.053, 0.04, 0.034, 0.029, 0.025, 0.021, 0.018, 0.016, 0.014, 0.012, 0.013, 0.015, 0.016, 0.02, 0.019, 0.015, 0.013, 0.01, 0.008, 0.107, 0.023, 0.007, 0.006, 0.006, 0.005, 0.005, 0.004, 0.004, 0.004, 0.004, 0.004, 0.008, 0.009, 0.008, 0.008, 0.008, 0.008, 0.008, 0.008, 0.008, 0.008, 0.007, 0.007, 0.007, 0.007, 0.006, 0.006, 0.005, 0.005, 0.005, 0.005, 0.005, 0.006, 0.006, 0.005, 0.005, 0.005, 0.005, 0.005, 0.006, 0.005, 0.005, 0.004, 0.004, 0.004, 0.004, 0.004, 0.005, 0.004, 0.004, 0.004, 0.005, 0.005, 0.006, 0.005, 0.004, 0.004, 0.004, 0.004, 0.004, 0.003, 0.003, 0.003, 0.003, 0.004, 0.005, 0.005, 0.005, 0.004, 0.004, 0.004, 0.004, 0.004, 0.004, 0.004, 0.004, 0.004, 0.004, 0.004, 0.004, 0.004, 0.004, 0.004, 0.004, 0.004, 0.004, 0.004, 0.004]
Test Loss: [50.643, 37.229, 31.141, 26.187, 21.727, 17.452, 13.18, 8.684, 4.809, 3.787, 3.015, 2.074, 1.547, 1.106, 0.775, 0.553, 0.399, 0.304, 0.225, 0.199, 0.182, 0.153, 0.138, 0.121, 0.117, 0.099, 0.088, 0.079, 0.071, 0.063, 0.057, 0.056, 0.061, 0.04, 0.034, 0.028, 0.025, 0.021, 0.017, 0.016, 0.014, 0.012, 0.012, 0.015, 0.015, 0.019, 0.018, 0.014, 0.012, 0.01, 0.008, 0.056, 0.019, 0.007, 0.006, 0.005, 0.005, 0.005, 0.005, 0.004, 0.004, 0.004, 0.004, 0.007, 0.009, 0.008, 0.008, 0.009, 0.009, 0.008, 0.009, 0.007, 0.008, 0.008, 0.007, 0.007, 0.007, 0.006, 0.006, 0.005, 0.005, 0.005, 0.005, 0.005, 0.005, 0.006, 0.005, 0.005, 0.005, 0.005, 0.005, 0.006, 0.005, 0.004, 0.004, 0.004, 0.004, 0.004, 0.004, 0.005, 0.004, 0.004, 0.004, 0.005, 0.005, 0.005, 0.005, 0.004, 0.004, 0.004, 0.003, 0.004, 0.003, 0.003, 0.003, 0.003, 0.004, 0.005, 0.005, 0.005, 0.004, 0.004, 0.004, 0.004, 0.004, 0.004, 0.004, 0.004, 0.003, 0.004, 0.004, 0.003, 0.004, 0.004, 0.004, 0.003, 0.003, 0.003, 0.004, 0.003]
Max test score: 0.298 found at epoch: 4
Max test score shapes: 0.09 found at epoch: 4
