Active: ImageLevelloss True True False 0.2 

Test Scores: [0.245, 0.288, 0.293, 0.282, 0.265, 0.254, 0.251, 0.246, 0.243, 0.242, 0.235, 0.236, 0.236, 0.244, 0.242, 0.232, 0.231, 0.233, 0.234, 0.238, 0.235, 0.232, 0.233, 0.235, 0.228, 0.232, 0.233, 0.23, 0.228, 0.23, 0.23, 0.225, 0.228, 0.227, 0.228, 0.231, 0.23, 0.23, 0.227, 0.228, 0.232, 0.229, 0.224, 0.228, 0.23, 0.227, 0.226, 0.223, 0.23, 0.223, 0.226, 0.226, 0.221, 0.223, 0.224, 0.229, 0.226, 0.225, 0.225, 0.227, 0.23, 0.226, 0.227, 0.227, 0.22, 0.225, 0.223, 0.225, 0.215, 0.229, 0.217, 0.228, 0.224, 0.228, 0.219, 0.22, 0.225, 0.223, 0.218, 0.228, 0.228, 0.22, 0.221, 0.22, 0.223, 0.225, 0.227, 0.223, 0.222, 0.218, 0.225, 0.221, 0.223, 0.222, 0.217, 0.217, 0.219, 0.223, 0.219, 0.221, 0.227, 0.22, 0.222, 0.224, 0.223, 0.224, 0.222, 0.222, 0.225, 0.224, 0.217, 0.227, 0.224, 0.223, 0.222, 0.221, 0.225, 0.222, 0.227, 0.222, 0.221, 0.226, 0.219, 0.221, 0.217, 0.222, 0.23, 0.221, 0.221, 0.225, 0.225, 0.222, 0.224, 0.221, 0.224, 0.22, 0.221, 0.22, 0.219, 0.225]
Test Scores w/o background: [0.05, 0.082, 0.078, 0.069, 0.043, 0.03, 0.025, 0.018, 0.015, 0.014, 0.004, 0.005, 0.005, 0.015, 0.013, 0.001, 0.0, 0.001, 0.002, 0.008, 0.005, 0.003, 0.003, 0.004, 0.0, 0.002, 0.002, 0.001, 0.0, 0.0, 0.0, 0.0, 0.0, 0.0, 0.0, 0.0, 0.0, 0.0, 0.0, 0.0, 0.0, 0.0, 0.0, 0.0, 0.0, 0.0, 0.0, 0.0, 0.0, 0.0, 0.0, 0.0, 0.0, 0.0, 0.0, 0.0, 0.0, 0.0, 0.0, 0.0, 0.0, 0.0, 0.0, 0.0, 0.0, 0.0, 0.0, 0.0, 0.0, 0.0, 0.0, 0.0, 0.0, 0.0, 0.0, 0.0, 0.0, 0.0, 0.0, 0.0, 0.0, 0.0, 0.0, 0.0, 0.0, 0.0, 0.0, 0.0, 0.0, 0.0, 0.0, 0.0, 0.0, 0.0, 0.0, 0.0, 0.0, 0.0, 0.0, 0.0, 0.0, 0.0, 0.0, 0.0, 0.0, 0.0, 0.0, 0.0, 0.0, 0.0, 0.0, 0.0, 0.0, 0.0, 0.0, 0.0, 0.0, 0.0, 0.0, 0.0, 0.0, 0.0, 0.0, 0.0, 0.0, 0.0, 0.0, 0.0, 0.0, 0.0, 0.0, 0.0, 0.0, 0.0, 0.0, 0.0, 0.0, 0.0, 0.0, 0.0]
Train Scores: [0.252, 0.294, 0.299, 0.275, 0.27, 0.255, 0.251, 0.247, 0.243, 0.243, 0.237, 0.239, 0.237, 0.241, 0.241, 0.234, 0.232, 0.234, 0.234, 0.237, 0.236, 0.235, 0.235, 0.237, 0.229, 0.234, 0.234, 0.231, 0.229, 0.231, 0.232, 0.227, 0.229, 0.227, 0.229, 0.233, 0.231, 0.232, 0.227, 0.229, 0.232, 0.23, 0.224, 0.228, 0.23, 0.228, 0.225, 0.224, 0.23, 0.225, 0.227, 0.226, 0.221, 0.225, 0.224, 0.229, 0.226, 0.224, 0.226, 0.227, 0.231, 0.227, 0.228, 0.228, 0.22, 0.226, 0.224, 0.225, 0.216, 0.229, 0.217, 0.228, 0.225, 0.228, 0.22, 0.22, 0.225, 0.224, 0.219, 0.228, 0.228, 0.221, 0.222, 0.221, 0.223, 0.226, 0.227, 0.223, 0.223, 0.218, 0.226, 0.221, 0.224, 0.223, 0.218, 0.218, 0.219, 0.223, 0.219, 0.221, 0.228, 0.22, 0.223, 0.225, 0.224, 0.225, 0.222, 0.224, 0.225, 0.224, 0.217, 0.228, 0.225, 0.223, 0.223, 0.223, 0.226, 0.223, 0.228, 0.223, 0.222, 0.227, 0.219, 0.221, 0.217, 0.223, 0.231, 0.221, 0.222, 0.226, 0.225, 0.222, 0.225, 0.222, 0.225, 0.22, 0.222, 0.221, 0.22, 0.225]
Train Scores w/o background: [0.06, 0.09, 0.087, 0.06, 0.048, 0.028, 0.024, 0.018, 0.014, 0.014, 0.006, 0.008, 0.006, 0.01, 0.01, 0.002, 0.001, 0.002, 0.002, 0.005, 0.005, 0.004, 0.003, 0.005, 0.001, 0.002, 0.002, 0.001, 0.001, 0.001, 0.0, 0.0, 0.0, 0.0, 0.0, 0.001, 0.0, 0.0, 0.0, 0.0, 0.0, 0.0, 0.0, 0.0, 0.0, 0.0, 0.0, 0.0, 0.0, 0.0, 0.0, 0.0, 0.0, 0.0, 0.0, 0.0, 0.0, 0.0, 0.0, 0.0, 0.0, 0.0, 0.0, 0.0, 0.0, 0.0, 0.0, 0.0, 0.0, 0.0, 0.0, 0.0, 0.0, 0.0, 0.0, 0.0, 0.0, 0.0, 0.0, 0.0, 0.0, 0.0, 0.0, 0.0, 0.0, 0.0, 0.0, 0.0, 0.0, 0.0, 0.0, 0.0, 0.0, 0.0, 0.0, 0.0, 0.0, 0.0, 0.0, 0.0, 0.0, 0.0, 0.0, 0.0, 0.0, 0.0, 0.0, 0.0, 0.0, 0.0, 0.0, 0.0, 0.0, 0.0, 0.0, 0.0, 0.0, 0.0, 0.0, 0.0, 0.0, 0.0, 0.0, 0.0, 0.0, 0.0, 0.0, 0.0, 0.0, 0.0, 0.0, 0.0, 0.0, 0.0, 0.0, 0.0, 0.0, 0.0, 0.0, 0.0]
Train Loss: [13.202, 10.672, 9.484, 8.52, 7.682, 6.868, 6.019, 5.137, 4.261, 3.433, 2.661, 2.009, 1.502, 1.152, 0.946, 0.83, 0.772, 0.723, 0.684, 0.653, 0.659, 0.628, 0.589, 0.592, 0.577, 0.554, 0.539, 0.522, 0.537, 0.525, 0.483, 0.466, 0.464, 0.474, 0.47, 0.425, 0.419, 0.416, 0.375, 0.362, 0.36, 0.352, 0.372, 0.33, 0.339, 0.317, 0.29, 0.291, 0.309, 0.273, 0.269, 0.225, 0.218, 0.217, 0.211, 0.204, 0.179, 0.182, 0.182, 0.166, 0.203, 0.161, 0.161, 0.167, 0.154, 0.145, 0.136, 0.144, 0.14, 0.134, 0.128, 0.127, 0.118, 0.116, 0.113, 0.103, 0.101, 0.1, 0.109, 0.108, 0.115, 0.1, 0.098, 0.102, 0.111, 0.133, 0.142, 0.124, 0.119, 0.125, 0.112, 0.123, 0.115, 0.108, 0.104, 0.085, 0.087, 0.081, 0.086, 0.082, 0.096, 0.09, 0.085, 0.081, 0.077, 0.075, 0.077, 0.075, 0.068, 0.078, 0.077, 0.07, 0.067, 0.062, 0.06, 0.066, 0.067, 0.068, 0.074, 0.057, 0.048, 0.044, 0.036, 0.034, 0.029, 0.028, 0.025, 0.023, 0.022, 0.021, 0.02, 0.019, 0.018, 0.017, 0.016, 0.015, 0.015, 0.015, 0.015, 0.015]
Test Loss: [13.221, 10.635, 9.441, 8.472, 7.628, 6.815, 5.966, 5.085, 4.231, 3.424, 2.676, 2.041, 1.544, 1.206, 1.043, 0.94, 0.864, 0.839, 0.805, 0.811, 0.799, 0.733, 0.709, 0.77, 0.795, 0.751, 0.759, 0.711, 0.785, 0.735, 0.651, 0.702, 0.642, 0.713, 0.661, 0.658, 0.617, 0.719, 0.596, 0.656, 0.619, 0.595, 0.675, 0.587, 0.577, 0.578, 0.567, 0.572, 0.5, 0.538, 0.514, 0.514, 0.513, 0.514, 0.529, 0.483, 0.477, 0.502, 0.533, 0.521, 0.516, 0.491, 0.48, 0.404, 0.479, 0.448, 0.468, 0.516, 0.452, 0.438, 0.438, 0.433, 0.397, 0.442, 0.413, 0.389, 0.472, 0.397, 0.481, 0.409, 0.381, 0.378, 0.388, 0.417, 0.435, 0.41, 0.474, 0.465, 0.457, 0.416, 0.435, 0.365, 0.391, 0.409, 0.388, 0.447, 0.398, 0.389, 0.398, 0.371, 0.376, 0.435, 0.383, 0.368, 0.347, 0.385, 0.359, 0.402, 0.388, 0.365, 0.352, 0.355, 0.359, 0.406, 0.348, 0.379, 0.332, 0.369, 0.363, 0.365, 0.4, 0.363, 0.376, 0.345, 0.363, 0.363, 0.356, 0.349, 0.366, 0.354, 0.345, 0.348, 0.355, 0.354, 0.346, 0.35, 0.346, 0.348, 0.349, 0.344]
Max test score: 0.293 found at epoch: 3
Max test score shapes: 0.082 found at epoch: 2
