Active: ImageLevelloss True False True 0.2 
Active: MinSizeBackgroundloss True 1 

Test Scores: [0.242, 0.286, 0.306, 0.277, 0.266, 0.254, 0.251, 0.25, 0.251, 0.251, 0.248, 0.251, 0.249, 0.254, 0.252, 0.249, 0.25, 0.25, 0.252, 0.251, 0.249, 0.251, 0.248, 0.251, 0.251, 0.25, 0.252, 0.25, 0.249, 0.249, 0.252, 0.251, 0.251, 0.252, 0.253, 0.249, 0.248, 0.249, 0.251, 0.251, 0.248, 0.252, 0.249, 0.251, 0.249, 0.251, 0.248, 0.252, 0.249, 0.252, 0.251, 0.248, 0.251, 0.251, 0.252, 0.246, 0.252, 0.251, 0.253, 0.252, 0.252, 0.25, 0.25, 0.251, 0.25, 0.249, 0.248, 0.252, 0.252, 0.252, 0.252, 0.248, 0.25, 0.249, 0.251, 0.248, 0.248, 0.251, 0.251, 0.247, 0.252, 0.252, 0.251, 0.251, 0.251, 0.248, 0.249, 0.248, 0.252, 0.256, 0.251, 0.249, 0.248, 0.252, 0.251, 0.251, 0.251, 0.252, 0.247, 0.251, 0.248, 0.252, 0.249, 0.248, 0.248, 0.249, 0.251, 0.251, 0.25, 0.249, 0.252, 0.246, 0.251, 0.251, 0.253, 0.253, 0.25, 0.248, 0.252, 0.252, 0.251, 0.248, 0.25, 0.251, 0.252, 0.251, 0.246, 0.251, 0.251, 0.249, 0.25, 0.251, 0.25, 0.252, 0.251, 0.252, 0.251, 0.252, 0.251, 0.252]
Test Scores w/o background: [0.048, 0.081, 0.095, 0.064, 0.046, 0.031, 0.026, 0.024, 0.024, 0.025, 0.02, 0.025, 0.021, 0.029, 0.025, 0.022, 0.024, 0.023, 0.027, 0.025, 0.022, 0.025, 0.021, 0.024, 0.025, 0.023, 0.026, 0.023, 0.022, 0.022, 0.028, 0.025, 0.024, 0.026, 0.028, 0.022, 0.02, 0.022, 0.025, 0.025, 0.021, 0.027, 0.022, 0.024, 0.022, 0.025, 0.021, 0.026, 0.022, 0.026, 0.025, 0.021, 0.025, 0.026, 0.026, 0.018, 0.026, 0.024, 0.028, 0.026, 0.026, 0.023, 0.023, 0.025, 0.023, 0.022, 0.02, 0.026, 0.027, 0.026, 0.026, 0.02, 0.024, 0.022, 0.026, 0.021, 0.021, 0.025, 0.025, 0.019, 0.026, 0.026, 0.025, 0.025, 0.024, 0.02, 0.021, 0.021, 0.026, 0.033, 0.024, 0.023, 0.02, 0.026, 0.025, 0.024, 0.024, 0.027, 0.02, 0.025, 0.02, 0.025, 0.022, 0.02, 0.02, 0.022, 0.024, 0.025, 0.023, 0.022, 0.026, 0.018, 0.024, 0.025, 0.028, 0.027, 0.024, 0.021, 0.026, 0.026, 0.024, 0.021, 0.024, 0.025, 0.026, 0.024, 0.018, 0.025, 0.025, 0.023, 0.023, 0.025, 0.024, 0.026, 0.024, 0.025, 0.025, 0.026, 0.025, 0.025]
Train Scores: [0.25, 0.292, 0.31, 0.272, 0.268, 0.259, 0.257, 0.256, 0.254, 0.258, 0.248, 0.255, 0.249, 0.258, 0.256, 0.25, 0.253, 0.251, 0.258, 0.255, 0.25, 0.256, 0.25, 0.255, 0.255, 0.252, 0.258, 0.252, 0.25, 0.25, 0.257, 0.257, 0.254, 0.258, 0.258, 0.251, 0.248, 0.252, 0.255, 0.256, 0.248, 0.259, 0.25, 0.254, 0.25, 0.257, 0.249, 0.258, 0.252, 0.257, 0.255, 0.249, 0.256, 0.258, 0.259, 0.245, 0.257, 0.254, 0.258, 0.256, 0.259, 0.252, 0.252, 0.258, 0.251, 0.251, 0.249, 0.257, 0.259, 0.257, 0.257, 0.249, 0.253, 0.25, 0.258, 0.248, 0.248, 0.257, 0.258, 0.246, 0.258, 0.258, 0.257, 0.256, 0.255, 0.248, 0.25, 0.248, 0.258, 0.257, 0.254, 0.25, 0.249, 0.258, 0.257, 0.254, 0.255, 0.259, 0.247, 0.256, 0.247, 0.256, 0.252, 0.248, 0.249, 0.25, 0.254, 0.256, 0.252, 0.249, 0.258, 0.246, 0.255, 0.258, 0.259, 0.258, 0.253, 0.248, 0.258, 0.257, 0.256, 0.249, 0.253, 0.256, 0.259, 0.253, 0.246, 0.255, 0.256, 0.25, 0.252, 0.256, 0.252, 0.258, 0.254, 0.257, 0.257, 0.258, 0.258, 0.257]
Train Scores w/o background: [0.058, 0.089, 0.101, 0.059, 0.048, 0.036, 0.032, 0.031, 0.028, 0.032, 0.019, 0.029, 0.021, 0.034, 0.03, 0.022, 0.026, 0.023, 0.033, 0.029, 0.021, 0.03, 0.022, 0.028, 0.029, 0.025, 0.033, 0.025, 0.022, 0.022, 0.033, 0.032, 0.027, 0.032, 0.033, 0.024, 0.019, 0.024, 0.029, 0.03, 0.02, 0.034, 0.021, 0.027, 0.022, 0.031, 0.02, 0.033, 0.024, 0.032, 0.028, 0.021, 0.03, 0.033, 0.034, 0.016, 0.031, 0.027, 0.033, 0.029, 0.033, 0.024, 0.024, 0.033, 0.023, 0.023, 0.021, 0.031, 0.034, 0.031, 0.032, 0.02, 0.026, 0.022, 0.032, 0.019, 0.019, 0.031, 0.033, 0.017, 0.032, 0.032, 0.031, 0.03, 0.028, 0.019, 0.022, 0.019, 0.032, 0.033, 0.027, 0.022, 0.021, 0.033, 0.031, 0.027, 0.028, 0.034, 0.018, 0.03, 0.018, 0.03, 0.024, 0.019, 0.02, 0.022, 0.027, 0.03, 0.024, 0.021, 0.033, 0.017, 0.028, 0.033, 0.034, 0.033, 0.025, 0.02, 0.033, 0.032, 0.029, 0.02, 0.026, 0.03, 0.033, 0.026, 0.017, 0.029, 0.03, 0.022, 0.024, 0.03, 0.025, 0.032, 0.027, 0.031, 0.031, 0.032, 0.033, 0.031]
Train Loss: [42.941, 30.287, 24.411, 19.635, 15.422, 11.322, 7.199, 2.924, 0.059, 0.0, 0.0, 0.0, 0.0, 0.0, 0.0, 0.0, 0.0, 0.0, 0.0, 0.0, 0.0, 0.0, 0.0, 0.0, 0.0, 0.0, 0.0, 0.0, 0.0, 0.0, 0.0, 0.0, 0.0, 0.0, 0.0, 0.0, 0.0, 0.0, 0.0, 0.0, 0.0, 0.0, 0.0, 0.0, 0.0, 0.0, 0.0, 0.0, 0.0, 0.0, 0.0, 0.0, 0.0, 0.0, 0.0, 0.0, 0.0, 0.0, 0.0, 0.0, 0.0, 0.0, 0.0, 0.0, 0.0, 0.0, 0.0, 0.0, 0.0, 0.0, 0.0, 0.0, 0.0, 0.0, 0.0, 0.0, 0.0, 0.0, 0.0, 0.0, 0.0, 0.0, 0.0, 0.0, 0.0, 0.0, 0.0, 0.0, 0.0, 0.0, 0.0, 0.0, 0.0, 0.0, 0.0, 0.0, 0.0, 0.0, 0.0, 0.0, 0.0, 0.0, 0.0, 0.0, 0.0, 0.0, 0.0, 0.0, 0.0, 0.0, 0.0, 0.0, 0.0, 0.0, 0.0, 0.0, 0.0, 0.0, 0.0, 0.0, 0.0, 0.0, 0.0, 0.0, 0.0, 0.0, 0.0, 0.0, 0.0, 0.0, 0.0, 0.0, 0.0, 0.0, 0.0, 0.0, 0.0, 0.0, 0.0, 0.0]
Test Loss: [43.415, 30.482, 24.578, 19.755, 15.535, 11.47, 7.305, 3.033, 0.063, 0.0, 0.0, 0.0, 0.0, 0.0, 0.0, 0.0, 0.0, 0.0, 0.0, 0.0, 0.0, 0.0, 0.0, 0.0, 0.0, 0.0, 0.0, 0.0, 0.0, 0.0, 0.0, 0.0, 0.0, 0.0, 0.0, 0.0, 0.0, 0.0, 0.0, 0.0, 0.0, 0.0, 0.0, 0.0, 0.0, 0.0, 0.0, 0.0, 0.0, 0.0, 0.0, 0.0, 0.0, 0.0, 0.0, 0.0, 0.0, 0.0, 0.0, 0.0, 0.0, 0.0, 0.0, 0.0, 0.0, 0.0, 0.0, 0.0, 0.0, 0.0, 0.0, 0.0, 0.0, 0.0, 0.0, 0.0, 0.0, 0.0, 0.0, 0.0, 0.0, 0.0, 0.0, 0.0, 0.0, 0.0, 0.0, 0.0, 0.0, 0.0, 0.0, 0.0, 0.0, 0.0, 0.0, 0.0, 0.0, 0.0, 0.0, 0.0, 0.0, 0.0, 0.0, 0.0, 0.0, 0.0, 0.0, 0.0, 0.0, 0.0, 0.0, 0.0, 0.0, 0.0, 0.0, 0.0, 0.0, 0.0, 0.0, 0.0, 0.0, 0.0, 0.0, 0.0, 0.0, 0.0, 0.0, 0.0, 0.0, 0.0, 0.0, 0.0, 0.0, 0.0, 0.0, 0.0, 0.0, 0.0, 0.0, 0.0]
Max test score: 0.306 found at epoch: 3
Max test score shapes: 0.095 found at epoch: 3
