Active: ImageLevelloss True True False 0.2 
Active: MinSizeBackgroundloss True 1 

Test Scores: [0.246, 0.287, 0.296, 0.281, 0.265, 0.249, 0.255, 0.254, 0.238, 0.248, 0.237, 0.237, 0.235, 0.242, 0.24, 0.236, 0.235, 0.233, 0.235, 0.235, 0.235, 0.234, 0.232, 0.232, 0.228, 0.23, 0.23, 0.233, 0.232, 0.231, 0.232, 0.231, 0.232, 0.231, 0.232, 0.232, 0.231, 0.231, 0.229, 0.231, 0.232, 0.23, 0.226, 0.229, 0.23, 0.223, 0.225, 0.231, 0.23, 0.231, 0.232, 0.232, 0.231, 0.231, 0.231, 0.232, 0.232, 0.231, 0.231, 0.229, 0.232, 0.23, 0.232, 0.232, 0.231, 0.231, 0.231, 0.231, 0.229, 0.232, 0.23, 0.228, 0.23, 0.232, 0.231, 0.229, 0.229, 0.231, 0.229, 0.231, 0.231, 0.231, 0.23, 0.23, 0.228, 0.232, 0.23, 0.231, 0.231, 0.229, 0.231, 0.227, 0.232, 0.23, 0.228, 0.228, 0.23, 0.231, 0.228, 0.231, 0.227, 0.227, 0.231, 0.228, 0.23, 0.23, 0.228, 0.231, 0.229, 0.231, 0.228, 0.231, 0.23, 0.231, 0.23, 0.23, 0.231, 0.231, 0.23, 0.229, 0.231, 0.23, 0.226, 0.23, 0.229, 0.23, 0.232, 0.227, 0.23, 0.231, 0.231, 0.23, 0.231, 0.23, 0.231, 0.231, 0.23, 0.229, 0.231, 0.23]
Test Scores w/o background: [0.053, 0.082, 0.083, 0.069, 0.045, 0.022, 0.031, 0.029, 0.008, 0.021, 0.007, 0.007, 0.004, 0.013, 0.01, 0.005, 0.004, 0.002, 0.004, 0.003, 0.004, 0.002, 0.0, 0.001, 0.001, 0.001, 0.001, 0.002, 0.0, 0.0, 0.0, 0.0, 0.0, 0.0, 0.0, 0.0, 0.0, 0.0, 0.0, 0.0, 0.0, 0.0, 0.0, 0.0, 0.0, 0.0, 0.0, 0.0, 0.0, 0.0, 0.0, 0.0, 0.0, 0.0, 0.0, 0.0, 0.0, 0.0, 0.0, 0.0, 0.0, 0.0, 0.0, 0.0, 0.0, 0.0, 0.0, 0.0, 0.0, 0.0, 0.0, 0.0, 0.0, 0.0, 0.0, 0.0, 0.0, 0.0, 0.0, 0.0, 0.0, 0.0, 0.0, 0.0, 0.0, 0.0, 0.0, 0.0, 0.0, 0.0, 0.0, 0.0, 0.0, 0.0, 0.0, 0.0, 0.0, 0.0, 0.0, 0.0, 0.0, 0.0, 0.0, 0.0, 0.0, 0.0, 0.0, 0.0, 0.0, 0.0, 0.0, 0.0, 0.0, 0.0, 0.0, 0.0, 0.0, 0.0, 0.0, 0.0, 0.0, 0.0, 0.0, 0.0, 0.0, 0.0, 0.0, 0.0, 0.0, 0.0, 0.0, 0.0, 0.0, 0.0, 0.0, 0.0, 0.0, 0.0, 0.0, 0.0]
Train Scores: [0.251, 0.294, 0.303, 0.273, 0.267, 0.251, 0.249, 0.25, 0.242, 0.249, 0.242, 0.242, 0.238, 0.245, 0.243, 0.239, 0.238, 0.236, 0.238, 0.237, 0.238, 0.236, 0.234, 0.234, 0.23, 0.231, 0.231, 0.235, 0.233, 0.232, 0.233, 0.232, 0.233, 0.232, 0.233, 0.233, 0.232, 0.232, 0.23, 0.232, 0.233, 0.231, 0.227, 0.23, 0.23, 0.224, 0.224, 0.232, 0.232, 0.232, 0.233, 0.233, 0.232, 0.233, 0.232, 0.233, 0.233, 0.232, 0.232, 0.23, 0.233, 0.232, 0.233, 0.233, 0.232, 0.232, 0.231, 0.232, 0.231, 0.233, 0.231, 0.23, 0.231, 0.232, 0.232, 0.231, 0.23, 0.232, 0.231, 0.233, 0.233, 0.232, 0.231, 0.232, 0.231, 0.233, 0.232, 0.232, 0.232, 0.231, 0.232, 0.227, 0.233, 0.232, 0.229, 0.229, 0.231, 0.232, 0.23, 0.232, 0.23, 0.23, 0.232, 0.23, 0.231, 0.231, 0.23, 0.232, 0.231, 0.232, 0.229, 0.232, 0.231, 0.232, 0.232, 0.232, 0.232, 0.232, 0.232, 0.231, 0.232, 0.232, 0.227, 0.232, 0.231, 0.231, 0.233, 0.228, 0.231, 0.232, 0.232, 0.232, 0.232, 0.231, 0.232, 0.232, 0.232, 0.231, 0.232, 0.232]
Train Scores w/o background: [0.06, 0.09, 0.092, 0.058, 0.046, 0.024, 0.023, 0.022, 0.012, 0.021, 0.012, 0.012, 0.006, 0.015, 0.012, 0.008, 0.006, 0.004, 0.007, 0.006, 0.006, 0.005, 0.001, 0.001, 0.002, 0.002, 0.001, 0.004, 0.0, 0.0, 0.0, 0.0, 0.0, 0.0, 0.0, 0.0, 0.0, 0.0, 0.0, 0.0, 0.0, 0.0, 0.0, 0.0, 0.0, 0.0, 0.0, 0.0, 0.0, 0.0, 0.0, 0.0, 0.0, 0.0, 0.0, 0.0, 0.0, 0.0, 0.0, 0.0, 0.0, 0.0, 0.0, 0.0, 0.0, 0.0, 0.0, 0.0, 0.0, 0.0, 0.0, 0.0, 0.0, 0.0, 0.0, 0.0, 0.0, 0.0, 0.0, 0.0, 0.0, 0.0, 0.0, 0.0, 0.0, 0.0, 0.0, 0.0, 0.0, 0.0, 0.0, 0.0, 0.0, 0.0, 0.0, 0.0, 0.0, 0.0, 0.0, 0.0, 0.0, 0.0, 0.0, 0.0, 0.0, 0.0, 0.0, 0.0, 0.0, 0.0, 0.0, 0.0, 0.0, 0.0, 0.0, 0.0, 0.0, 0.0, 0.0, 0.0, 0.0, 0.0, 0.0, 0.0, 0.0, 0.0, 0.0, 0.0, 0.0, 0.0, 0.0, 0.0, 0.0, 0.0, 0.0, 0.0, 0.0, 0.0, 0.0, 0.0]
Train Loss: [56.15, 40.993, 33.869, 28.113, 23.067, 18.182, 13.064, 7.814, 4.284, 3.414, 2.643, 1.997, 1.498, 1.156, 0.947, 0.84, 0.771, 0.74, 0.701, 0.684, 0.66, 0.634, 0.64, 0.635, 0.618, 0.634, 0.603, 0.588, 0.568, 0.568, 0.538, 0.522, 0.542, 0.531, 0.513, 0.49, 0.484, 0.462, 0.445, 0.443, 0.471, 0.45, 0.458, 0.44, 0.436, 0.431, 0.397, 0.373, 0.365, 0.359, 0.306, 0.313, 0.278, 0.256, 0.257, 0.247, 0.25, 0.222, 0.233, 0.28, 0.245, 0.237, 0.21, 0.193, 0.166, 0.166, 0.186, 0.173, 0.18, 0.178, 0.192, 0.172, 0.172, 0.158, 0.141, 0.14, 0.158, 0.145, 0.157, 0.134, 0.133, 0.123, 0.115, 0.126, 0.119, 0.114, 0.132, 0.13, 0.111, 0.117, 0.113, 0.103, 0.103, 0.114, 0.112, 0.113, 0.124, 0.123, 0.125, 0.124, 0.12, 0.122, 0.13, 0.117, 0.106, 0.094, 0.099, 0.103, 0.106, 0.096, 0.089, 0.077, 0.08, 0.1, 0.093, 0.079, 0.088, 0.092, 0.081, 0.066, 0.058, 0.051, 0.047, 0.04, 0.037, 0.035, 0.032, 0.033, 0.031, 0.029, 0.029, 0.026, 0.024, 0.023, 0.023, 0.022, 0.022, 0.023, 0.022, 0.022]
Test Loss: [56.647, 41.15, 33.992, 28.2, 23.123, 18.232, 13.108, 7.874, 4.247, 3.41, 2.664, 2.033, 1.544, 1.211, 1.042, 0.948, 0.886, 0.854, 0.819, 0.802, 0.779, 0.748, 0.764, 0.763, 0.748, 0.777, 0.763, 0.742, 0.741, 0.744, 0.74, 0.745, 0.725, 0.686, 0.73, 0.671, 0.707, 0.624, 0.668, 0.661, 0.695, 0.639, 0.694, 0.656, 0.654, 0.678, 0.676, 0.62, 0.607, 0.631, 0.587, 0.547, 0.539, 0.578, 0.53, 0.537, 0.537, 0.481, 0.552, 0.638, 0.535, 0.527, 0.54, 0.533, 0.535, 0.499, 0.528, 0.5, 0.506, 0.503, 0.514, 0.492, 0.465, 0.493, 0.458, 0.519, 0.494, 0.489, 0.472, 0.45, 0.497, 0.517, 0.496, 0.464, 0.48, 0.487, 0.535, 0.482, 0.469, 0.466, 0.468, 0.46, 0.47, 0.479, 0.447, 0.439, 0.498, 0.438, 0.442, 0.423, 0.447, 0.5, 0.467, 0.45, 0.469, 0.453, 0.426, 0.453, 0.457, 0.467, 0.434, 0.462, 0.476, 0.455, 0.474, 0.449, 0.428, 0.411, 0.428, 0.43, 0.444, 0.416, 0.435, 0.436, 0.421, 0.43, 0.442, 0.445, 0.429, 0.446, 0.444, 0.433, 0.441, 0.441, 0.438, 0.438, 0.433, 0.438, 0.442, 0.44]
Max test score: 0.296 found at epoch: 3
Max test score shapes: 0.083 found at epoch: 3
