seed 42
FullySupervisedPercentage: 0
logic loss multiplier: 0.01
Active: Pointloss True 10 
Active: MinSizeShapesloss True 30 

Test Scores: [0.038, 0.044, 0.041, 0.04, 0.042, 0.034, 0.029, 0.051, 0.043, 0.047, 0.033, 0.041, 0.065, 0.045, 0.043, 0.064, 0.08, 0.088, 0.062, 0.047, 0.039, 0.066, 0.082, 0.071, 0.058, 0.068, 0.053, 0.052, 0.076, 0.067, 0.063, 0.089, 0.092, 0.098, 0.091, 0.094, 0.086, 0.105, 0.09, 0.121, 0.13, 0.105, 0.077, 0.074, 0.052, 0.047, 0.052, 0.047, 0.062, 0.068, 0.068, 0.076, 0.088, 0.06, 0.083, 0.084, 0.075, 0.065, 0.049, 0.056, 0.055, 0.053, 0.054, 0.074, 0.083, 0.108, 0.073, 0.05, 0.061, 0.05, 0.051, 0.055, 0.08, 0.063, 0.066, 0.071, 0.085, 0.098, 0.11, 0.093, 0.096, 0.08, 0.089, 0.092, 0.083, 0.086, 0.085, 0.081, 0.082, 0.067, 0.059, 0.052, 0.058, 0.048, 0.054, 0.066, 0.059, 0.061, 0.08, 0.099, 0.106, 0.088, 0.084, 0.069, 0.059, 0.059, 0.054, 0.051, 0.052, 0.05, 0.053, 0.051, 0.046, 0.05, 0.048, 0.048, 0.05, 0.051, 0.05, 0.048]
Test Scores w/o background: [0.05, 0.059, 0.055, 0.052, 0.056, 0.045, 0.038, 0.068, 0.058, 0.063, 0.044, 0.054, 0.086, 0.06, 0.058, 0.085, 0.107, 0.118, 0.083, 0.063, 0.052, 0.088, 0.109, 0.095, 0.078, 0.09, 0.07, 0.069, 0.101, 0.089, 0.084, 0.118, 0.123, 0.13, 0.122, 0.125, 0.114, 0.14, 0.12, 0.161, 0.174, 0.141, 0.103, 0.099, 0.069, 0.062, 0.069, 0.063, 0.083, 0.091, 0.09, 0.101, 0.117, 0.081, 0.11, 0.112, 0.1, 0.087, 0.065, 0.075, 0.073, 0.07, 0.071, 0.098, 0.111, 0.145, 0.098, 0.067, 0.082, 0.066, 0.068, 0.073, 0.107, 0.084, 0.087, 0.095, 0.114, 0.131, 0.147, 0.124, 0.128, 0.107, 0.118, 0.123, 0.111, 0.114, 0.113, 0.108, 0.109, 0.09, 0.078, 0.07, 0.078, 0.064, 0.072, 0.088, 0.079, 0.082, 0.107, 0.132, 0.142, 0.117, 0.113, 0.092, 0.079, 0.079, 0.072, 0.068, 0.069, 0.066, 0.07, 0.068, 0.061, 0.067, 0.065, 0.064, 0.066, 0.067, 0.067, 0.064]
Train Scores: [0.044, 0.05, 0.047, 0.043, 0.046, 0.041, 0.036, 0.053, 0.057, 0.055, 0.041, 0.054, 0.074, 0.047, 0.049, 0.069, 0.088, 0.101, 0.077, 0.058, 0.044, 0.068, 0.08, 0.068, 0.057, 0.074, 0.06, 0.059, 0.082, 0.066, 0.068, 0.107, 0.107, 0.113, 0.107, 0.1, 0.095, 0.122, 0.106, 0.137, 0.136, 0.112, 0.084, 0.075, 0.057, 0.054, 0.063, 0.056, 0.07, 0.073, 0.071, 0.081, 0.094, 0.067, 0.082, 0.083, 0.075, 0.068, 0.055, 0.06, 0.059, 0.058, 0.061, 0.08, 0.089, 0.117, 0.092, 0.056, 0.067, 0.054, 0.056, 0.058, 0.086, 0.068, 0.072, 0.069, 0.083, 0.093, 0.107, 0.092, 0.104, 0.08, 0.087, 0.09, 0.078, 0.083, 0.089, 0.082, 0.088, 0.073, 0.065, 0.059, 0.069, 0.056, 0.059, 0.07, 0.069, 0.068, 0.09, 0.111, 0.113, 0.091, 0.097, 0.078, 0.062, 0.06, 0.055, 0.052, 0.056, 0.052, 0.054, 0.053, 0.05, 0.056, 0.055, 0.051, 0.053, 0.053, 0.053, 0.051]
Train Scores w/o background: [0.059, 0.066, 0.062, 0.056, 0.06, 0.054, 0.048, 0.071, 0.076, 0.074, 0.055, 0.072, 0.099, 0.063, 0.065, 0.092, 0.117, 0.135, 0.103, 0.078, 0.059, 0.091, 0.107, 0.091, 0.076, 0.098, 0.079, 0.079, 0.109, 0.088, 0.091, 0.143, 0.142, 0.151, 0.143, 0.133, 0.126, 0.162, 0.142, 0.182, 0.181, 0.149, 0.112, 0.1, 0.076, 0.073, 0.084, 0.074, 0.093, 0.097, 0.095, 0.108, 0.125, 0.09, 0.109, 0.111, 0.1, 0.091, 0.073, 0.08, 0.079, 0.077, 0.081, 0.106, 0.118, 0.156, 0.122, 0.075, 0.09, 0.072, 0.075, 0.078, 0.115, 0.091, 0.096, 0.092, 0.111, 0.124, 0.142, 0.123, 0.139, 0.106, 0.116, 0.121, 0.105, 0.111, 0.119, 0.11, 0.117, 0.097, 0.087, 0.079, 0.092, 0.074, 0.079, 0.094, 0.092, 0.09, 0.119, 0.148, 0.15, 0.121, 0.13, 0.104, 0.083, 0.08, 0.073, 0.07, 0.075, 0.07, 0.072, 0.071, 0.066, 0.075, 0.073, 0.068, 0.071, 0.071, 0.07, 0.068]
Train Loss: [0.345, 0.215, 0.101, 0.03, 0.014, 0.006, 0.007, 0.015, 0.016, 0.013, 0.014, 0.021, 0.022, 0.008, 0.007, 0.007, 0.006, 0.008, 0.001, 0.001, 0.001, 0.016, 0.003, 0.003, 0.011, 0.003, 0.0, 0.013, 0.004, 0.001, 0.007, 0.001, 0.0, 0.0, 0.002, 0.0, 0.0, 0.001, 0.003, 0.002, 0.003, 0.003, 0.0, 0.006, 0.005, 0.0, 0.003, 0.0, 0.0, 0.001, 0.0, 0.004, 0.001, 0.012, 0.001, 0.005, 0.001, 0.0, 0.0, 0.0, 0.0, 0.0, 0.0, 0.0, 0.0, 0.001, 0.0, 0.001, 0.0, 0.001, 0.0, 0.0, 0.0, 0.0, 0.001, 0.0, 0.002, 0.0, 0.0, 0.0, 0.0, 0.004, 0.002, 0.0, 0.002, 0.0, 0.003, 0.0, 0.004, 0.007, 0.001, 0.007, 0.002, 0.0, 0.0, 0.0, 0.0, 0.0, 0.0, 0.0, 0.004, 0.006, 0.007, 0.002, 0.002, 0.0, 0.0, 0.0, 0.0, 0.0, 0.0, 0.0, 0.0, 0.0, 0.003, 0.0, 0.0, 0.0, 0.0, 0.0]
Max test score: 0.13 found at epoch: 41
Max test score shapes: 0.174 found at epoch: 41
Avg generalisation ratio: 0.921
Avg generalisation diff: 0.007