seed 42
FullySupervisedPercentage: 0
logic loss multiplier: 0.01
Active: Scribblesloss True 1 
Active: MinSizeBackgroundloss True 1 
Active: MaxSizeBackgroundloss True 20 
Active: MinSizeShapesloss True 30 
Active: MaxSizeShapesloss True 1 

Test Scores: [0.24, 0.274, 0.336, 0.376, 0.368, 0.43, 0.444, 0.436, 0.461, 0.456, 0.433, 0.468, 0.465, 0.469, 0.466, 0.492, 0.473, 0.485, 0.489, 0.489, 0.473, 0.475, 0.488, 0.477, 0.476, 0.487, 0.474, 0.475, 0.469, 0.46, 0.474, 0.472, 0.498, 0.463, 0.457, 0.486, 0.5, 0.493, 0.471, 0.468, 0.444, 0.504, 0.475, 0.431, 0.486, 0.47, 0.468, 0.454, 0.467, 0.477, 0.465, 0.477, 0.468, 0.466, 0.461, 0.462, 0.457, 0.475, 0.484, 0.452, 0.436, 0.443, 0.452, 0.483, 0.456, 0.462, 0.463, 0.465, 0.485, 0.46, 0.449, 0.47, 0.46, 0.479, 0.489, 0.467, 0.466, 0.463, 0.454, 0.495, 0.466, 0.443, 0.456, 0.464, 0.434, 0.436, 0.448, 0.456, 0.434, 0.436, 0.443, 0.434, 0.441, 0.461, 0.444, 0.449, 0.462, 0.451, 0.435, 0.442, 0.456, 0.455, 0.453, 0.448, 0.429, 0.442, 0.463, 0.449, 0.444, 0.451, 0.454, 0.454, 0.428, 0.435, 0.438, 0.461, 0.448, 0.458, 0.447, 0.433]
Test Scores w/o background: [0.082, 0.1, 0.159, 0.203, 0.186, 0.261, 0.276, 0.266, 0.301, 0.298, 0.266, 0.312, 0.309, 0.314, 0.31, 0.343, 0.318, 0.334, 0.34, 0.342, 0.317, 0.321, 0.337, 0.325, 0.323, 0.337, 0.319, 0.323, 0.315, 0.302, 0.321, 0.317, 0.352, 0.306, 0.299, 0.337, 0.352, 0.345, 0.317, 0.313, 0.281, 0.359, 0.322, 0.264, 0.337, 0.314, 0.313, 0.296, 0.312, 0.325, 0.309, 0.325, 0.312, 0.309, 0.304, 0.305, 0.299, 0.322, 0.333, 0.292, 0.271, 0.282, 0.293, 0.333, 0.297, 0.305, 0.307, 0.31, 0.336, 0.304, 0.288, 0.316, 0.302, 0.328, 0.341, 0.312, 0.311, 0.307, 0.294, 0.347, 0.311, 0.281, 0.296, 0.308, 0.269, 0.272, 0.287, 0.297, 0.267, 0.271, 0.28, 0.27, 0.277, 0.303, 0.279, 0.287, 0.306, 0.291, 0.271, 0.279, 0.297, 0.297, 0.293, 0.287, 0.262, 0.279, 0.306, 0.288, 0.281, 0.29, 0.294, 0.295, 0.26, 0.271, 0.274, 0.304, 0.288, 0.301, 0.286, 0.268]
Train Scores: [0.248, 0.288, 0.344, 0.383, 0.4, 0.475, 0.491, 0.515, 0.53, 0.501, 0.493, 0.525, 0.522, 0.523, 0.527, 0.539, 0.524, 0.549, 0.543, 0.531, 0.544, 0.52, 0.55, 0.529, 0.519, 0.539, 0.543, 0.518, 0.522, 0.514, 0.518, 0.525, 0.548, 0.51, 0.515, 0.526, 0.542, 0.542, 0.519, 0.508, 0.493, 0.553, 0.517, 0.46, 0.525, 0.513, 0.519, 0.501, 0.513, 0.519, 0.517, 0.52, 0.519, 0.52, 0.499, 0.508, 0.493, 0.501, 0.522, 0.49, 0.483, 0.484, 0.499, 0.518, 0.494, 0.5, 0.505, 0.501, 0.513, 0.494, 0.489, 0.512, 0.502, 0.523, 0.524, 0.499, 0.496, 0.5, 0.491, 0.528, 0.5, 0.479, 0.497, 0.497, 0.474, 0.473, 0.493, 0.501, 0.477, 0.48, 0.492, 0.471, 0.487, 0.51, 0.498, 0.485, 0.494, 0.484, 0.472, 0.488, 0.493, 0.492, 0.49, 0.487, 0.467, 0.482, 0.502, 0.493, 0.491, 0.497, 0.497, 0.495, 0.472, 0.479, 0.474, 0.499, 0.488, 0.5, 0.484, 0.468]
Train Scores w/o background: [0.091, 0.116, 0.171, 0.213, 0.229, 0.323, 0.338, 0.37, 0.392, 0.357, 0.346, 0.388, 0.385, 0.386, 0.39, 0.406, 0.387, 0.419, 0.411, 0.397, 0.411, 0.38, 0.42, 0.394, 0.379, 0.405, 0.411, 0.38, 0.384, 0.373, 0.38, 0.388, 0.417, 0.369, 0.375, 0.39, 0.408, 0.41, 0.381, 0.366, 0.346, 0.424, 0.377, 0.302, 0.388, 0.372, 0.38, 0.358, 0.372, 0.38, 0.377, 0.381, 0.38, 0.381, 0.354, 0.365, 0.346, 0.356, 0.383, 0.342, 0.334, 0.335, 0.354, 0.379, 0.348, 0.355, 0.361, 0.357, 0.372, 0.348, 0.34, 0.37, 0.357, 0.385, 0.386, 0.354, 0.35, 0.355, 0.343, 0.39, 0.355, 0.327, 0.35, 0.35, 0.321, 0.319, 0.345, 0.357, 0.324, 0.329, 0.345, 0.318, 0.338, 0.367, 0.35, 0.335, 0.347, 0.335, 0.319, 0.339, 0.346, 0.345, 0.342, 0.338, 0.312, 0.332, 0.357, 0.345, 0.342, 0.35, 0.351, 0.349, 0.318, 0.327, 0.32, 0.353, 0.34, 0.355, 0.334, 0.313]
Train Loss: [1.942, 1.474, 1.088, 0.793, 0.594, 0.405, 0.251, 0.122, 0.064, 0.046, 0.051, 0.041, 0.057, 0.036, 0.037, 0.037, 0.022, 0.021, 0.023, 0.022, 0.015, 0.015, 0.014, 0.013, 0.015, 0.015, 0.011, 0.009, 0.009, 0.012, 0.01, 0.01, 0.011, 0.008, 0.01, 0.017, 0.01, 0.008, 0.008, 0.009, 0.008, 0.008, 0.006, 0.007, 0.006, 0.004, 0.005, 0.006, 0.004, 0.005, 0.005, 0.006, 0.004, 0.004, 0.005, 0.004, 0.003, 0.004, 0.003, 0.004, 0.005, 0.004, 0.003, 0.003, 0.002, 0.002, 0.002, 0.004, 0.003, 0.003, 0.004, 0.003, 0.002, 0.003, 0.003, 0.002, 0.002, 0.006, 0.002, 0.002, 0.002, 0.002, 0.001, 0.001, 0.002, 0.002, 0.002, 0.001, 0.001, 0.001, 0.001, 0.001, 0.001, 0.002, 0.001, 0.001, 0.001, 0.002, 0.002, 0.001, 0.001, 0.001, 0.003, 0.001, 0.002, 0.001, 0.001, 0.001, 0.001, 0.001, 0.001, 0.0, 0.0, 0.001, 0.001, 0.001, 0.0, 0.0, 0.001, 0.0]
Max test score: 0.504 found at epoch: 42
Max test score shapes: 0.359 found at epoch: 42
Avg generalisation ratio: 0.842
Avg generalisation diff: 0.056