seed 42
FullySupervisedPercentage: 0
logic loss multiplier: 0.01
Active: Scribblesloss True 1 
Active: OneHotloss True 20 
Active: MinSizeBackgroundloss True 1 
Active: MaxSizeBackgroundloss True 20 
Active: MinSizeShapesloss True 30 
Active: MaxSizeShapesloss True 1 

Test Scores: [0.242, 0.284, 0.316, 0.34, 0.349, 0.426, 0.397, 0.437, 0.463, 0.465, 0.466, 0.51, 0.484, 0.417, 0.415, 0.392, 0.395, 0.405, 0.404, 0.417, 0.428, 0.433, 0.421, 0.462, 0.465, 0.462, 0.475, 0.461, 0.482, 0.491, 0.499, 0.483, 0.493, 0.503, 0.513, 0.502, 0.501, 0.527, 0.551, 0.551, 0.538, 0.562, 0.557, 0.586, 0.583, 0.58, 0.598, 0.572, 0.583, 0.603, 0.612, 0.597, 0.582, 0.586, 0.601, 0.573, 0.593, 0.586, 0.596, 0.572, 0.573, 0.602, 0.615, 0.613, 0.602, 0.588, 0.619, 0.636, 0.639, 0.618, 0.599, 0.597, 0.582, 0.638, 0.651, 0.648, 0.642, 0.645, 0.617, 0.611, 0.622, 0.64, 0.616, 0.647, 0.645, 0.634, 0.612, 0.636, 0.636, 0.64, 0.612, 0.606, 0.607, 0.618, 0.631, 0.632, 0.628, 0.628, 0.621, 0.642, 0.605, 0.629, 0.622, 0.615, 0.625, 0.623, 0.624, 0.638, 0.631, 0.644, 0.639, 0.612, 0.643, 0.644, 0.64, 0.653, 0.637, 0.64, 0.648, 0.624]
Test Scores w/o background: [0.075, 0.108, 0.138, 0.162, 0.17, 0.269, 0.227, 0.273, 0.304, 0.308, 0.308, 0.364, 0.334, 0.259, 0.261, 0.235, 0.244, 0.253, 0.253, 0.265, 0.282, 0.288, 0.271, 0.325, 0.325, 0.32, 0.336, 0.317, 0.343, 0.357, 0.366, 0.343, 0.353, 0.367, 0.381, 0.367, 0.365, 0.399, 0.427, 0.428, 0.412, 0.442, 0.434, 0.472, 0.469, 0.465, 0.487, 0.455, 0.468, 0.493, 0.505, 0.487, 0.467, 0.472, 0.491, 0.455, 0.48, 0.471, 0.483, 0.452, 0.454, 0.493, 0.509, 0.507, 0.492, 0.473, 0.515, 0.538, 0.541, 0.512, 0.487, 0.486, 0.466, 0.539, 0.557, 0.553, 0.545, 0.549, 0.512, 0.504, 0.519, 0.542, 0.509, 0.551, 0.549, 0.534, 0.505, 0.537, 0.537, 0.542, 0.506, 0.498, 0.497, 0.512, 0.53, 0.531, 0.527, 0.526, 0.516, 0.544, 0.495, 0.528, 0.518, 0.509, 0.522, 0.521, 0.523, 0.539, 0.531, 0.546, 0.539, 0.504, 0.546, 0.548, 0.542, 0.559, 0.537, 0.542, 0.552, 0.521]
Train Scores: [0.242, 0.289, 0.324, 0.37, 0.407, 0.466, 0.455, 0.499, 0.53, 0.535, 0.542, 0.575, 0.533, 0.46, 0.454, 0.432, 0.42, 0.439, 0.433, 0.455, 0.459, 0.462, 0.46, 0.47, 0.491, 0.496, 0.513, 0.505, 0.516, 0.516, 0.52, 0.526, 0.545, 0.548, 0.553, 0.544, 0.54, 0.56, 0.593, 0.582, 0.579, 0.588, 0.605, 0.613, 0.607, 0.617, 0.625, 0.614, 0.629, 0.64, 0.646, 0.633, 0.62, 0.643, 0.638, 0.61, 0.638, 0.638, 0.653, 0.638, 0.624, 0.647, 0.651, 0.656, 0.646, 0.639, 0.654, 0.649, 0.651, 0.659, 0.659, 0.642, 0.633, 0.662, 0.671, 0.671, 0.677, 0.681, 0.675, 0.659, 0.662, 0.67, 0.639, 0.669, 0.661, 0.643, 0.658, 0.66, 0.676, 0.666, 0.65, 0.646, 0.67, 0.665, 0.667, 0.66, 0.665, 0.667, 0.661, 0.662, 0.663, 0.652, 0.662, 0.669, 0.665, 0.659, 0.651, 0.671, 0.668, 0.678, 0.679, 0.663, 0.652, 0.669, 0.667, 0.676, 0.674, 0.674, 0.684, 0.668]
Train Scores w/o background: [0.074, 0.113, 0.15, 0.203, 0.248, 0.323, 0.304, 0.355, 0.393, 0.4, 0.408, 0.453, 0.4, 0.318, 0.315, 0.289, 0.279, 0.301, 0.295, 0.318, 0.324, 0.328, 0.325, 0.336, 0.362, 0.367, 0.388, 0.377, 0.391, 0.391, 0.395, 0.401, 0.424, 0.429, 0.435, 0.424, 0.418, 0.443, 0.483, 0.469, 0.466, 0.478, 0.499, 0.508, 0.501, 0.514, 0.524, 0.511, 0.53, 0.543, 0.551, 0.535, 0.517, 0.547, 0.541, 0.504, 0.541, 0.54, 0.56, 0.54, 0.523, 0.552, 0.558, 0.564, 0.551, 0.543, 0.562, 0.555, 0.558, 0.569, 0.568, 0.546, 0.534, 0.572, 0.583, 0.583, 0.591, 0.597, 0.589, 0.568, 0.572, 0.582, 0.54, 0.581, 0.57, 0.546, 0.566, 0.569, 0.59, 0.577, 0.556, 0.551, 0.582, 0.576, 0.578, 0.569, 0.576, 0.578, 0.57, 0.572, 0.573, 0.558, 0.572, 0.581, 0.576, 0.569, 0.558, 0.583, 0.58, 0.592, 0.593, 0.573, 0.558, 0.581, 0.578, 0.59, 0.587, 0.588, 0.6, 0.579]
Train Loss: [2.124, 1.692, 1.288, 0.936, 0.685, 0.476, 0.352, 0.234, 0.172, 0.131, 0.115, 0.099, 0.088, 0.08, 0.065, 0.058, 0.051, 0.044, 0.041, 0.039, 0.034, 0.035, 0.026, 0.026, 0.031, 0.019, 0.018, 0.016, 0.02, 0.016, 0.015, 0.013, 0.012, 0.017, 0.015, 0.014, 0.015, 0.009, 0.009, 0.011, 0.009, 0.009, 0.008, 0.008, 0.01, 0.007, 0.008, 0.007, 0.007, 0.006, 0.007, 0.006, 0.006, 0.006, 0.005, 0.005, 0.008, 0.005, 0.004, 0.004, 0.004, 0.003, 0.005, 0.003, 0.004, 0.004, 0.004, 0.005, 0.003, 0.003, 0.012, 0.004, 0.003, 0.004, 0.003, 0.002, 0.002, 0.001, 0.002, 0.003, 0.002, 0.003, 0.003, 0.002, 0.003, 0.002, 0.003, 0.004, 0.003, 0.001, 0.002, 0.003, 0.004, 0.001, 0.001, 0.001, 0.002, 0.002, 0.007, 0.007, 0.001, 0.001, 0.001, 0.002, 0.002, 0.001, 0.003, 0.001, 0.001, 0.002, 0.002, 0.001, 0.001, 0.001, 0.002, 0.003, 0.001, 0.001, 0.001, 0.003]
Max test score: 0.653 found at epoch: 116
Max test score shapes: 0.559 found at epoch: 116
Avg generalisation ratio: 0.892
Avg generalisation diff: 0.05