seed 42
FullySupervisedPercentage: 0
logic loss multiplier: 0.01
Active: ImageLevelloss True True False 2 
Active: Scribblesloss True 1 
Active: MinSizeBackgroundloss True 1 
Active: MaxSizeBackgroundloss True 20 
Active: MinSizeShapesloss True 30 
Active: MaxSizeShapesloss True 1 
Active: Smoothnessloss True 100 

Test Scores: [0.224, 0.266, 0.288, 0.33, 0.352, 0.43, 0.449, 0.475, 0.444, 0.433, 0.435, 0.416, 0.423, 0.411, 0.411, 0.417, 0.404, 0.424, 0.439, 0.448, 0.487, 0.495, 0.5, 0.528, 0.533, 0.542, 0.56, 0.568, 0.592, 0.556, 0.599, 0.577, 0.58, 0.571, 0.61, 0.622, 0.62, 0.628, 0.608, 0.619, 0.619, 0.641, 0.612, 0.608, 0.638, 0.619, 0.618, 0.642, 0.67, 0.639, 0.636, 0.642, 0.633, 0.638, 0.65, 0.653, 0.663, 0.668, 0.654, 0.663, 0.646, 0.684, 0.659, 0.645, 0.65, 0.66, 0.631, 0.656, 0.665, 0.673, 0.66, 0.63, 0.669, 0.644, 0.666, 0.664, 0.64, 0.686, 0.659, 0.652, 0.657, 0.673, 0.648, 0.643, 0.673, 0.648, 0.648, 0.68, 0.664, 0.675, 0.66, 0.662, 0.66, 0.663, 0.662, 0.668, 0.665, 0.659, 0.667, 0.677, 0.656, 0.675, 0.656, 0.65, 0.661, 0.659, 0.673, 0.654, 0.637, 0.644, 0.678, 0.649, 0.647, 0.668, 0.661, 0.66, 0.684, 0.671, 0.667, 0.655]
Test Scores w/o background: [0.087, 0.088, 0.102, 0.147, 0.168, 0.26, 0.287, 0.321, 0.28, 0.268, 0.271, 0.245, 0.254, 0.236, 0.237, 0.245, 0.228, 0.253, 0.269, 0.281, 0.331, 0.341, 0.347, 0.383, 0.39, 0.4, 0.424, 0.435, 0.466, 0.418, 0.475, 0.445, 0.449, 0.437, 0.49, 0.505, 0.502, 0.513, 0.486, 0.501, 0.501, 0.53, 0.492, 0.486, 0.527, 0.501, 0.5, 0.531, 0.568, 0.527, 0.523, 0.531, 0.52, 0.526, 0.542, 0.545, 0.559, 0.566, 0.547, 0.559, 0.536, 0.587, 0.553, 0.535, 0.542, 0.555, 0.516, 0.55, 0.562, 0.572, 0.554, 0.515, 0.567, 0.533, 0.562, 0.56, 0.528, 0.589, 0.553, 0.545, 0.551, 0.572, 0.54, 0.532, 0.572, 0.538, 0.539, 0.581, 0.561, 0.574, 0.554, 0.557, 0.555, 0.558, 0.558, 0.566, 0.561, 0.553, 0.564, 0.577, 0.549, 0.574, 0.549, 0.542, 0.556, 0.553, 0.572, 0.547, 0.523, 0.534, 0.579, 0.54, 0.537, 0.565, 0.556, 0.554, 0.586, 0.569, 0.563, 0.548]
Train Scores: [0.217, 0.273, 0.302, 0.368, 0.387, 0.494, 0.514, 0.523, 0.515, 0.485, 0.479, 0.466, 0.463, 0.452, 0.453, 0.461, 0.445, 0.452, 0.484, 0.483, 0.509, 0.529, 0.528, 0.544, 0.555, 0.564, 0.592, 0.603, 0.622, 0.61, 0.627, 0.632, 0.637, 0.634, 0.65, 0.66, 0.679, 0.67, 0.663, 0.668, 0.67, 0.689, 0.677, 0.666, 0.679, 0.685, 0.68, 0.691, 0.7, 0.687, 0.689, 0.709, 0.691, 0.693, 0.708, 0.704, 0.711, 0.713, 0.702, 0.71, 0.71, 0.721, 0.7, 0.711, 0.703, 0.723, 0.708, 0.702, 0.708, 0.725, 0.712, 0.705, 0.718, 0.703, 0.719, 0.719, 0.696, 0.726, 0.72, 0.703, 0.729, 0.725, 0.705, 0.717, 0.721, 0.716, 0.708, 0.726, 0.698, 0.723, 0.722, 0.728, 0.72, 0.711, 0.726, 0.724, 0.725, 0.725, 0.73, 0.725, 0.733, 0.723, 0.725, 0.715, 0.728, 0.717, 0.736, 0.729, 0.729, 0.708, 0.745, 0.714, 0.719, 0.733, 0.731, 0.734, 0.74, 0.735, 0.733, 0.729]
Train Scores w/o background: [0.075, 0.096, 0.119, 0.199, 0.216, 0.347, 0.373, 0.385, 0.374, 0.336, 0.329, 0.311, 0.307, 0.29, 0.292, 0.302, 0.281, 0.29, 0.329, 0.328, 0.36, 0.387, 0.384, 0.405, 0.418, 0.43, 0.466, 0.481, 0.506, 0.49, 0.512, 0.518, 0.526, 0.521, 0.543, 0.556, 0.58, 0.569, 0.559, 0.566, 0.569, 0.594, 0.578, 0.563, 0.581, 0.589, 0.583, 0.597, 0.608, 0.592, 0.593, 0.62, 0.597, 0.599, 0.619, 0.614, 0.622, 0.626, 0.611, 0.621, 0.622, 0.636, 0.608, 0.623, 0.612, 0.638, 0.619, 0.611, 0.619, 0.641, 0.624, 0.615, 0.632, 0.613, 0.633, 0.634, 0.603, 0.642, 0.634, 0.612, 0.646, 0.641, 0.615, 0.631, 0.637, 0.629, 0.619, 0.643, 0.606, 0.638, 0.637, 0.645, 0.634, 0.622, 0.642, 0.64, 0.641, 0.642, 0.647, 0.641, 0.652, 0.639, 0.641, 0.628, 0.646, 0.631, 0.656, 0.647, 0.646, 0.618, 0.667, 0.627, 0.633, 0.651, 0.649, 0.653, 0.661, 0.654, 0.652, 0.647]
Train Loss: [3.565, 2.961, 2.455, 1.996, 1.667, 1.375, 1.148, 0.98, 0.841, 0.718, 0.609, 0.532, 0.457, 0.383, 0.321, 0.264, 0.218, 0.177, 0.147, 0.128, 0.102, 0.085, 0.069, 0.058, 0.049, 0.042, 0.039, 0.034, 0.031, 0.026, 0.022, 0.024, 0.021, 0.022, 0.019, 0.018, 0.018, 0.016, 0.015, 0.013, 0.015, 0.015, 0.011, 0.014, 0.012, 0.01, 0.009, 0.012, 0.011, 0.009, 0.008, 0.007, 0.008, 0.006, 0.007, 0.007, 0.007, 0.006, 0.006, 0.006, 0.006, 0.006, 0.006, 0.006, 0.005, 0.005, 0.005, 0.005, 0.004, 0.004, 0.003, 0.003, 0.006, 0.004, 0.004, 0.005, 0.006, 0.006, 0.009, 0.004, 0.003, 0.003, 0.004, 0.003, 0.008, 0.002, 0.002, 0.002, 0.003, 0.002, 0.004, 0.005, 0.003, 0.003, 0.006, 0.003, 0.002, 0.002, 0.002, 0.003, 0.003, 0.002, 0.002, 0.002, 0.002, 0.002, 0.003, 0.002, 0.002, 0.003, 0.002, 0.002, 0.002, 0.002, 0.002, 0.002, 0.002, 0.001, 0.001, 0.001]
Max test score: 0.686 found at epoch: 78
Max test score shapes: 0.589 found at epoch: 78
Avg generalisation ratio: 0.872
Avg generalisation diff: 0.069