seed 42
FullySupervisedPercentage: 0
logic loss multiplier: 0.01
Active: Scribblesloss True 1 

Test Scores: [0.141, 0.172, 0.172, 0.16, 0.181, 0.216, 0.219, 0.282, 0.258, 0.301, 0.298, 0.298, 0.313, 0.251, 0.245, 0.231, 0.212, 0.231, 0.22, 0.165, 0.227, 0.163, 0.17, 0.15, 0.17, 0.187, 0.163, 0.106, 0.118, 0.108, 0.15, 0.13, 0.116, 0.113, 0.108, 0.087, 0.082, 0.098, 0.088, 0.075, 0.069, 0.095, 0.066, 0.056, 0.054, 0.055, 0.053, 0.067, 0.055, 0.054, 0.061, 0.052, 0.045, 0.041, 0.046, 0.053, 0.073, 0.068, 0.064, 0.045, 0.042, 0.034, 0.055, 0.051, 0.063, 0.051, 0.069, 0.078, 0.053, 0.052, 0.04, 0.049, 0.044, 0.053, 0.057, 0.061, 0.063, 0.052, 0.064, 0.043, 0.054, 0.04, 0.066, 0.054, 0.055, 0.046, 0.058, 0.048, 0.062, 0.04, 0.06, 0.045, 0.05, 0.058, 0.05, 0.047, 0.039, 0.052, 0.055, 0.061, 0.045, 0.056, 0.054, 0.053, 0.054, 0.047, 0.052, 0.045, 0.046, 0.048, 0.051, 0.037, 0.057, 0.066, 0.069, 0.064, 0.051, 0.055, 0.059, 0.048]
Test Scores w/o background: [0.058, 0.069, 0.067, 0.076, 0.094, 0.114, 0.11, 0.14, 0.114, 0.162, 0.146, 0.148, 0.169, 0.144, 0.114, 0.113, 0.103, 0.134, 0.126, 0.097, 0.151, 0.099, 0.12, 0.104, 0.104, 0.125, 0.095, 0.066, 0.088, 0.105, 0.134, 0.105, 0.1, 0.105, 0.096, 0.077, 0.065, 0.09, 0.081, 0.076, 0.081, 0.081, 0.073, 0.068, 0.065, 0.07, 0.062, 0.083, 0.067, 0.068, 0.081, 0.069, 0.059, 0.054, 0.06, 0.07, 0.097, 0.091, 0.085, 0.06, 0.056, 0.045, 0.073, 0.068, 0.085, 0.067, 0.093, 0.104, 0.071, 0.069, 0.054, 0.065, 0.058, 0.071, 0.076, 0.081, 0.084, 0.069, 0.085, 0.058, 0.072, 0.054, 0.088, 0.072, 0.074, 0.062, 0.077, 0.064, 0.083, 0.054, 0.08, 0.06, 0.067, 0.077, 0.066, 0.062, 0.052, 0.069, 0.073, 0.082, 0.06, 0.075, 0.072, 0.071, 0.072, 0.063, 0.07, 0.06, 0.061, 0.064, 0.068, 0.049, 0.077, 0.088, 0.092, 0.085, 0.067, 0.073, 0.079, 0.063]
Train Scores: [0.137, 0.171, 0.178, 0.164, 0.197, 0.232, 0.233, 0.297, 0.263, 0.3, 0.308, 0.309, 0.319, 0.25, 0.245, 0.232, 0.214, 0.235, 0.215, 0.163, 0.222, 0.164, 0.168, 0.149, 0.178, 0.186, 0.167, 0.11, 0.123, 0.111, 0.146, 0.128, 0.115, 0.113, 0.113, 0.088, 0.085, 0.099, 0.093, 0.081, 0.068, 0.098, 0.067, 0.053, 0.056, 0.055, 0.052, 0.071, 0.054, 0.053, 0.059, 0.055, 0.048, 0.043, 0.039, 0.051, 0.072, 0.075, 0.066, 0.046, 0.042, 0.035, 0.053, 0.049, 0.062, 0.053, 0.071, 0.078, 0.051, 0.05, 0.04, 0.045, 0.043, 0.052, 0.056, 0.062, 0.058, 0.05, 0.061, 0.044, 0.049, 0.04, 0.06, 0.05, 0.05, 0.045, 0.051, 0.044, 0.058, 0.042, 0.058, 0.045, 0.05, 0.056, 0.049, 0.044, 0.037, 0.048, 0.049, 0.055, 0.044, 0.051, 0.05, 0.047, 0.048, 0.041, 0.045, 0.043, 0.042, 0.045, 0.046, 0.035, 0.052, 0.059, 0.062, 0.056, 0.044, 0.048, 0.052, 0.044]
Train Scores w/o background: [0.053, 0.069, 0.075, 0.083, 0.114, 0.138, 0.13, 0.162, 0.123, 0.165, 0.163, 0.168, 0.18, 0.145, 0.116, 0.118, 0.109, 0.14, 0.12, 0.096, 0.147, 0.102, 0.119, 0.103, 0.114, 0.123, 0.1, 0.07, 0.094, 0.11, 0.129, 0.1, 0.1, 0.104, 0.102, 0.079, 0.068, 0.09, 0.085, 0.083, 0.079, 0.079, 0.071, 0.063, 0.068, 0.07, 0.061, 0.087, 0.067, 0.067, 0.078, 0.073, 0.063, 0.057, 0.051, 0.068, 0.096, 0.101, 0.088, 0.061, 0.056, 0.046, 0.071, 0.066, 0.082, 0.071, 0.094, 0.104, 0.068, 0.066, 0.053, 0.06, 0.058, 0.069, 0.075, 0.083, 0.078, 0.066, 0.082, 0.058, 0.065, 0.053, 0.08, 0.067, 0.067, 0.059, 0.069, 0.059, 0.078, 0.056, 0.077, 0.06, 0.067, 0.075, 0.065, 0.059, 0.049, 0.063, 0.065, 0.073, 0.058, 0.068, 0.067, 0.062, 0.064, 0.055, 0.06, 0.057, 0.056, 0.06, 0.061, 0.046, 0.069, 0.079, 0.083, 0.075, 0.059, 0.064, 0.069, 0.059]
Train Loss: [1.414, 1.009, 0.714, 0.539, 0.412, 0.234, 0.146, 0.075, 0.056, 0.054, 0.048, 0.054, 0.031, 0.025, 0.028, 0.031, 0.019, 0.022, 0.021, 0.017, 0.026, 0.017, 0.013, 0.013, 0.017, 0.015, 0.012, 0.011, 0.011, 0.009, 0.01, 0.009, 0.008, 0.011, 0.008, 0.007, 0.009, 0.008, 0.008, 0.006, 0.007, 0.006, 0.005, 0.006, 0.006, 0.006, 0.014, 0.006, 0.008, 0.004, 0.004, 0.003, 0.005, 0.004, 0.006, 0.005, 0.004, 0.003, 0.003, 0.005, 0.006, 0.002, 0.002, 0.002, 0.003, 0.003, 0.002, 0.002, 0.002, 0.002, 0.003, 0.002, 0.002, 0.001, 0.002, 0.003, 0.001, 0.002, 0.001, 0.003, 0.001, 0.002, 0.001, 0.001, 0.001, 0.001, 0.001, 0.002, 0.001, 0.001, 0.002, 0.001, 0.003, 0.001, 0.002, 0.002, 0.001, 0.001, 0.001, 0.003, 0.003, 0.001, 0.001, 0.001, 0.001, 0.001, 0.001, 0.001, 0.001, 0.001, 0.0, 0.001, 0.001, 0.001, 0.001, 0.001, 0.0, 0.0, 0.0, 0.0]
Max test score: 0.313 found at epoch: 13
Max test score shapes: 0.169 found at epoch: 13
Avg generalisation ratio: 1.018
Avg generalisation diff: -0.0