seed 42
FullySupervisedPercentage: 0
logic loss multiplier: 0.01
Active: ImageLevelloss True True False 2 
Active: Scribblesloss True 1 
Active: OneHotloss True 20 
Active: MinSizeBackgroundloss True 1 
Active: MaxSizeBackgroundloss True 20 
Active: MinSizeShapesloss True 30 
Active: MaxSizeShapesloss True 1 

Test Scores: [0.266, 0.295, 0.316, 0.358, 0.425, 0.45, 0.478, 0.477, 0.475, 0.468, 0.443, 0.425, 0.416, 0.417, 0.414, 0.433, 0.467, 0.434, 0.501, 0.537, 0.511, 0.522, 0.526, 0.552, 0.564, 0.578, 0.559, 0.531, 0.613, 0.564, 0.578, 0.608, 0.559, 0.612, 0.633, 0.61, 0.592, 0.615, 0.616, 0.624, 0.622, 0.645, 0.639, 0.613, 0.643, 0.637, 0.636, 0.6, 0.636, 0.64, 0.632, 0.653, 0.674, 0.651, 0.648, 0.649, 0.605, 0.611, 0.668, 0.659, 0.674, 0.638, 0.652, 0.625, 0.665, 0.659, 0.66, 0.671, 0.659, 0.673, 0.67, 0.64, 0.672, 0.675, 0.683, 0.665, 0.696, 0.678, 0.673, 0.663, 0.669, 0.67, 0.68, 0.676, 0.659, 0.656, 0.681, 0.658, 0.667, 0.637, 0.681, 0.652, 0.646, 0.679, 0.689, 0.646, 0.657, 0.686, 0.681, 0.684, 0.665, 0.659, 0.664, 0.673, 0.69, 0.672, 0.677, 0.687, 0.687, 0.664, 0.669, 0.682, 0.681, 0.678, 0.666, 0.65, 0.667, 0.662, 0.667, 0.644]
Test Scores w/o background: [0.077, 0.111, 0.129, 0.174, 0.25, 0.281, 0.322, 0.321, 0.319, 0.311, 0.279, 0.254, 0.242, 0.245, 0.24, 0.263, 0.306, 0.26, 0.349, 0.395, 0.359, 0.373, 0.379, 0.413, 0.429, 0.446, 0.421, 0.384, 0.493, 0.428, 0.447, 0.486, 0.421, 0.492, 0.519, 0.489, 0.466, 0.495, 0.497, 0.507, 0.504, 0.535, 0.527, 0.493, 0.533, 0.525, 0.522, 0.475, 0.522, 0.528, 0.517, 0.546, 0.573, 0.542, 0.539, 0.54, 0.481, 0.489, 0.566, 0.553, 0.574, 0.526, 0.543, 0.508, 0.562, 0.553, 0.555, 0.569, 0.553, 0.572, 0.568, 0.528, 0.571, 0.575, 0.585, 0.561, 0.602, 0.578, 0.571, 0.558, 0.567, 0.568, 0.581, 0.575, 0.553, 0.549, 0.582, 0.552, 0.564, 0.523, 0.582, 0.544, 0.536, 0.58, 0.593, 0.536, 0.55, 0.589, 0.582, 0.587, 0.561, 0.553, 0.56, 0.572, 0.595, 0.57, 0.577, 0.591, 0.59, 0.56, 0.566, 0.584, 0.582, 0.578, 0.563, 0.541, 0.564, 0.557, 0.563, 0.533]
Train Scores: [0.269, 0.311, 0.336, 0.387, 0.469, 0.514, 0.545, 0.555, 0.55, 0.525, 0.504, 0.486, 0.47, 0.466, 0.458, 0.467, 0.499, 0.487, 0.53, 0.557, 0.556, 0.573, 0.574, 0.583, 0.582, 0.617, 0.614, 0.6, 0.639, 0.631, 0.625, 0.66, 0.632, 0.649, 0.673, 0.657, 0.642, 0.657, 0.661, 0.665, 0.679, 0.681, 0.685, 0.661, 0.694, 0.684, 0.69, 0.685, 0.68, 0.686, 0.698, 0.694, 0.692, 0.703, 0.704, 0.704, 0.69, 0.686, 0.71, 0.709, 0.714, 0.693, 0.722, 0.698, 0.711, 0.711, 0.712, 0.717, 0.712, 0.717, 0.721, 0.719, 0.724, 0.718, 0.732, 0.706, 0.732, 0.715, 0.726, 0.734, 0.731, 0.72, 0.723, 0.721, 0.723, 0.701, 0.735, 0.726, 0.711, 0.719, 0.731, 0.712, 0.722, 0.726, 0.741, 0.718, 0.716, 0.739, 0.733, 0.74, 0.723, 0.72, 0.734, 0.734, 0.737, 0.736, 0.722, 0.734, 0.74, 0.728, 0.72, 0.736, 0.735, 0.735, 0.73, 0.708, 0.731, 0.735, 0.737, 0.72]
Train Scores w/o background: [0.079, 0.13, 0.155, 0.213, 0.309, 0.367, 0.409, 0.423, 0.419, 0.386, 0.359, 0.334, 0.314, 0.308, 0.297, 0.308, 0.348, 0.331, 0.387, 0.422, 0.42, 0.442, 0.444, 0.455, 0.453, 0.498, 0.495, 0.476, 0.528, 0.517, 0.509, 0.555, 0.519, 0.542, 0.572, 0.552, 0.532, 0.552, 0.556, 0.561, 0.58, 0.584, 0.589, 0.557, 0.6, 0.587, 0.594, 0.589, 0.581, 0.59, 0.606, 0.601, 0.597, 0.612, 0.613, 0.613, 0.595, 0.589, 0.621, 0.62, 0.627, 0.598, 0.637, 0.605, 0.622, 0.622, 0.624, 0.63, 0.624, 0.631, 0.635, 0.633, 0.64, 0.632, 0.65, 0.615, 0.651, 0.628, 0.643, 0.653, 0.649, 0.635, 0.638, 0.635, 0.638, 0.61, 0.654, 0.642, 0.622, 0.633, 0.649, 0.624, 0.637, 0.642, 0.662, 0.631, 0.629, 0.66, 0.651, 0.661, 0.638, 0.635, 0.653, 0.653, 0.657, 0.656, 0.637, 0.653, 0.66, 0.645, 0.634, 0.655, 0.655, 0.654, 0.647, 0.618, 0.649, 0.654, 0.657, 0.634]
Train Loss: [3.257, 2.658, 2.136, 1.737, 1.4, 1.091, 0.883, 0.666, 0.544, 0.455, 0.37, 0.298, 0.236, 0.192, 0.154, 0.13, 0.113, 0.094, 0.093, 0.07, 0.056, 0.049, 0.04, 0.039, 0.035, 0.038, 0.029, 0.028, 0.029, 0.025, 0.026, 0.029, 0.026, 0.02, 0.021, 0.018, 0.019, 0.018, 0.015, 0.016, 0.014, 0.014, 0.012, 0.012, 0.012, 0.011, 0.009, 0.012, 0.011, 0.013, 0.01, 0.009, 0.011, 0.008, 0.009, 0.008, 0.007, 0.007, 0.006, 0.008, 0.008, 0.007, 0.006, 0.006, 0.006, 0.008, 0.006, 0.006, 0.005, 0.006, 0.006, 0.004, 0.004, 0.004, 0.004, 0.004, 0.004, 0.003, 0.004, 0.004, 0.003, 0.004, 0.003, 0.004, 0.004, 0.003, 0.004, 0.004, 0.004, 0.003, 0.004, 0.003, 0.005, 0.003, 0.003, 0.003, 0.003, 0.002, 0.002, 0.002, 0.002, 0.002, 0.002, 0.003, 0.003, 0.003, 0.002, 0.005, 0.003, 0.003, 0.002, 0.003, 0.002, 0.002, 0.002, 0.002, 0.001, 0.002, 0.002, 0.002]
Max test score: 0.696 found at epoch: 77
Max test score shapes: 0.602 found at epoch: 77
Avg generalisation ratio: 0.872
Avg generalisation diff: 0.069