percentFullySupervised0.2
domainLossMultiplier0.01
Active: Adjacencyloss True True 30 0.0001 True False 
Active: Relationsloss True 2 True 0.1 False 
Active: OneHotloss True 35 
Active: Smoothnessloss True 100 
Active: MinSizeShapesloss True 30 
Active: MaxSizeShapesloss True 1 

Test Scores: [0.312, 0.38, 0.475, 0.462, 0.505, 0.42, 0.512, 0.444, 0.473, 0.565, 0.523, 0.472, 0.443, 0.477, 0.521, 0.534, 0.514, 0.525, 0.565, 0.524, 0.53, 0.568, 0.57, 0.564, 0.524, 0.54, 0.567, 0.596, 0.537, 0.577, 0.612, 0.604, 0.611, 0.586, 0.592, 0.596, 0.569, 0.602, 0.592, 0.585, 0.596, 0.609, 0.607, 0.605, 0.587, 0.588, 0.604, 0.581, 0.608, 0.61, 0.598, 0.602, 0.6, 0.598, 0.577, 0.589, 0.607, 0.609, 0.594, 0.594, 0.588, 0.612, 0.59, 0.605, 0.628, 0.609, 0.587, 0.596, 0.632, 0.62, 0.601, 0.624, 0.618, 0.635, 0.651, 0.603, 0.624, 0.604, 0.614, 0.615, 0.626, 0.595, 0.601, 0.587, 0.622, 0.63, 0.619, 0.611, 0.636, 0.621, 0.623, 0.633, 0.618, 0.619, 0.633, 0.632, 0.622, 0.623, 0.637, 0.636]
Test Scores w/o background: [0.213, 0.288, 0.376, 0.413, 0.434, 0.361, 0.411, 0.347, 0.361, 0.432, 0.401, 0.368, 0.327, 0.357, 0.398, 0.409, 0.393, 0.407, 0.442, 0.404, 0.398, 0.446, 0.437, 0.425, 0.395, 0.424, 0.438, 0.466, 0.41, 0.442, 0.485, 0.471, 0.485, 0.46, 0.462, 0.462, 0.433, 0.477, 0.459, 0.454, 0.473, 0.485, 0.477, 0.477, 0.462, 0.469, 0.479, 0.458, 0.484, 0.479, 0.473, 0.472, 0.465, 0.465, 0.437, 0.469, 0.473, 0.482, 0.462, 0.468, 0.453, 0.488, 0.463, 0.476, 0.505, 0.472, 0.461, 0.472, 0.51, 0.492, 0.473, 0.494, 0.49, 0.516, 0.525, 0.485, 0.489, 0.467, 0.491, 0.491, 0.496, 0.452, 0.473, 0.454, 0.491, 0.496, 0.496, 0.489, 0.51, 0.491, 0.492, 0.504, 0.488, 0.483, 0.514, 0.505, 0.495, 0.488, 0.506, 0.513]
Train Scores: [0.33, 0.391, 0.484, 0.47, 0.522, 0.462, 0.537, 0.467, 0.52, 0.606, 0.558, 0.523, 0.475, 0.54, 0.571, 0.589, 0.579, 0.579, 0.616, 0.6, 0.592, 0.633, 0.647, 0.632, 0.608, 0.613, 0.642, 0.666, 0.612, 0.655, 0.682, 0.676, 0.672, 0.67, 0.656, 0.667, 0.65, 0.684, 0.678, 0.667, 0.685, 0.679, 0.681, 0.682, 0.665, 0.66, 0.672, 0.657, 0.686, 0.684, 0.673, 0.685, 0.67, 0.68, 0.659, 0.666, 0.696, 0.692, 0.672, 0.674, 0.675, 0.698, 0.677, 0.688, 0.714, 0.701, 0.68, 0.694, 0.732, 0.712, 0.682, 0.712, 0.713, 0.731, 0.732, 0.693, 0.709, 0.703, 0.726, 0.715, 0.721, 0.692, 0.693, 0.684, 0.716, 0.729, 0.715, 0.705, 0.733, 0.723, 0.721, 0.718, 0.718, 0.713, 0.728, 0.728, 0.716, 0.727, 0.739, 0.728]
Train Scores w/o background: [0.234, 0.293, 0.373, 0.411, 0.452, 0.404, 0.435, 0.361, 0.41, 0.478, 0.435, 0.42, 0.353, 0.424, 0.45, 0.471, 0.456, 0.46, 0.489, 0.485, 0.467, 0.513, 0.523, 0.504, 0.49, 0.507, 0.522, 0.549, 0.493, 0.54, 0.569, 0.558, 0.558, 0.559, 0.54, 0.55, 0.533, 0.576, 0.567, 0.555, 0.58, 0.569, 0.569, 0.568, 0.552, 0.552, 0.561, 0.548, 0.578, 0.572, 0.564, 0.575, 0.552, 0.567, 0.539, 0.56, 0.587, 0.584, 0.558, 0.563, 0.561, 0.592, 0.572, 0.577, 0.614, 0.59, 0.574, 0.592, 0.638, 0.608, 0.574, 0.608, 0.611, 0.639, 0.632, 0.595, 0.598, 0.595, 0.632, 0.617, 0.617, 0.577, 0.59, 0.577, 0.615, 0.627, 0.617, 0.608, 0.636, 0.624, 0.618, 0.614, 0.617, 0.606, 0.635, 0.629, 0.614, 0.623, 0.641, 0.631]
Train Loss: [3.496, 2.177, 1.432, 0.987, 0.876, 0.836, 0.808, 0.783, 0.758, 0.736, 0.711, 0.687, 0.666, 0.646, 0.626, 0.609, 0.594, 0.581, 0.567, 0.557, 0.549, 0.538, 0.528, 0.519, 0.512, 0.505, 0.498, 0.492, 0.486, 0.481, 0.476, 0.471, 0.465, 0.458, 0.452, 0.448, 0.445, 0.441, 0.437, 0.435, 0.433, 0.429, 0.427, 0.424, 0.422, 0.42, 0.417, 0.415, 0.412, 0.409, 0.406, 0.403, 0.4, 0.395, 0.391, 0.386, 0.38, 0.373, 0.367, 0.358, 0.35, 0.342, 0.333, 0.323, 0.314, 0.306, 0.298, 0.29, 0.284, 0.278, 0.273, 0.269, 0.266, 0.264, 0.261, 0.259, 0.258, 0.256, 0.255, 0.254, 0.253, 0.252, 0.252, 0.251, 0.251, 0.251, 0.25, 0.25, 0.25, 0.25, 0.249, 0.249, 0.249, 0.249, 0.248, 0.248, 0.248, 0.248, 0.247, 0.247]
Max test score: 0.651 found at epoch: 75
Max test score shapes: 0.525 found at epoch: 75
