percentFullySupervised0.2
domainLossMultiplier0.01
Active: OneHotloss True 35 
Active: Smoothnessloss True 100 

Test Scores: [0.286, 0.322, 0.393, 0.406, 0.474, 0.506, 0.57, 0.525, 0.484, 0.552, 0.458, 0.419, 0.379, 0.516, 0.483, 0.412, 0.492, 0.492, 0.501, 0.499, 0.553, 0.544, 0.589, 0.563, 0.501, 0.566, 0.52, 0.597, 0.513, 0.573, 0.583, 0.608, 0.589, 0.607, 0.573, 0.579, 0.577, 0.597, 0.595, 0.58, 0.585, 0.598, 0.61, 0.6, 0.605, 0.565, 0.588, 0.532, 0.612, 0.619, 0.604, 0.576, 0.586, 0.608, 0.604, 0.586, 0.612, 0.586, 0.594, 0.591, 0.6, 0.599, 0.611, 0.586, 0.6, 0.598, 0.581, 0.573, 0.626, 0.629, 0.601, 0.617, 0.605, 0.619, 0.643, 0.591, 0.617, 0.601, 0.591, 0.612, 0.62, 0.62, 0.599, 0.581, 0.602, 0.616, 0.604, 0.596, 0.639, 0.587, 0.625, 0.613, 0.609, 0.606, 0.606, 0.595, 0.619, 0.596, 0.63, 0.612]
Test Scores w/o background: [0.202, 0.248, 0.303, 0.343, 0.411, 0.38, 0.444, 0.405, 0.368, 0.427, 0.348, 0.307, 0.284, 0.376, 0.367, 0.313, 0.362, 0.385, 0.385, 0.377, 0.429, 0.425, 0.459, 0.43, 0.385, 0.437, 0.396, 0.47, 0.386, 0.443, 0.464, 0.483, 0.462, 0.485, 0.446, 0.448, 0.452, 0.472, 0.471, 0.456, 0.46, 0.481, 0.483, 0.474, 0.479, 0.447, 0.466, 0.41, 0.493, 0.491, 0.479, 0.46, 0.464, 0.48, 0.478, 0.465, 0.488, 0.465, 0.467, 0.464, 0.476, 0.477, 0.488, 0.462, 0.483, 0.461, 0.46, 0.451, 0.501, 0.5, 0.477, 0.493, 0.48, 0.5, 0.515, 0.47, 0.482, 0.47, 0.465, 0.492, 0.49, 0.491, 0.476, 0.443, 0.48, 0.484, 0.481, 0.471, 0.518, 0.463, 0.498, 0.482, 0.483, 0.482, 0.484, 0.468, 0.492, 0.456, 0.5, 0.487]
Train Scores: [0.299, 0.32, 0.412, 0.433, 0.505, 0.537, 0.588, 0.548, 0.53, 0.581, 0.5, 0.471, 0.399, 0.569, 0.523, 0.469, 0.529, 0.54, 0.537, 0.545, 0.608, 0.584, 0.64, 0.621, 0.572, 0.608, 0.586, 0.642, 0.569, 0.629, 0.645, 0.658, 0.649, 0.66, 0.635, 0.64, 0.647, 0.66, 0.655, 0.652, 0.645, 0.656, 0.668, 0.674, 0.664, 0.639, 0.663, 0.601, 0.687, 0.687, 0.68, 0.647, 0.657, 0.686, 0.676, 0.657, 0.677, 0.661, 0.661, 0.668, 0.669, 0.677, 0.677, 0.667, 0.676, 0.675, 0.664, 0.651, 0.696, 0.707, 0.683, 0.699, 0.691, 0.702, 0.719, 0.68, 0.699, 0.685, 0.683, 0.7, 0.706, 0.704, 0.672, 0.675, 0.701, 0.716, 0.694, 0.684, 0.716, 0.682, 0.709, 0.708, 0.698, 0.697, 0.686, 0.689, 0.715, 0.688, 0.72, 0.693]
Train Scores w/o background: [0.224, 0.244, 0.317, 0.368, 0.436, 0.413, 0.461, 0.429, 0.415, 0.455, 0.389, 0.37, 0.297, 0.444, 0.407, 0.38, 0.406, 0.434, 0.424, 0.427, 0.496, 0.472, 0.522, 0.498, 0.467, 0.489, 0.472, 0.529, 0.45, 0.515, 0.537, 0.545, 0.537, 0.547, 0.519, 0.527, 0.534, 0.552, 0.546, 0.544, 0.531, 0.549, 0.556, 0.563, 0.551, 0.536, 0.558, 0.493, 0.585, 0.58, 0.572, 0.548, 0.55, 0.579, 0.568, 0.552, 0.57, 0.557, 0.55, 0.563, 0.563, 0.572, 0.572, 0.56, 0.578, 0.562, 0.561, 0.547, 0.596, 0.603, 0.579, 0.597, 0.59, 0.607, 0.616, 0.583, 0.587, 0.578, 0.583, 0.605, 0.601, 0.601, 0.568, 0.565, 0.607, 0.614, 0.597, 0.583, 0.62, 0.583, 0.606, 0.606, 0.597, 0.599, 0.587, 0.589, 0.614, 0.575, 0.617, 0.59]
Train Loss: [1.056, 0.949, 0.891, 0.854, 0.827, 0.804, 0.781, 0.762, 0.74, 0.72, 0.699, 0.681, 0.659, 0.641, 0.621, 0.606, 0.592, 0.578, 0.567, 0.557, 0.549, 0.538, 0.529, 0.52, 0.511, 0.505, 0.498, 0.492, 0.487, 0.481, 0.475, 0.471, 0.466, 0.462, 0.458, 0.454, 0.45, 0.446, 0.442, 0.437, 0.432, 0.428, 0.426, 0.424, 0.421, 0.418, 0.416, 0.414, 0.41, 0.408, 0.406, 0.403, 0.399, 0.395, 0.39, 0.384, 0.378, 0.371, 0.364, 0.356, 0.347, 0.338, 0.329, 0.32, 0.311, 0.303, 0.296, 0.289, 0.283, 0.277, 0.272, 0.268, 0.264, 0.261, 0.259, 0.258, 0.256, 0.255, 0.253, 0.252, 0.251, 0.25, 0.25, 0.25, 0.249, 0.249, 0.249, 0.249, 0.248, 0.248, 0.248, 0.248, 0.247, 0.248, 0.247, 0.247, 0.246, 0.246, 0.246, 0.246]
Max test score: 0.643 found at epoch: 75
Max test score shapes: 0.518 found at epoch: 89
