percentFullySupervised0.2
domainLossMultiplier0.01
Active: Smoothnessloss True 100 

Test Scores: [0.301, 0.357, 0.498, 0.46, 0.52, 0.539, 0.594, 0.558, 0.603, 0.626, 0.587, 0.609, 0.565, 0.604, 0.579, 0.552, 0.601, 0.56, 0.551, 0.545, 0.55, 0.566, 0.615, 0.54, 0.519, 0.564, 0.547, 0.547, 0.49, 0.603, 0.62, 0.62, 0.606, 0.594, 0.598, 0.565, 0.628, 0.625, 0.624, 0.602, 0.603, 0.599, 0.633, 0.608, 0.606, 0.593, 0.619, 0.599, 0.627, 0.641, 0.635, 0.617, 0.598, 0.636, 0.644, 0.608, 0.634, 0.63, 0.634, 0.618, 0.616, 0.613, 0.638, 0.623, 0.628, 0.629, 0.613, 0.615, 0.626, 0.63, 0.638, 0.648, 0.646, 0.64, 0.657, 0.631, 0.645, 0.629, 0.638, 0.654, 0.643, 0.656, 0.643, 0.633, 0.64, 0.638, 0.646, 0.626, 0.649, 0.653, 0.656, 0.655, 0.653, 0.647, 0.65, 0.659, 0.642, 0.651, 0.659, 0.647]
Test Scores w/o background: [0.213, 0.264, 0.363, 0.347, 0.399, 0.4, 0.462, 0.418, 0.469, 0.496, 0.449, 0.474, 0.428, 0.472, 0.447, 0.43, 0.47, 0.446, 0.432, 0.438, 0.436, 0.447, 0.495, 0.433, 0.414, 0.442, 0.438, 0.432, 0.374, 0.485, 0.503, 0.5, 0.486, 0.475, 0.482, 0.454, 0.511, 0.51, 0.507, 0.485, 0.483, 0.488, 0.523, 0.485, 0.489, 0.471, 0.504, 0.476, 0.503, 0.524, 0.511, 0.496, 0.472, 0.518, 0.525, 0.489, 0.514, 0.506, 0.521, 0.495, 0.492, 0.496, 0.523, 0.506, 0.514, 0.5, 0.496, 0.501, 0.511, 0.509, 0.526, 0.526, 0.526, 0.525, 0.536, 0.517, 0.521, 0.509, 0.515, 0.541, 0.515, 0.538, 0.527, 0.507, 0.52, 0.509, 0.528, 0.508, 0.531, 0.533, 0.539, 0.536, 0.531, 0.524, 0.537, 0.544, 0.517, 0.526, 0.537, 0.529]
Train Scores: [0.316, 0.361, 0.509, 0.485, 0.552, 0.574, 0.624, 0.6, 0.637, 0.664, 0.643, 0.66, 0.614, 0.665, 0.628, 0.602, 0.658, 0.622, 0.615, 0.608, 0.612, 0.641, 0.679, 0.613, 0.576, 0.641, 0.612, 0.612, 0.565, 0.673, 0.69, 0.687, 0.685, 0.667, 0.682, 0.637, 0.707, 0.698, 0.709, 0.679, 0.685, 0.677, 0.702, 0.699, 0.685, 0.674, 0.702, 0.687, 0.724, 0.713, 0.725, 0.702, 0.689, 0.724, 0.727, 0.698, 0.724, 0.72, 0.719, 0.708, 0.706, 0.702, 0.732, 0.709, 0.724, 0.718, 0.705, 0.706, 0.715, 0.727, 0.714, 0.732, 0.736, 0.729, 0.749, 0.714, 0.744, 0.732, 0.729, 0.745, 0.74, 0.744, 0.729, 0.719, 0.739, 0.734, 0.738, 0.709, 0.747, 0.745, 0.751, 0.752, 0.752, 0.742, 0.743, 0.745, 0.742, 0.75, 0.752, 0.732]
Train Scores w/o background: [0.234, 0.265, 0.371, 0.371, 0.433, 0.444, 0.496, 0.472, 0.514, 0.542, 0.522, 0.537, 0.494, 0.55, 0.516, 0.493, 0.542, 0.514, 0.504, 0.512, 0.504, 0.539, 0.571, 0.512, 0.478, 0.533, 0.514, 0.508, 0.462, 0.57, 0.589, 0.584, 0.583, 0.561, 0.583, 0.541, 0.61, 0.603, 0.614, 0.579, 0.586, 0.578, 0.607, 0.599, 0.585, 0.571, 0.606, 0.589, 0.628, 0.615, 0.629, 0.607, 0.587, 0.632, 0.635, 0.606, 0.632, 0.626, 0.627, 0.611, 0.61, 0.609, 0.644, 0.617, 0.639, 0.622, 0.612, 0.615, 0.627, 0.635, 0.626, 0.641, 0.648, 0.644, 0.66, 0.625, 0.652, 0.644, 0.64, 0.66, 0.645, 0.656, 0.638, 0.626, 0.652, 0.638, 0.651, 0.617, 0.662, 0.658, 0.667, 0.666, 0.666, 0.655, 0.66, 0.658, 0.651, 0.662, 0.662, 0.642]
Train Loss: [0.962, 0.871, 0.824, 0.795, 0.773, 0.753, 0.734, 0.718, 0.702, 0.687, 0.671, 0.656, 0.641, 0.627, 0.613, 0.6, 0.589, 0.575, 0.563, 0.552, 0.54, 0.529, 0.52, 0.51, 0.503, 0.495, 0.488, 0.482, 0.476, 0.47, 0.465, 0.459, 0.454, 0.45, 0.446, 0.442, 0.438, 0.435, 0.432, 0.429, 0.426, 0.424, 0.422, 0.42, 0.418, 0.416, 0.414, 0.412, 0.409, 0.407, 0.404, 0.401, 0.399, 0.395, 0.391, 0.387, 0.382, 0.376, 0.37, 0.362, 0.353, 0.345, 0.336, 0.327, 0.318, 0.309, 0.301, 0.293, 0.286, 0.28, 0.274, 0.269, 0.265, 0.262, 0.259, 0.257, 0.255, 0.254, 0.252, 0.252, 0.251, 0.251, 0.25, 0.249, 0.248, 0.248, 0.247, 0.247, 0.246, 0.246, 0.246, 0.246, 0.245, 0.245, 0.245, 0.245, 0.245, 0.245, 0.245, 0.244]
Max test score: 0.659 found at epoch: 96
Max test score shapes: 0.544 found at epoch: 96
