percentFullySupervised0.2
domainLossMultiplier0.01
Active: Adjacencyloss True True 30 0.0001 True False 
Active: Relationsloss True 2 True 0.1 False 

Test Scores: [0.287, 0.35, 0.461, 0.448, 0.51, 0.468, 0.54, 0.503, 0.49, 0.549, 0.512, 0.551, 0.563, 0.584, 0.596, 0.565, 0.602, 0.595, 0.615, 0.587, 0.602, 0.596, 0.622, 0.603, 0.611, 0.594, 0.613, 0.614, 0.607, 0.603, 0.637, 0.628, 0.629, 0.627, 0.615, 0.612, 0.616, 0.628, 0.635, 0.628, 0.625, 0.637, 0.623, 0.628, 0.621, 0.619, 0.62, 0.623, 0.636, 0.636, 0.618, 0.631, 0.613, 0.653, 0.611, 0.64, 0.638, 0.626, 0.629, 0.615, 0.611, 0.646, 0.638, 0.629, 0.621, 0.628, 0.644, 0.64, 0.645, 0.63, 0.64, 0.634, 0.638, 0.648, 0.638, 0.648, 0.632, 0.649, 0.621, 0.663, 0.627, 0.628, 0.625, 0.629, 0.634, 0.621, 0.643, 0.647, 0.638, 0.641, 0.64, 0.648, 0.65, 0.64, 0.648, 0.649, 0.643, 0.634, 0.626, 0.643]
Test Scores w/o background: [0.213, 0.27, 0.347, 0.356, 0.433, 0.386, 0.455, 0.426, 0.438, 0.447, 0.447, 0.444, 0.455, 0.458, 0.466, 0.417, 0.455, 0.457, 0.478, 0.442, 0.462, 0.445, 0.49, 0.457, 0.481, 0.452, 0.48, 0.471, 0.475, 0.455, 0.507, 0.491, 0.493, 0.494, 0.478, 0.467, 0.477, 0.49, 0.503, 0.494, 0.492, 0.508, 0.484, 0.492, 0.485, 0.492, 0.484, 0.485, 0.503, 0.503, 0.474, 0.496, 0.474, 0.526, 0.468, 0.511, 0.505, 0.489, 0.493, 0.477, 0.466, 0.514, 0.506, 0.493, 0.487, 0.491, 0.517, 0.511, 0.518, 0.495, 0.51, 0.5, 0.507, 0.523, 0.504, 0.525, 0.498, 0.52, 0.486, 0.544, 0.489, 0.49, 0.49, 0.496, 0.507, 0.482, 0.518, 0.523, 0.507, 0.513, 0.508, 0.519, 0.523, 0.507, 0.521, 0.524, 0.515, 0.499, 0.487, 0.518]
Train Scores: [0.299, 0.351, 0.472, 0.473, 0.539, 0.518, 0.582, 0.543, 0.547, 0.611, 0.567, 0.62, 0.628, 0.648, 0.644, 0.64, 0.67, 0.663, 0.707, 0.661, 0.686, 0.673, 0.706, 0.69, 0.698, 0.68, 0.7, 0.708, 0.702, 0.694, 0.726, 0.728, 0.712, 0.714, 0.704, 0.712, 0.706, 0.724, 0.735, 0.727, 0.727, 0.731, 0.722, 0.726, 0.724, 0.72, 0.716, 0.722, 0.736, 0.731, 0.723, 0.73, 0.713, 0.755, 0.713, 0.738, 0.753, 0.731, 0.744, 0.718, 0.723, 0.751, 0.748, 0.741, 0.734, 0.744, 0.754, 0.754, 0.758, 0.742, 0.742, 0.749, 0.749, 0.756, 0.751, 0.751, 0.747, 0.762, 0.734, 0.759, 0.737, 0.744, 0.729, 0.745, 0.742, 0.744, 0.759, 0.745, 0.752, 0.762, 0.757, 0.757, 0.763, 0.755, 0.757, 0.766, 0.751, 0.752, 0.741, 0.738]
Train Scores w/o background: [0.234, 0.272, 0.355, 0.382, 0.457, 0.441, 0.504, 0.474, 0.509, 0.527, 0.516, 0.533, 0.544, 0.546, 0.538, 0.521, 0.551, 0.551, 0.6, 0.546, 0.574, 0.554, 0.604, 0.578, 0.6, 0.568, 0.596, 0.599, 0.6, 0.58, 0.627, 0.629, 0.608, 0.614, 0.597, 0.604, 0.603, 0.621, 0.639, 0.628, 0.629, 0.635, 0.619, 0.625, 0.625, 0.627, 0.619, 0.624, 0.638, 0.632, 0.62, 0.635, 0.611, 0.664, 0.609, 0.646, 0.663, 0.635, 0.65, 0.618, 0.617, 0.658, 0.655, 0.647, 0.643, 0.649, 0.666, 0.666, 0.673, 0.647, 0.652, 0.657, 0.66, 0.671, 0.66, 0.665, 0.652, 0.677, 0.64, 0.676, 0.642, 0.649, 0.634, 0.654, 0.654, 0.65, 0.674, 0.657, 0.665, 0.677, 0.669, 0.671, 0.679, 0.666, 0.671, 0.683, 0.664, 0.662, 0.645, 0.649]
Train Loss: [1.07, 0.916, 0.833, 0.794, 0.767, 0.742, 0.722, 0.703, 0.685, 0.669, 0.653, 0.638, 0.623, 0.609, 0.596, 0.583, 0.571, 0.558, 0.547, 0.536, 0.525, 0.516, 0.507, 0.497, 0.489, 0.482, 0.474, 0.468, 0.462, 0.457, 0.452, 0.448, 0.444, 0.44, 0.436, 0.433, 0.43, 0.427, 0.425, 0.422, 0.42, 0.417, 0.415, 0.413, 0.411, 0.409, 0.407, 0.405, 0.402, 0.4, 0.396, 0.392, 0.388, 0.382, 0.375, 0.368, 0.359, 0.348, 0.337, 0.326, 0.315, 0.305, 0.296, 0.287, 0.28, 0.274, 0.268, 0.264, 0.261, 0.258, 0.256, 0.254, 0.252, 0.251, 0.25, 0.249, 0.248, 0.248, 0.248, 0.247, 0.247, 0.246, 0.246, 0.246, 0.245, 0.245, 0.245, 0.245, 0.245, 0.244, 0.244, 0.244, 0.244, 0.243, 0.243, 0.243, 0.243, 0.243, 0.243, 0.243]
Max test score: 0.663 found at epoch: 80
Max test score shapes: 0.544 found at epoch: 80
