percentFullySupervised0.2
domainLossMultiplier0.01
Active: Adjacencyloss True True 30 0.0001 True False 
Active: Relationsloss True 2 True 0.1 False 
Active: OneHotloss True 35 
Active: MinSizeShapesloss True 30 
Active: MaxSizeShapesloss True 1 

Test Scores: [0.312, 0.381, 0.474, 0.463, 0.505, 0.434, 0.512, 0.472, 0.494, 0.551, 0.507, 0.478, 0.434, 0.455, 0.532, 0.485, 0.538, 0.538, 0.538, 0.536, 0.542, 0.578, 0.59, 0.573, 0.494, 0.568, 0.566, 0.546, 0.516, 0.592, 0.608, 0.6, 0.617, 0.586, 0.589, 0.587, 0.597, 0.601, 0.586, 0.586, 0.613, 0.631, 0.616, 0.607, 0.606, 0.607, 0.61, 0.57, 0.627, 0.617, 0.627, 0.585, 0.591, 0.615, 0.603, 0.573, 0.617, 0.612, 0.616, 0.603, 0.6, 0.599, 0.625, 0.599, 0.622, 0.614, 0.584, 0.587, 0.622, 0.629, 0.582, 0.628, 0.605, 0.619, 0.636, 0.619, 0.619, 0.608, 0.614, 0.625, 0.621, 0.625, 0.606, 0.58, 0.621, 0.613, 0.598, 0.594, 0.614, 0.615, 0.609, 0.606, 0.625, 0.62, 0.597, 0.622, 0.594, 0.595, 0.632, 0.632]
Test Scores w/o background: [0.213, 0.289, 0.376, 0.415, 0.434, 0.373, 0.443, 0.408, 0.427, 0.449, 0.422, 0.387, 0.331, 0.347, 0.414, 0.361, 0.418, 0.414, 0.414, 0.421, 0.413, 0.445, 0.461, 0.435, 0.38, 0.435, 0.443, 0.417, 0.394, 0.46, 0.477, 0.464, 0.491, 0.461, 0.46, 0.462, 0.467, 0.471, 0.452, 0.461, 0.49, 0.509, 0.481, 0.483, 0.476, 0.482, 0.485, 0.436, 0.502, 0.487, 0.499, 0.454, 0.462, 0.482, 0.467, 0.447, 0.481, 0.478, 0.49, 0.463, 0.463, 0.466, 0.498, 0.467, 0.503, 0.478, 0.455, 0.462, 0.493, 0.502, 0.454, 0.5, 0.474, 0.495, 0.507, 0.501, 0.482, 0.473, 0.488, 0.502, 0.488, 0.493, 0.47, 0.439, 0.494, 0.479, 0.47, 0.476, 0.484, 0.488, 0.483, 0.475, 0.497, 0.483, 0.479, 0.494, 0.463, 0.45, 0.499, 0.508]
Train Scores: [0.33, 0.391, 0.484, 0.472, 0.524, 0.476, 0.535, 0.495, 0.537, 0.592, 0.537, 0.524, 0.463, 0.511, 0.579, 0.551, 0.585, 0.595, 0.613, 0.588, 0.618, 0.634, 0.665, 0.639, 0.581, 0.639, 0.645, 0.631, 0.598, 0.663, 0.675, 0.671, 0.68, 0.65, 0.655, 0.669, 0.667, 0.684, 0.666, 0.661, 0.697, 0.699, 0.688, 0.691, 0.686, 0.686, 0.693, 0.656, 0.707, 0.691, 0.708, 0.669, 0.667, 0.696, 0.685, 0.661, 0.701, 0.688, 0.695, 0.688, 0.682, 0.695, 0.716, 0.693, 0.708, 0.707, 0.679, 0.673, 0.719, 0.713, 0.679, 0.72, 0.704, 0.709, 0.728, 0.713, 0.705, 0.705, 0.716, 0.722, 0.718, 0.717, 0.699, 0.669, 0.728, 0.71, 0.698, 0.687, 0.716, 0.715, 0.701, 0.704, 0.724, 0.721, 0.697, 0.725, 0.704, 0.7, 0.735, 0.727]
Train Scores w/o background: [0.234, 0.294, 0.374, 0.412, 0.453, 0.417, 0.463, 0.429, 0.478, 0.498, 0.458, 0.442, 0.364, 0.405, 0.464, 0.434, 0.467, 0.472, 0.492, 0.469, 0.495, 0.514, 0.548, 0.514, 0.471, 0.519, 0.531, 0.516, 0.484, 0.55, 0.556, 0.553, 0.572, 0.535, 0.539, 0.561, 0.552, 0.576, 0.55, 0.555, 0.591, 0.591, 0.571, 0.585, 0.573, 0.582, 0.587, 0.541, 0.603, 0.582, 0.6, 0.558, 0.555, 0.585, 0.571, 0.554, 0.592, 0.575, 0.591, 0.575, 0.566, 0.584, 0.614, 0.584, 0.611, 0.601, 0.574, 0.57, 0.619, 0.61, 0.573, 0.621, 0.6, 0.613, 0.627, 0.618, 0.595, 0.598, 0.62, 0.627, 0.614, 0.611, 0.589, 0.552, 0.63, 0.604, 0.594, 0.591, 0.615, 0.616, 0.599, 0.601, 0.627, 0.618, 0.603, 0.625, 0.604, 0.588, 0.635, 0.631]
Train Loss: [3.468, 2.149, 1.402, 0.958, 0.849, 0.81, 0.783, 0.759, 0.734, 0.713, 0.69, 0.669, 0.65, 0.634, 0.617, 0.601, 0.587, 0.573, 0.559, 0.549, 0.538, 0.529, 0.519, 0.51, 0.502, 0.494, 0.486, 0.48, 0.474, 0.468, 0.463, 0.46, 0.454, 0.45, 0.446, 0.443, 0.44, 0.436, 0.434, 0.431, 0.428, 0.425, 0.423, 0.42, 0.418, 0.415, 0.412, 0.408, 0.405, 0.401, 0.397, 0.392, 0.387, 0.381, 0.373, 0.364, 0.355, 0.346, 0.336, 0.327, 0.317, 0.307, 0.299, 0.291, 0.284, 0.278, 0.272, 0.268, 0.269, 0.263, 0.26, 0.259, 0.257, 0.255, 0.255, 0.253, 0.253, 0.252, 0.251, 0.251, 0.251, 0.25, 0.25, 0.249, 0.249, 0.249, 0.249, 0.248, 0.248, 0.248, 0.248, 0.248, 0.248, 0.248, 0.247, 0.247, 0.248, 0.247, 0.249, 0.246]
Max test score: 0.636 found at epoch: 75
Max test score shapes: 0.509 found at epoch: 42
