percentFullySupervised0.2
domainLossMultiplier0.01
Active: Adjacencyloss True True 30 0.0001 True False 
Active: Relationsloss True 2 True 0.1 False 
Active: OneHotloss True 35 

Test Scores: [0.285, 0.345, 0.427, 0.414, 0.48, 0.441, 0.5, 0.475, 0.428, 0.502, 0.432, 0.466, 0.403, 0.497, 0.473, 0.497, 0.52, 0.54, 0.519, 0.535, 0.564, 0.55, 0.574, 0.573, 0.54, 0.556, 0.548, 0.564, 0.515, 0.583, 0.596, 0.605, 0.598, 0.572, 0.584, 0.58, 0.567, 0.577, 0.588, 0.602, 0.594, 0.598, 0.614, 0.585, 0.608, 0.592, 0.585, 0.565, 0.601, 0.614, 0.598, 0.602, 0.595, 0.603, 0.586, 0.582, 0.598, 0.594, 0.597, 0.587, 0.604, 0.576, 0.62, 0.598, 0.63, 0.598, 0.575, 0.617, 0.614, 0.626, 0.598, 0.611, 0.599, 0.613, 0.636, 0.586, 0.621, 0.598, 0.584, 0.608, 0.598, 0.627, 0.606, 0.573, 0.607, 0.607, 0.616, 0.594, 0.62, 0.612, 0.631, 0.604, 0.593, 0.614, 0.596, 0.607, 0.613, 0.618, 0.631, 0.625]
Test Scores w/o background: [0.212, 0.269, 0.332, 0.348, 0.42, 0.381, 0.423, 0.409, 0.367, 0.384, 0.349, 0.358, 0.312, 0.379, 0.363, 0.38, 0.392, 0.418, 0.401, 0.411, 0.439, 0.424, 0.446, 0.444, 0.423, 0.435, 0.42, 0.438, 0.389, 0.459, 0.467, 0.474, 0.477, 0.447, 0.467, 0.456, 0.438, 0.455, 0.465, 0.468, 0.473, 0.478, 0.485, 0.456, 0.485, 0.474, 0.462, 0.434, 0.478, 0.487, 0.475, 0.479, 0.463, 0.476, 0.451, 0.459, 0.465, 0.464, 0.471, 0.46, 0.481, 0.443, 0.493, 0.47, 0.508, 0.465, 0.455, 0.493, 0.492, 0.503, 0.474, 0.48, 0.475, 0.496, 0.508, 0.467, 0.491, 0.47, 0.466, 0.488, 0.463, 0.499, 0.486, 0.453, 0.486, 0.478, 0.498, 0.476, 0.497, 0.488, 0.51, 0.474, 0.464, 0.486, 0.481, 0.483, 0.491, 0.489, 0.501, 0.503]
Train Scores: [0.297, 0.345, 0.442, 0.433, 0.506, 0.481, 0.549, 0.512, 0.476, 0.545, 0.477, 0.505, 0.461, 0.548, 0.533, 0.563, 0.581, 0.605, 0.583, 0.598, 0.628, 0.63, 0.642, 0.636, 0.613, 0.63, 0.631, 0.643, 0.587, 0.656, 0.676, 0.681, 0.683, 0.64, 0.66, 0.665, 0.657, 0.661, 0.677, 0.687, 0.678, 0.68, 0.699, 0.673, 0.692, 0.67, 0.665, 0.649, 0.688, 0.701, 0.685, 0.693, 0.686, 0.697, 0.685, 0.681, 0.692, 0.694, 0.687, 0.687, 0.699, 0.672, 0.72, 0.703, 0.722, 0.708, 0.673, 0.723, 0.713, 0.736, 0.698, 0.717, 0.702, 0.712, 0.734, 0.685, 0.723, 0.708, 0.69, 0.714, 0.707, 0.737, 0.7, 0.673, 0.712, 0.714, 0.711, 0.682, 0.727, 0.723, 0.734, 0.704, 0.706, 0.725, 0.701, 0.714, 0.718, 0.731, 0.741, 0.724]
Train Scores w/o background: [0.234, 0.27, 0.345, 0.371, 0.441, 0.419, 0.473, 0.446, 0.413, 0.436, 0.395, 0.404, 0.369, 0.438, 0.425, 0.45, 0.456, 0.49, 0.467, 0.486, 0.513, 0.52, 0.532, 0.522, 0.504, 0.524, 0.518, 0.531, 0.471, 0.549, 0.571, 0.571, 0.585, 0.531, 0.557, 0.56, 0.549, 0.558, 0.576, 0.579, 0.575, 0.578, 0.595, 0.566, 0.588, 0.569, 0.564, 0.541, 0.588, 0.599, 0.585, 0.594, 0.579, 0.595, 0.576, 0.584, 0.588, 0.593, 0.586, 0.587, 0.6, 0.568, 0.623, 0.605, 0.63, 0.61, 0.574, 0.63, 0.622, 0.642, 0.6, 0.619, 0.607, 0.622, 0.639, 0.592, 0.624, 0.611, 0.599, 0.623, 0.608, 0.645, 0.607, 0.577, 0.621, 0.616, 0.621, 0.587, 0.639, 0.633, 0.647, 0.607, 0.611, 0.632, 0.614, 0.621, 0.626, 0.64, 0.648, 0.631]
Train Loss: [1.166, 1.002, 0.911, 0.862, 0.827, 0.797, 0.771, 0.748, 0.726, 0.705, 0.684, 0.663, 0.643, 0.624, 0.605, 0.589, 0.576, 0.565, 0.553, 0.543, 0.532, 0.522, 0.513, 0.505, 0.497, 0.49, 0.482, 0.476, 0.469, 0.464, 0.458, 0.454, 0.449, 0.446, 0.442, 0.438, 0.435, 0.432, 0.429, 0.426, 0.424, 0.421, 0.419, 0.416, 0.414, 0.41, 0.407, 0.404, 0.4, 0.396, 0.391, 0.385, 0.378, 0.371, 0.363, 0.354, 0.345, 0.335, 0.327, 0.317, 0.307, 0.299, 0.29, 0.283, 0.276, 0.271, 0.268, 0.265, 0.262, 0.26, 0.257, 0.256, 0.254, 0.253, 0.253, 0.251, 0.251, 0.251, 0.25, 0.251, 0.25, 0.25, 0.249, 0.249, 0.248, 0.248, 0.247, 0.247, 0.247, 0.247, 0.247, 0.247, 0.247, 0.246, 0.246, 0.245, 0.246, 0.246, 0.245, 0.245]
Max test score: 0.636 found at epoch: 75
Max test score shapes: 0.51 found at epoch: 91
