percentFullySupervised0.2
domainLossMultiplier0.01
Active: Adjacencyloss True True 30 0.0001 True False 
Active: Relationsloss True 2 True 0.1 False 
Active: OneHotloss True 35 
Active: MinSizeShapesloss True 30 
Active: MaxSizeShapesloss True 1 

Test Scores: [0.256, 0.281, 0.299, 0.328, 0.402, 0.331, 0.408, 0.41, 0.45, 0.516, 0.479, 0.534, 0.484, 0.51, 0.526, 0.458, 0.494, 0.549, 0.546, 0.518, 0.515, 0.519, 0.539, 0.545, 0.554, 0.538, 0.576, 0.541, 0.545, 0.548, 0.563, 0.562, 0.567, 0.606, 0.591, 0.581, 0.559, 0.588, 0.58, 0.583, 0.618, 0.592, 0.584, 0.597, 0.607, 0.593, 0.589, 0.566, 0.584, 0.601, 0.583, 0.568, 0.586, 0.601, 0.597, 0.617, 0.603, 0.576, 0.598, 0.603, 0.595, 0.593, 0.603, 0.592, 0.611, 0.606, 0.612, 0.59, 0.638, 0.593, 0.614, 0.62, 0.604, 0.638, 0.614, 0.635, 0.583, 0.606, 0.617, 0.632, 0.599, 0.606, 0.583, 0.606, 0.624, 0.582, 0.622, 0.637, 0.611, 0.621, 0.594, 0.589, 0.632, 0.596, 0.636, 0.629, 0.598, 0.591, 0.607, 0.648]
Test Scores w/o background: [0.104, 0.096, 0.097, 0.189, 0.297, 0.237, 0.301, 0.325, 0.355, 0.4, 0.375, 0.407, 0.367, 0.381, 0.395, 0.329, 0.342, 0.419, 0.418, 0.377, 0.388, 0.388, 0.401, 0.404, 0.434, 0.405, 0.453, 0.395, 0.414, 0.412, 0.434, 0.416, 0.423, 0.48, 0.465, 0.451, 0.415, 0.447, 0.45, 0.449, 0.49, 0.456, 0.437, 0.452, 0.477, 0.469, 0.454, 0.421, 0.438, 0.462, 0.444, 0.433, 0.442, 0.457, 0.457, 0.484, 0.457, 0.429, 0.452, 0.459, 0.45, 0.447, 0.471, 0.457, 0.479, 0.464, 0.478, 0.452, 0.513, 0.454, 0.487, 0.481, 0.47, 0.517, 0.473, 0.507, 0.429, 0.464, 0.481, 0.505, 0.459, 0.472, 0.435, 0.469, 0.498, 0.424, 0.488, 0.512, 0.478, 0.484, 0.444, 0.439, 0.498, 0.444, 0.519, 0.498, 0.458, 0.445, 0.463, 0.522]
Train Scores: [0.252, 0.277, 0.292, 0.356, 0.432, 0.371, 0.435, 0.431, 0.473, 0.543, 0.497, 0.563, 0.506, 0.55, 0.565, 0.499, 0.545, 0.572, 0.582, 0.567, 0.547, 0.557, 0.576, 0.586, 0.583, 0.569, 0.61, 0.585, 0.588, 0.582, 0.609, 0.606, 0.592, 0.638, 0.628, 0.623, 0.601, 0.635, 0.618, 0.621, 0.663, 0.632, 0.631, 0.637, 0.643, 0.641, 0.64, 0.616, 0.633, 0.638, 0.624, 0.615, 0.644, 0.645, 0.651, 0.668, 0.651, 0.63, 0.644, 0.65, 0.646, 0.65, 0.661, 0.65, 0.662, 0.657, 0.662, 0.653, 0.691, 0.654, 0.676, 0.669, 0.669, 0.688, 0.672, 0.684, 0.644, 0.658, 0.673, 0.692, 0.658, 0.671, 0.628, 0.671, 0.686, 0.642, 0.681, 0.696, 0.672, 0.679, 0.66, 0.654, 0.699, 0.647, 0.694, 0.687, 0.662, 0.659, 0.673, 0.702]
Train Scores w/o background: [0.093, 0.081, 0.079, 0.224, 0.328, 0.279, 0.329, 0.34, 0.377, 0.428, 0.393, 0.438, 0.388, 0.423, 0.44, 0.377, 0.402, 0.444, 0.459, 0.436, 0.428, 0.436, 0.449, 0.456, 0.47, 0.44, 0.492, 0.452, 0.464, 0.461, 0.487, 0.476, 0.461, 0.52, 0.507, 0.503, 0.467, 0.507, 0.501, 0.497, 0.545, 0.506, 0.495, 0.505, 0.522, 0.531, 0.517, 0.487, 0.501, 0.508, 0.497, 0.493, 0.514, 0.515, 0.524, 0.55, 0.521, 0.497, 0.515, 0.524, 0.518, 0.522, 0.544, 0.528, 0.544, 0.53, 0.545, 0.536, 0.583, 0.532, 0.563, 0.546, 0.552, 0.58, 0.553, 0.574, 0.51, 0.532, 0.557, 0.584, 0.536, 0.556, 0.496, 0.556, 0.579, 0.507, 0.568, 0.588, 0.56, 0.562, 0.533, 0.526, 0.59, 0.514, 0.593, 0.573, 0.543, 0.536, 0.555, 0.594]
Train Loss: [7.299, 3.39, 1.572, 1.157, 1.065, 0.997, 0.936, 0.886, 0.85, 0.82, 0.792, 0.766, 0.741, 0.717, 0.695, 0.675, 0.655, 0.638, 0.621, 0.605, 0.592, 0.579, 0.567, 0.556, 0.545, 0.535, 0.525, 0.516, 0.508, 0.5, 0.494, 0.489, 0.483, 0.477, 0.473, 0.468, 0.464, 0.459, 0.455, 0.452, 0.449, 0.444, 0.442, 0.437, 0.432, 0.427, 0.422, 0.416, 0.41, 0.403, 0.396, 0.384, 0.372, 0.36, 0.348, 0.338, 0.328, 0.319, 0.312, 0.304, 0.297, 0.291, 0.286, 0.283, 0.28, 0.276, 0.274, 0.273, 0.271, 0.269, 0.269, 0.268, 0.266, 0.265, 0.264, 0.264, 0.263, 0.264, 0.263, 0.263, 0.261, 0.26, 0.261, 0.26, 0.26, 0.26, 0.26, 0.26, 0.258, 0.258, 0.256, 0.257, 0.256, 0.258, 0.255, 0.256, 0.255, 0.256, 0.255, 0.256]
Max test score: 0.648 found at epoch: 100
Max test score shapes: 0.522 found at epoch: 100
