percentFullySupervised0.2
domainLossMultiplier0.01
Active: Adjacencyloss True True 30 0.0001 True False 
Active: Relationsloss True 2 True 0.1 False 
Active: OneHotloss True 10 
Active: Smoothnessloss True 100 
Active: MinSizeShapesloss True 30 
Active: MaxSizeShapesloss True 1 

Test Scores: [0.539, 0.582, 0.596, 0.581, 0.599, 0.579, 0.626, 0.605, 0.633, 0.584, 0.626, 0.62, 0.618, 0.62, 0.617, 0.581, 0.594, 0.666, 0.637, 0.611, 0.644, 0.679, 0.596, 0.659, 0.632, 0.61, 0.645, 0.627, 0.645, 0.592, 0.602, 0.636, 0.616, 0.667, 0.621, 0.646, 0.58, 0.666, 0.628, 0.606, 0.665, 0.66, 0.6, 0.595, 0.642, 0.678, 0.634, 0.609, 0.657, 0.653, 0.638, 0.651, 0.652, 0.636, 0.646, 0.628, 0.638, 0.656, 0.612, 0.599, 0.601, 0.637, 0.675, 0.644, 0.663, 0.66, 0.654, 0.649, 0.665, 0.64, 0.637, 0.662, 0.632, 0.696, 0.645, 0.678, 0.631, 0.641, 0.655, 0.68, 0.674, 0.63, 0.657, 0.648, 0.652, 0.622, 0.665, 0.662, 0.646, 0.646, 0.629, 0.656, 0.658, 0.657, 0.681, 0.665, 0.639, 0.645, 0.654, 0.651, 0.625, 0.684, 0.657, 0.67, 0.676, 0.613, 0.635, 0.682, 0.644, 0.65, 0.677, 0.654, 0.646, 0.655, 0.651, 0.662, 0.675, 0.665, 0.645, 0.625]
Test Scores w/o background: [0.375, 0.434, 0.45, 0.429, 0.453, 0.427, 0.495, 0.46, 0.502, 0.433, 0.517, 0.478, 0.482, 0.483, 0.479, 0.423, 0.444, 0.546, 0.507, 0.462, 0.517, 0.563, 0.449, 0.535, 0.498, 0.471, 0.517, 0.49, 0.518, 0.439, 0.454, 0.504, 0.476, 0.545, 0.485, 0.517, 0.424, 0.547, 0.492, 0.46, 0.546, 0.538, 0.454, 0.445, 0.511, 0.564, 0.502, 0.466, 0.532, 0.528, 0.502, 0.523, 0.529, 0.5, 0.515, 0.494, 0.505, 0.53, 0.469, 0.451, 0.454, 0.504, 0.557, 0.516, 0.541, 0.535, 0.528, 0.521, 0.545, 0.511, 0.509, 0.543, 0.499, 0.59, 0.515, 0.564, 0.497, 0.509, 0.532, 0.567, 0.556, 0.496, 0.537, 0.528, 0.524, 0.483, 0.544, 0.541, 0.518, 0.521, 0.493, 0.528, 0.535, 0.531, 0.566, 0.544, 0.504, 0.513, 0.529, 0.527, 0.484, 0.571, 0.531, 0.549, 0.558, 0.471, 0.501, 0.565, 0.514, 0.522, 0.56, 0.526, 0.518, 0.527, 0.524, 0.537, 0.558, 0.545, 0.517, 0.486]
Train Scores: [0.585, 0.617, 0.629, 0.604, 0.63, 0.6, 0.621, 0.647, 0.654, 0.607, 0.643, 0.655, 0.641, 0.642, 0.668, 0.623, 0.645, 0.698, 0.696, 0.657, 0.688, 0.711, 0.649, 0.714, 0.7, 0.676, 0.712, 0.679, 0.711, 0.664, 0.67, 0.708, 0.691, 0.735, 0.699, 0.73, 0.654, 0.734, 0.706, 0.674, 0.735, 0.716, 0.672, 0.677, 0.726, 0.737, 0.71, 0.678, 0.735, 0.724, 0.71, 0.738, 0.726, 0.72, 0.744, 0.713, 0.716, 0.737, 0.699, 0.677, 0.691, 0.709, 0.755, 0.724, 0.755, 0.743, 0.736, 0.734, 0.744, 0.721, 0.725, 0.734, 0.709, 0.78, 0.742, 0.767, 0.714, 0.728, 0.753, 0.768, 0.757, 0.721, 0.748, 0.747, 0.754, 0.717, 0.75, 0.76, 0.738, 0.748, 0.714, 0.749, 0.75, 0.735, 0.772, 0.763, 0.732, 0.742, 0.737, 0.742, 0.702, 0.764, 0.747, 0.757, 0.774, 0.699, 0.727, 0.763, 0.745, 0.747, 0.763, 0.749, 0.737, 0.748, 0.733, 0.745, 0.771, 0.767, 0.743, 0.727]
Train Scores w/o background: [0.433, 0.478, 0.494, 0.459, 0.491, 0.455, 0.48, 0.513, 0.525, 0.458, 0.539, 0.52, 0.518, 0.507, 0.546, 0.482, 0.51, 0.589, 0.583, 0.524, 0.573, 0.611, 0.518, 0.609, 0.589, 0.555, 0.604, 0.558, 0.606, 0.536, 0.542, 0.6, 0.577, 0.638, 0.587, 0.63, 0.523, 0.638, 0.596, 0.554, 0.634, 0.608, 0.547, 0.554, 0.624, 0.644, 0.603, 0.559, 0.636, 0.624, 0.601, 0.639, 0.629, 0.612, 0.649, 0.607, 0.609, 0.64, 0.585, 0.556, 0.575, 0.6, 0.663, 0.624, 0.665, 0.649, 0.641, 0.642, 0.649, 0.619, 0.629, 0.637, 0.603, 0.703, 0.644, 0.682, 0.608, 0.626, 0.664, 0.689, 0.67, 0.62, 0.659, 0.66, 0.665, 0.611, 0.66, 0.677, 0.643, 0.659, 0.608, 0.654, 0.66, 0.636, 0.691, 0.677, 0.632, 0.643, 0.644, 0.65, 0.587, 0.678, 0.652, 0.667, 0.691, 0.589, 0.628, 0.678, 0.651, 0.654, 0.682, 0.658, 0.641, 0.654, 0.634, 0.651, 0.687, 0.686, 0.653, 0.626]
Train Loss: [0.284, 0.316, 0.329, 0.32, 0.313, 0.313, 0.309, 0.301, 0.298, 0.297, 0.296, 0.29, 0.289, 0.288, 0.288, 0.284, 0.283, 0.281, 0.283, 0.278, 0.28, 0.279, 0.279, 0.275, 0.277, 0.274, 0.274, 0.275, 0.271, 0.271, 0.273, 0.269, 0.267, 0.267, 0.266, 0.267, 0.268, 0.267, 0.266, 0.266, 0.265, 0.265, 0.264, 0.263, 0.262, 0.262, 0.261, 0.263, 0.261, 0.261, 0.26, 0.26, 0.259, 0.258, 0.259, 0.259, 0.257, 0.258, 0.258, 0.258, 0.256, 0.256, 0.256, 0.259, 0.256, 0.257, 0.256, 0.256, 0.255, 0.255, 0.255, 0.254, 0.255, 0.253, 0.253, 0.254, 0.254, 0.252, 0.252, 0.253, 0.252, 0.252, 0.252, 0.251, 0.251, 0.25, 0.251, 0.25, 0.25, 0.25, 0.25, 0.251, 0.25, 0.25, 0.249, 0.25, 0.25, 0.249, 0.251, 0.249, 0.249, 0.248, 0.248, 0.247, 0.247, 0.247, 0.248, 0.248, 0.247, 0.247, 0.247, 0.247, 0.247, 0.247, 0.248, 0.247, 0.246, 0.246, 0.246, 0.245]
Max test score: 0.696 found at epoch: 74
Max test score shapes: 0.59 found at epoch: 74
