percentFullySupervised0.2
domainLossMultiplier0.01
Active: OneHotloss True 35 

Test Scores: [0.278, 0.324, 0.424, 0.43, 0.495, 0.443, 0.514, 0.452, 0.472, 0.504, 0.456, 0.485, 0.395, 0.442, 0.541, 0.527, 0.542, 0.518, 0.526, 0.547, 0.582, 0.585, 0.592, 0.555, 0.509, 0.558, 0.516, 0.609, 0.538, 0.593, 0.619, 0.615, 0.579, 0.586, 0.605, 0.583, 0.612, 0.602, 0.614, 0.587, 0.6, 0.601, 0.598, 0.611, 0.606, 0.571, 0.597, 0.557, 0.61, 0.602, 0.602, 0.615, 0.607, 0.602, 0.59, 0.624, 0.622, 0.617, 0.597, 0.606, 0.616, 0.611, 0.62, 0.601, 0.609, 0.619, 0.59, 0.619, 0.634, 0.609, 0.606, 0.63, 0.621, 0.62, 0.644, 0.615, 0.621, 0.605, 0.614, 0.625, 0.62, 0.629, 0.592, 0.602, 0.61, 0.632, 0.622, 0.607, 0.635, 0.613, 0.621, 0.601, 0.605, 0.619, 0.593, 0.625, 0.583, 0.636, 0.631, 0.63]
Test Scores w/o background: [0.204, 0.26, 0.355, 0.377, 0.439, 0.396, 0.451, 0.405, 0.415, 0.424, 0.371, 0.384, 0.31, 0.335, 0.421, 0.397, 0.413, 0.404, 0.408, 0.421, 0.458, 0.457, 0.468, 0.43, 0.398, 0.436, 0.398, 0.482, 0.417, 0.464, 0.501, 0.485, 0.457, 0.469, 0.481, 0.463, 0.486, 0.487, 0.491, 0.47, 0.479, 0.481, 0.472, 0.483, 0.48, 0.453, 0.472, 0.438, 0.483, 0.483, 0.468, 0.49, 0.482, 0.472, 0.461, 0.504, 0.498, 0.493, 0.463, 0.481, 0.482, 0.484, 0.497, 0.479, 0.49, 0.494, 0.469, 0.497, 0.515, 0.483, 0.482, 0.505, 0.496, 0.501, 0.518, 0.5, 0.487, 0.473, 0.494, 0.504, 0.49, 0.501, 0.473, 0.477, 0.488, 0.508, 0.501, 0.488, 0.512, 0.492, 0.498, 0.468, 0.487, 0.493, 0.476, 0.505, 0.461, 0.508, 0.502, 0.506]
Train Scores: [0.287, 0.32, 0.441, 0.459, 0.523, 0.478, 0.545, 0.481, 0.514, 0.536, 0.5, 0.533, 0.425, 0.499, 0.598, 0.598, 0.586, 0.563, 0.568, 0.599, 0.64, 0.641, 0.644, 0.609, 0.583, 0.616, 0.585, 0.661, 0.605, 0.663, 0.68, 0.677, 0.643, 0.647, 0.672, 0.647, 0.675, 0.672, 0.674, 0.662, 0.672, 0.665, 0.671, 0.681, 0.691, 0.647, 0.673, 0.631, 0.678, 0.671, 0.681, 0.686, 0.684, 0.684, 0.67, 0.697, 0.702, 0.694, 0.683, 0.686, 0.692, 0.694, 0.707, 0.688, 0.694, 0.697, 0.69, 0.71, 0.716, 0.703, 0.703, 0.72, 0.714, 0.708, 0.729, 0.692, 0.706, 0.699, 0.706, 0.73, 0.709, 0.717, 0.682, 0.698, 0.716, 0.727, 0.723, 0.707, 0.735, 0.717, 0.718, 0.709, 0.716, 0.723, 0.697, 0.728, 0.689, 0.73, 0.719, 0.728]
Train Scores w/o background: [0.227, 0.257, 0.368, 0.405, 0.458, 0.425, 0.474, 0.434, 0.454, 0.454, 0.412, 0.433, 0.336, 0.392, 0.481, 0.476, 0.462, 0.451, 0.449, 0.48, 0.519, 0.522, 0.529, 0.488, 0.477, 0.502, 0.467, 0.545, 0.489, 0.545, 0.574, 0.558, 0.536, 0.537, 0.561, 0.541, 0.563, 0.57, 0.563, 0.559, 0.566, 0.557, 0.556, 0.566, 0.582, 0.542, 0.565, 0.525, 0.573, 0.566, 0.568, 0.583, 0.576, 0.572, 0.559, 0.594, 0.598, 0.588, 0.57, 0.583, 0.581, 0.589, 0.606, 0.587, 0.596, 0.595, 0.59, 0.612, 0.623, 0.6, 0.604, 0.619, 0.615, 0.613, 0.628, 0.597, 0.594, 0.591, 0.61, 0.636, 0.603, 0.615, 0.58, 0.596, 0.622, 0.628, 0.627, 0.61, 0.64, 0.621, 0.617, 0.605, 0.62, 0.626, 0.607, 0.634, 0.59, 0.631, 0.619, 0.631]
Train Loss: [1.029, 0.923, 0.864, 0.826, 0.799, 0.776, 0.754, 0.735, 0.716, 0.696, 0.679, 0.662, 0.647, 0.631, 0.612, 0.596, 0.582, 0.57, 0.558, 0.547, 0.537, 0.527, 0.52, 0.511, 0.504, 0.497, 0.489, 0.483, 0.477, 0.471, 0.466, 0.462, 0.457, 0.453, 0.449, 0.446, 0.442, 0.439, 0.436, 0.433, 0.43, 0.427, 0.424, 0.421, 0.419, 0.417, 0.414, 0.411, 0.407, 0.404, 0.4, 0.396, 0.39, 0.383, 0.375, 0.366, 0.356, 0.346, 0.337, 0.327, 0.317, 0.307, 0.298, 0.29, 0.283, 0.278, 0.273, 0.269, 0.265, 0.263, 0.26, 0.258, 0.256, 0.255, 0.254, 0.253, 0.253, 0.252, 0.251, 0.251, 0.25, 0.249, 0.249, 0.249, 0.248, 0.248, 0.248, 0.247, 0.247, 0.247, 0.247, 0.247, 0.246, 0.246, 0.246, 0.246, 0.246, 0.245, 0.245, 0.245]
Max test score: 0.644 found at epoch: 75
Max test score shapes: 0.518 found at epoch: 75
