Active: Arealoss True True 1 10 

Test Scores: [0.149, 0.163, 0.161, 0.187, 0.189, 0.185, 0.178, 0.208, 0.178, 0.18, 0.191, 0.196, 0.168, 0.204, 0.177, 0.208, 0.194, 0.191, 0.21, 0.185, 0.188, 0.208, 0.196, 0.209, 0.193, 0.207, 0.206, 0.213, 0.21, 0.238, 0.206, 0.194, 0.206, 0.203, 0.22, 0.208, 0.236, 0.199, 0.22, 0.224, 0.218, 0.245, 0.239, 0.23, 0.247, 0.228, 0.222, 0.252, 0.231, 0.231, 0.25, 0.232, 0.25, 0.238, 0.226, 0.224, 0.227, 0.237, 0.225, 0.244, 0.275, 0.259, 0.27, 0.259, 0.259, 0.257, 0.242, 0.273, 0.249, 0.258, 0.282, 0.266, 0.282, 0.269, 0.274, 0.257, 0.261, 0.26, 0.302, 0.29, 0.301, 0.299, 0.278, 0.288, 0.297, 0.297, 0.283, 0.284, 0.311, 0.314, 0.315, 0.304, 0.291, 0.304, 0.301, 0.327, 0.315, 0.282, 0.311, 0.316, 0.295, 0.314, 0.294, 0.296, 0.323, 0.31, 0.304, 0.298, 0.278, 0.309, 0.317, 0.297, 0.297, 0.304, 0.271, 0.27, 0.265, 0.283, 0.304, 0.321, 0.279, 0.283, 0.255, 0.29, 0.281, 0.276, 0.266, 0.305, 0.284, 0.3, 0.263, 0.269, 0.281, 0.293, 0.272, 0.272, 0.274, 0.289, 0.299, 0.291]
Test Scores w/o background: [0.028, 0.045, 0.046, 0.071, 0.057, 0.062, 0.053, 0.074, 0.061, 0.055, 0.068, 0.074, 0.063, 0.078, 0.071, 0.079, 0.067, 0.064, 0.082, 0.069, 0.071, 0.077, 0.073, 0.076, 0.069, 0.076, 0.078, 0.079, 0.079, 0.085, 0.07, 0.061, 0.075, 0.06, 0.082, 0.06, 0.085, 0.061, 0.079, 0.069, 0.071, 0.086, 0.073, 0.08, 0.082, 0.078, 0.059, 0.097, 0.075, 0.069, 0.087, 0.074, 0.08, 0.075, 0.07, 0.079, 0.064, 0.069, 0.073, 0.073, 0.107, 0.092, 0.103, 0.09, 0.084, 0.096, 0.068, 0.089, 0.07, 0.088, 0.089, 0.082, 0.102, 0.089, 0.086, 0.073, 0.084, 0.086, 0.12, 0.106, 0.119, 0.108, 0.096, 0.108, 0.115, 0.111, 0.106, 0.105, 0.127, 0.125, 0.138, 0.12, 0.117, 0.118, 0.116, 0.145, 0.128, 0.1, 0.122, 0.133, 0.113, 0.129, 0.11, 0.12, 0.142, 0.125, 0.127, 0.112, 0.093, 0.127, 0.137, 0.114, 0.118, 0.123, 0.086, 0.085, 0.083, 0.103, 0.122, 0.138, 0.087, 0.099, 0.076, 0.11, 0.094, 0.081, 0.083, 0.118, 0.094, 0.113, 0.072, 0.082, 0.096, 0.101, 0.084, 0.08, 0.082, 0.1, 0.116, 0.104]
Train Scores: [0.159, 0.172, 0.172, 0.211, 0.21, 0.194, 0.188, 0.222, 0.194, 0.204, 0.211, 0.212, 0.196, 0.221, 0.186, 0.22, 0.216, 0.218, 0.226, 0.207, 0.206, 0.227, 0.213, 0.22, 0.21, 0.222, 0.221, 0.235, 0.217, 0.243, 0.224, 0.219, 0.216, 0.222, 0.237, 0.229, 0.246, 0.216, 0.228, 0.246, 0.227, 0.26, 0.25, 0.24, 0.259, 0.238, 0.239, 0.268, 0.244, 0.246, 0.264, 0.237, 0.268, 0.249, 0.243, 0.236, 0.244, 0.257, 0.239, 0.264, 0.283, 0.276, 0.28, 0.276, 0.271, 0.259, 0.258, 0.278, 0.262, 0.265, 0.285, 0.286, 0.299, 0.29, 0.284, 0.275, 0.284, 0.274, 0.322, 0.314, 0.305, 0.317, 0.303, 0.3, 0.317, 0.32, 0.295, 0.3, 0.316, 0.323, 0.326, 0.322, 0.298, 0.318, 0.313, 0.341, 0.338, 0.305, 0.318, 0.324, 0.31, 0.323, 0.308, 0.309, 0.325, 0.311, 0.311, 0.304, 0.29, 0.316, 0.331, 0.321, 0.298, 0.299, 0.273, 0.283, 0.282, 0.29, 0.304, 0.325, 0.289, 0.284, 0.276, 0.314, 0.292, 0.301, 0.287, 0.313, 0.291, 0.305, 0.273, 0.276, 0.298, 0.302, 0.277, 0.296, 0.296, 0.299, 0.296, 0.295]
Train Scores w/o background: [0.039, 0.053, 0.057, 0.098, 0.079, 0.069, 0.061, 0.089, 0.073, 0.08, 0.091, 0.094, 0.091, 0.1, 0.077, 0.095, 0.09, 0.097, 0.105, 0.094, 0.094, 0.103, 0.097, 0.093, 0.09, 0.099, 0.102, 0.109, 0.094, 0.1, 0.099, 0.092, 0.091, 0.089, 0.108, 0.09, 0.105, 0.085, 0.096, 0.103, 0.09, 0.114, 0.098, 0.102, 0.107, 0.099, 0.087, 0.123, 0.098, 0.095, 0.116, 0.09, 0.107, 0.097, 0.097, 0.095, 0.092, 0.102, 0.095, 0.104, 0.123, 0.117, 0.12, 0.12, 0.109, 0.103, 0.101, 0.103, 0.095, 0.103, 0.098, 0.115, 0.129, 0.122, 0.104, 0.099, 0.114, 0.102, 0.148, 0.145, 0.131, 0.136, 0.134, 0.127, 0.143, 0.145, 0.125, 0.126, 0.137, 0.137, 0.158, 0.149, 0.131, 0.144, 0.136, 0.166, 0.16, 0.134, 0.135, 0.147, 0.135, 0.144, 0.131, 0.138, 0.148, 0.131, 0.141, 0.125, 0.112, 0.139, 0.157, 0.148, 0.125, 0.119, 0.091, 0.103, 0.103, 0.112, 0.128, 0.15, 0.105, 0.101, 0.097, 0.139, 0.109, 0.116, 0.113, 0.133, 0.105, 0.123, 0.089, 0.093, 0.118, 0.114, 0.091, 0.112, 0.11, 0.113, 0.115, 0.11]
Train Loss: [98.67, 79.471, 69.904, 62.873, 56.905, 50.129, 43.696, 38.234, 33.837, 28.754, 24.368, 19.913, 16.311, 13.049, 10.966, 9.218, 7.938, 6.163, 5.053, 4.125, 3.313, 2.886, 2.398, 1.752, 1.721, 1.267, 0.956, 0.939, 0.834, 0.545, 0.427, 0.323, 0.341, 0.24, 0.198, 0.16, 0.179, 0.101, 0.091, 0.096, 0.1, 0.071, 0.095, 0.088, 0.053, 0.048, 0.11, 0.082, 0.027, 0.036, 0.041, 0.029, 0.033, 0.031, 0.013, 0.036, 0.426, 0.04, 0.193, 0.14, 0.176, 0.246, 0.198, 0.157, 0.101, 0.357, 0.25, 0.396, 0.059, 0.144, 0.086, 0.608, 0.425, 0.062, 0.177, 0.205, 0.089, 0.318, 0.143, 0.328, 0.166, 0.284, 0.174, 0.958, 0.363, 0.317, 0.116, 0.1, 0.084, 0.259, 0.159, 0.086, 0.051, 0.133, 0.07, 0.1, 0.404, 0.08, 0.161, 0.026, 0.332, 0.29, 0.329, 0.149, 0.03, 0.039, 0.043, 0.215, 0.253, 0.01, 0.152, 0.136, 0.141, 0.136, 0.022, 0.14, 0.368, 0.269, 0.111, 0.449, 0.426, 0.228, 0.107, 0.204, 0.756, 0.16, 0.02, 0.01, 0.079, 0.094, 0.027, 0.279, 0.01, 0.035, 0.077, 0.038, 0.004, 0.013, 0.073, 0.001]
Test Loss: [95.109, 78.268, 69.033, 62.749, 58.092, 52.773, 48.22, 46.606, 42.595, 40.453, 38.105, 37.981, 31.996, 31.949, 29.945, 32.74, 31.609, 28.905, 31.433, 31.916, 36.1, 31.617, 33.544, 30.601, 37.181, 36.963, 34.735, 36.265, 28.454, 34.522, 33.473, 34.276, 39.856, 37.733, 37.928, 32.311, 30.892, 34.241, 34.332, 37.254, 36.204, 35.049, 37.573, 32.235, 31.46, 33.844, 34.575, 30.241, 26.412, 26.846, 34.404, 27.696, 26.569, 32.006, 31.368, 31.189, 34.793, 24.582, 31.083, 34.48, 36.153, 23.404, 23.669, 20.44, 19.566, 23.29, 24.374, 35.927, 20.623, 35.42, 23.596, 26.104, 20.24, 28.906, 30.807, 28.755, 26.858, 24.32, 19.241, 21.698, 19.593, 25.885, 23.893, 13.938, 21.559, 19.157, 24.27, 20.45, 24.156, 12.138, 17.129, 25.06, 13.555, 13.373, 11.327, 9.859, 12.285, 21.489, 15.823, 16.582, 20.605, 19.789, 23.195, 18.457, 18.299, 18.563, 12.383, 17.008, 13.614, 13.581, 17.335, 15.924, 14.666, 19.02, 13.876, 20.517, 21.015, 16.932, 13.459, 15.707, 14.766, 17.612, 29.322, 22.766, 21.03, 20.7, 20.914, 11.501, 16.31, 12.616, 11.232, 15.494, 10.63, 24.955, 27.155, 18.022, 16.954, 16.457, 16.47, 12.309]
Max test score: 0.327 found at epoch: 96
Max test score shapes: 0.145 found at epoch: 96
