Active: Arealoss True False 1 10 
Active: MinSizeBackgroundloss True 1 

Test Scores: [0.158, 0.173, 0.202, 0.276, 0.279, 0.274, 0.29, 0.295, 0.302, 0.286, 0.29, 0.237, 0.228, 0.226, 0.221, 0.221, 0.217, 0.207, 0.193, 0.206, 0.194, 0.2, 0.204, 0.205, 0.209, 0.21, 0.203, 0.218, 0.208, 0.217, 0.204, 0.218, 0.201, 0.207, 0.202, 0.203, 0.206, 0.219, 0.207, 0.191, 0.21, 0.216, 0.23, 0.205, 0.218, 0.2, 0.217, 0.211, 0.243, 0.236, 0.229, 0.264, 0.232, 0.258, 0.253, 0.304, 0.255, 0.291, 0.293, 0.274, 0.267, 0.276, 0.306, 0.259, 0.272, 0.283, 0.263, 0.3, 0.296, 0.254, 0.291, 0.301, 0.319, 0.308, 0.333, 0.295, 0.318, 0.291, 0.324, 0.329, 0.3, 0.307, 0.313, 0.344, 0.314, 0.338, 0.376, 0.31, 0.343, 0.329, 0.356, 0.334, 0.337, 0.368, 0.366, 0.366, 0.318, 0.355, 0.316, 0.338, 0.364, 0.384, 0.35, 0.37, 0.335, 0.357, 0.375, 0.365, 0.398, 0.389, 0.371, 0.394, 0.353, 0.347, 0.397, 0.401, 0.34, 0.37, 0.386, 0.386, 0.364, 0.396, 0.356, 0.409, 0.376, 0.353, 0.352, 0.363, 0.374, 0.338, 0.393, 0.382, 0.393, 0.393, 0.435, 0.383, 0.359, 0.35, 0.393, 0.393]
Test Scores w/o background: [0.029, 0.043, 0.038, 0.068, 0.064, 0.054, 0.075, 0.077, 0.09, 0.068, 0.076, 0.029, 0.028, 0.027, 0.023, 0.024, 0.02, 0.017, 0.016, 0.023, 0.021, 0.017, 0.015, 0.016, 0.017, 0.021, 0.015, 0.027, 0.015, 0.017, 0.02, 0.027, 0.016, 0.019, 0.022, 0.02, 0.015, 0.02, 0.015, 0.018, 0.023, 0.018, 0.029, 0.017, 0.018, 0.02, 0.026, 0.024, 0.071, 0.051, 0.065, 0.088, 0.054, 0.081, 0.08, 0.138, 0.093, 0.114, 0.129, 0.096, 0.088, 0.108, 0.139, 0.099, 0.094, 0.1, 0.101, 0.115, 0.107, 0.087, 0.105, 0.12, 0.143, 0.122, 0.149, 0.116, 0.158, 0.111, 0.135, 0.145, 0.113, 0.116, 0.136, 0.168, 0.131, 0.165, 0.205, 0.129, 0.153, 0.129, 0.168, 0.148, 0.146, 0.185, 0.184, 0.185, 0.124, 0.176, 0.117, 0.149, 0.183, 0.202, 0.16, 0.187, 0.141, 0.167, 0.195, 0.182, 0.22, 0.212, 0.185, 0.217, 0.166, 0.159, 0.221, 0.225, 0.152, 0.186, 0.207, 0.205, 0.178, 0.215, 0.167, 0.234, 0.189, 0.16, 0.159, 0.17, 0.189, 0.149, 0.214, 0.202, 0.211, 0.213, 0.27, 0.201, 0.167, 0.158, 0.215, 0.214]
Train Scores: [0.167, 0.181, 0.207, 0.284, 0.289, 0.285, 0.283, 0.3, 0.294, 0.302, 0.295, 0.246, 0.235, 0.224, 0.222, 0.225, 0.211, 0.207, 0.193, 0.206, 0.196, 0.201, 0.214, 0.208, 0.21, 0.21, 0.201, 0.211, 0.207, 0.219, 0.199, 0.217, 0.199, 0.209, 0.205, 0.199, 0.202, 0.218, 0.206, 0.191, 0.211, 0.219, 0.238, 0.205, 0.215, 0.198, 0.217, 0.215, 0.255, 0.254, 0.249, 0.277, 0.254, 0.274, 0.27, 0.341, 0.288, 0.321, 0.331, 0.312, 0.296, 0.31, 0.343, 0.302, 0.313, 0.323, 0.303, 0.342, 0.347, 0.286, 0.336, 0.353, 0.367, 0.349, 0.376, 0.333, 0.356, 0.335, 0.376, 0.379, 0.359, 0.361, 0.385, 0.404, 0.376, 0.387, 0.43, 0.35, 0.393, 0.367, 0.4, 0.386, 0.375, 0.395, 0.402, 0.399, 0.377, 0.398, 0.364, 0.389, 0.418, 0.436, 0.381, 0.428, 0.37, 0.417, 0.429, 0.407, 0.432, 0.434, 0.414, 0.448, 0.41, 0.405, 0.448, 0.459, 0.382, 0.408, 0.422, 0.433, 0.407, 0.442, 0.4, 0.448, 0.436, 0.398, 0.409, 0.411, 0.415, 0.382, 0.432, 0.428, 0.463, 0.438, 0.484, 0.453, 0.414, 0.399, 0.454, 0.425]
Train Scores w/o background: [0.038, 0.051, 0.042, 0.078, 0.078, 0.068, 0.064, 0.083, 0.078, 0.088, 0.081, 0.04, 0.037, 0.028, 0.029, 0.031, 0.022, 0.022, 0.019, 0.029, 0.025, 0.022, 0.025, 0.023, 0.019, 0.026, 0.019, 0.026, 0.021, 0.022, 0.024, 0.032, 0.019, 0.025, 0.031, 0.024, 0.019, 0.027, 0.021, 0.026, 0.031, 0.026, 0.05, 0.026, 0.025, 0.025, 0.037, 0.038, 0.092, 0.08, 0.095, 0.113, 0.085, 0.115, 0.109, 0.195, 0.141, 0.16, 0.18, 0.146, 0.134, 0.159, 0.193, 0.155, 0.151, 0.159, 0.156, 0.174, 0.18, 0.132, 0.168, 0.19, 0.21, 0.179, 0.204, 0.166, 0.206, 0.169, 0.202, 0.211, 0.187, 0.181, 0.225, 0.246, 0.208, 0.224, 0.274, 0.181, 0.22, 0.18, 0.229, 0.212, 0.196, 0.221, 0.232, 0.231, 0.205, 0.231, 0.179, 0.216, 0.254, 0.269, 0.201, 0.262, 0.189, 0.247, 0.267, 0.237, 0.266, 0.272, 0.242, 0.29, 0.24, 0.233, 0.288, 0.302, 0.207, 0.235, 0.253, 0.265, 0.236, 0.276, 0.225, 0.285, 0.266, 0.22, 0.235, 0.233, 0.244, 0.207, 0.267, 0.262, 0.302, 0.271, 0.335, 0.29, 0.24, 0.222, 0.292, 0.254]
Train Loss: [141.559, 108.608, 92.216, 81.941, 73.311, 65.7, 58.286, 51.021, 44.091, 37.464, 31.128, 25.436, 21.816, 18.597, 15.829, 13.628, 10.96, 9.379, 7.605, 6.881, 6.251, 5.458, 5.492, 4.242, 4.404, 3.267, 2.79, 2.886, 2.582, 2.158, 1.897, 1.611, 1.539, 1.516, 1.021, 1.012, 1.059, 0.935, 0.669, 0.697, 0.603, 0.763, 0.824, 0.592, 0.442, 0.424, 0.396, 0.262, 0.435, 0.207, 0.196, 0.106, 0.128, 0.295, 0.083, 0.116, 0.159, 0.062, 0.151, 0.081, 0.067, 0.135, 0.13, 0.06, 0.07, 0.069, 0.122, 0.164, 0.114, 0.157, 0.055, 0.033, 0.117, 0.102, 0.051, 0.009, 0.029, 0.15, 0.285, 0.065, 0.197, 0.018, 0.095, 0.091, 0.121, 0.023, 0.112, 0.119, 0.05, 0.116, 0.046, 0.082, 0.173, 0.057, 0.008, 0.01, 0.124, 0.065, 0.068, 0.112, 0.168, 0.143, 0.052, 0.161, 0.002, 0.063, 0.017, 0.057, 0.018, 0.073, 0.02, 0.001, 0.001, 0.08, 0.02, 0.003, 0.028, 0.09, 0.102, 0.02, 0.187, 0.158, 0.301, 0.249, 0.046, 0.076, 0.116, 0.009, 0.164, 0.059, 0.089, 0.141, 0.026, 0.118, 0.002, 0.23, 0.021, 0.017, 0.074, 0.302]
Test Loss: [139.185, 106.843, 90.577, 80.512, 71.991, 64.784, 57.784, 50.972, 44.54, 38.239, 32.072, 27.985, 26.513, 24.797, 23.394, 23.181, 20.907, 21.635, 20.781, 19.174, 21.512, 17.903, 19.345, 17.74, 18.956, 18.774, 19.245, 19.099, 20.988, 17.697, 17.953, 17.082, 19.545, 20.214, 17.556, 17.719, 19.339, 20.094, 18.728, 17.699, 16.416, 19.617, 17.812, 18.178, 18.196, 15.498, 16.598, 14.617, 16.936, 15.997, 15.67, 14.781, 15.752, 16.771, 15.466, 14.958, 14.333, 15.02, 17.842, 12.309, 12.254, 14.325, 12.921, 13.427, 12.616, 12.362, 12.243, 11.944, 13.116, 9.507, 11.309, 9.926, 7.027, 8.785, 8.036, 7.056, 9.525, 8.252, 9.965, 5.448, 4.149, 5.327, 6.468, 4.447, 6.92, 4.842, 4.833, 5.042, 4.872, 4.456, 2.61, 3.81, 5.613, 2.824, 2.185, 2.207, 3.209, 4.066, 3.23, 2.412, 4.172, 4.882, 2.486, 3.773, 3.088, 3.612, 2.904, 3.41, 2.769, 3.13, 2.935, 2.826, 2.762, 3.197, 2.981, 3.456, 3.506, 2.564, 2.785, 2.814, 2.756, 2.924, 2.32, 3.063, 3.171, 3.497, 2.107, 3.509, 2.72, 1.764, 1.796, 2.222, 1.447, 1.791, 1.797, 2.39, 1.304, 1.879, 2.097, 2.842]
Max test score: 0.435 found at epoch: 135
Max test score shapes: 0.27 found at epoch: 135
