Active: Arealoss True True 1 10 
Active: OneHotloss True 20 
Active: MinSizeBackgroundloss True 1 

Test Scores: [0.158, 0.173, 0.183, 0.27, 0.276, 0.288, 0.32, 0.306, 0.291, 0.256, 0.243, 0.246, 0.23, 0.251, 0.244, 0.289, 0.271, 0.308, 0.336, 0.315, 0.336, 0.328, 0.35, 0.352, 0.365, 0.345, 0.393, 0.367, 0.383, 0.44, 0.431, 0.415, 0.419, 0.42, 0.431, 0.419, 0.43, 0.464, 0.477, 0.436, 0.45, 0.441, 0.495, 0.49, 0.482, 0.465, 0.469, 0.486, 0.47, 0.455, 0.501, 0.483, 0.493, 0.461, 0.448, 0.487, 0.462, 0.489, 0.499, 0.491, 0.517, 0.451, 0.49, 0.462, 0.508, 0.513, 0.508, 0.531, 0.521, 0.457, 0.537, 0.521, 0.492, 0.49, 0.56, 0.504, 0.499, 0.504, 0.551, 0.532, 0.547, 0.516, 0.545, 0.55, 0.555, 0.551, 0.601, 0.574, 0.581, 0.587, 0.554, 0.572, 0.572, 0.594, 0.587, 0.609, 0.542, 0.605, 0.563, 0.592, 0.605, 0.618, 0.584, 0.614, 0.589, 0.623, 0.657, 0.571, 0.632, 0.655, 0.639, 0.563, 0.622, 0.599, 0.593, 0.628, 0.607, 0.599, 0.636, 0.683]
Test Scores w/o background: [0.029, 0.05, 0.039, 0.069, 0.087, 0.081, 0.115, 0.095, 0.079, 0.04, 0.036, 0.039, 0.031, 0.056, 0.064, 0.111, 0.097, 0.141, 0.185, 0.175, 0.186, 0.183, 0.214, 0.213, 0.231, 0.213, 0.254, 0.241, 0.255, 0.31, 0.315, 0.297, 0.302, 0.276, 0.307, 0.297, 0.3, 0.345, 0.365, 0.317, 0.327, 0.324, 0.37, 0.377, 0.354, 0.35, 0.344, 0.369, 0.352, 0.334, 0.381, 0.36, 0.367, 0.341, 0.313, 0.368, 0.341, 0.352, 0.373, 0.35, 0.385, 0.314, 0.358, 0.328, 0.374, 0.383, 0.374, 0.395, 0.389, 0.319, 0.402, 0.38, 0.35, 0.36, 0.43, 0.369, 0.368, 0.363, 0.422, 0.397, 0.414, 0.368, 0.412, 0.421, 0.428, 0.427, 0.482, 0.447, 0.45, 0.458, 0.42, 0.445, 0.445, 0.471, 0.458, 0.487, 0.401, 0.485, 0.432, 0.465, 0.481, 0.499, 0.452, 0.493, 0.461, 0.505, 0.55, 0.436, 0.514, 0.545, 0.526, 0.428, 0.503, 0.473, 0.465, 0.512, 0.484, 0.476, 0.524, 0.584]
Train Scores: [0.167, 0.183, 0.187, 0.277, 0.287, 0.309, 0.331, 0.324, 0.303, 0.26, 0.253, 0.254, 0.237, 0.259, 0.267, 0.306, 0.306, 0.331, 0.36, 0.324, 0.352, 0.355, 0.37, 0.388, 0.393, 0.365, 0.429, 0.391, 0.433, 0.46, 0.452, 0.445, 0.455, 0.44, 0.462, 0.445, 0.487, 0.492, 0.5, 0.466, 0.496, 0.479, 0.528, 0.504, 0.514, 0.488, 0.501, 0.495, 0.503, 0.489, 0.502, 0.511, 0.536, 0.495, 0.509, 0.52, 0.5, 0.519, 0.54, 0.518, 0.569, 0.499, 0.522, 0.501, 0.545, 0.559, 0.535, 0.567, 0.588, 0.507, 0.575, 0.536, 0.542, 0.494, 0.572, 0.559, 0.551, 0.562, 0.601, 0.595, 0.598, 0.579, 0.623, 0.603, 0.599, 0.604, 0.624, 0.605, 0.637, 0.663, 0.609, 0.608, 0.615, 0.637, 0.651, 0.658, 0.605, 0.645, 0.642, 0.644, 0.638, 0.673, 0.695, 0.685, 0.656, 0.675, 0.707, 0.626, 0.729, 0.704, 0.732, 0.642, 0.694, 0.697, 0.667, 0.644, 0.663, 0.659, 0.687, 0.709]
Train Scores w/o background: [0.038, 0.059, 0.042, 0.078, 0.101, 0.108, 0.13, 0.117, 0.095, 0.045, 0.046, 0.049, 0.039, 0.067, 0.091, 0.14, 0.143, 0.175, 0.214, 0.185, 0.213, 0.222, 0.24, 0.256, 0.265, 0.242, 0.3, 0.266, 0.317, 0.339, 0.345, 0.335, 0.352, 0.307, 0.348, 0.329, 0.371, 0.38, 0.393, 0.355, 0.388, 0.374, 0.416, 0.397, 0.401, 0.386, 0.388, 0.383, 0.394, 0.374, 0.385, 0.396, 0.426, 0.385, 0.392, 0.415, 0.387, 0.388, 0.423, 0.389, 0.457, 0.377, 0.401, 0.379, 0.425, 0.445, 0.414, 0.443, 0.478, 0.385, 0.453, 0.401, 0.417, 0.366, 0.449, 0.442, 0.432, 0.44, 0.488, 0.48, 0.482, 0.452, 0.519, 0.494, 0.487, 0.494, 0.514, 0.491, 0.526, 0.56, 0.493, 0.496, 0.505, 0.53, 0.544, 0.555, 0.487, 0.541, 0.536, 0.536, 0.527, 0.573, 0.601, 0.587, 0.55, 0.575, 0.617, 0.51, 0.644, 0.611, 0.65, 0.536, 0.602, 0.605, 0.564, 0.535, 0.56, 0.556, 0.593, 0.619]
Train Loss: [156.605, 122.917, 106.902, 96.295, 87.233, 78.849, 71.366, 64.147, 56.521, 50.51, 44.624, 40.082, 37.144, 36.174, 32.577, 26.951, 25.467, 19.866, 17.268, 13.534, 11.853, 10.402, 8.236, 7.528, 6.979, 5.769, 5.939, 4.719, 3.952, 3.462, 3.111, 4.143, 2.62, 2.309, 2.74, 2.079, 1.87, 1.835, 1.885, 1.571, 2.242, 1.353, 1.729, 1.093, 1.068, 0.867, 1.707, 4.998, 0.871, 1.515, 1.258, 2.475, 0.698, 2.308, 0.799, 1.373, 0.495, 0.738, 0.62, 0.653, 1.066, 1.208, 2.941, 2.616, 1.367, 1.525, 1.285, 1.145, 1.66, 0.793, 1.17, 2.495, 2.335, 1.358, 0.594, 1.654, 1.049, 1.225, 1.23, 1.285, 2.1, 1.039, 1.321, 0.741, 1.167, 1.909, 2.197, 0.765, 1.028, 1.475, 0.417, 0.647, 1.615, 0.697, 1.732, 0.428, 1.895, 2.911, 0.601, 0.674, 1.573, 0.965, 2.03, 1.155, 1.127, 0.889, 0.984, 0.43, 0.948, 1.298, 0.949, 0.757, 1.071, 0.268, 0.627, 0.666, 0.654, 0.451, 0.765, 1.549]
Test Loss: [153.839, 121.799, 106.031, 95.836, 87.207, 79.225, 73.197, 66.625, 61.334, 56.505, 51.959, 49.059, 51.302, 52.544, 50.399, 42.849, 45.317, 42.194, 42.692, 39.18, 38.588, 35.994, 34.214, 38.667, 35.652, 34.825, 35.847, 41.845, 35.853, 35.538, 37.675, 33.03, 33.93, 33.142, 38.624, 38.675, 37.146, 38.708, 30.062, 33.602, 34.736, 33.173, 34.307, 32.534, 32.591, 29.33, 32.139, 25.898, 28.718, 30.745, 26.344, 27.443, 27.086, 26.869, 21.047, 25.52, 16.442, 30.518, 28.281, 18.565, 21.094, 25.915, 29.27, 18.461, 13.873, 18.001, 17.566, 13.059, 20.389, 12.012, 18.994, 17.698, 21.501, 13.984, 18.582, 27.193, 17.077, 13.044, 13.251, 11.595, 17.437, 13.686, 18.821, 12.489, 9.849, 20.473, 12.379, 8.475, 17.012, 18.215, 18.571, 13.165, 14.374, 12.652, 18.739, 11.816, 16.389, 18.21, 13.089, 8.514, 15.566, 18.384, 14.16, 10.564, 13.246, 3.737, 7.334, 9.805, 11.633, 15.605, 10.984, 18.446, 13.262, 14.063, 10.687, 14.722, 12.269, 7.065, 13.958, 10.605]
Max test score: 0.683 found at epoch: 120
Max test score shapes: 0.584 found at epoch: 120
