Active: Arealoss True False 1 10 

Test Scores: [0.149, 0.164, 0.161, 0.187, 0.198, 0.195, 0.183, 0.224, 0.17, 0.191, 0.199, 0.212, 0.176, 0.208, 0.194, 0.213, 0.217, 0.211, 0.2, 0.19, 0.2, 0.198, 0.215, 0.23, 0.211, 0.227, 0.208, 0.236, 0.213, 0.264, 0.205, 0.207, 0.209, 0.228, 0.208, 0.214, 0.231, 0.23, 0.225, 0.239, 0.237, 0.241, 0.255, 0.23, 0.242, 0.252, 0.267, 0.231, 0.234, 0.238, 0.241, 0.247, 0.245, 0.247, 0.243, 0.227, 0.26, 0.244, 0.226, 0.263, 0.271, 0.263, 0.258, 0.26, 0.274, 0.249, 0.273, 0.282, 0.27, 0.227, 0.267, 0.29, 0.283, 0.263, 0.281, 0.294, 0.284, 0.288, 0.298, 0.294, 0.288, 0.328, 0.309, 0.333, 0.327, 0.329, 0.305, 0.306, 0.317, 0.317, 0.347, 0.373, 0.354, 0.312, 0.342, 0.347, 0.325, 0.316, 0.316, 0.35, 0.345, 0.361, 0.38, 0.39, 0.39, 0.426, 0.382, 0.422, 0.396, 0.407, 0.416, 0.416, 0.425, 0.404, 0.432, 0.435, 0.404, 0.415, 0.417, 0.417, 0.375, 0.396, 0.332, 0.336, 0.349, 0.35, 0.353, 0.343, 0.371, 0.353, 0.342, 0.349, 0.35, 0.341, 0.341, 0.35, 0.357, 0.362, 0.366, 0.385, 0.378, 0.4, 0.368, 0.37, 0.408, 0.408, 0.413, 0.392, 0.373, 0.377, 0.385, 0.376, 0.405, 0.396, 0.395, 0.402, 0.395, 0.392, 0.41, 0.393]
Test Scores w/o background: [0.028, 0.044, 0.046, 0.065, 0.06, 0.064, 0.055, 0.09, 0.054, 0.065, 0.077, 0.084, 0.063, 0.076, 0.077, 0.075, 0.08, 0.08, 0.07, 0.071, 0.077, 0.064, 0.084, 0.091, 0.074, 0.092, 0.076, 0.1, 0.077, 0.105, 0.065, 0.073, 0.076, 0.082, 0.07, 0.069, 0.08, 0.082, 0.074, 0.084, 0.085, 0.079, 0.099, 0.074, 0.082, 0.097, 0.106, 0.072, 0.077, 0.07, 0.078, 0.085, 0.077, 0.078, 0.086, 0.068, 0.095, 0.081, 0.074, 0.098, 0.083, 0.103, 0.091, 0.091, 0.092, 0.071, 0.101, 0.098, 0.089, 0.065, 0.08, 0.111, 0.104, 0.073, 0.092, 0.116, 0.102, 0.098, 0.103, 0.101, 0.093, 0.14, 0.122, 0.152, 0.136, 0.148, 0.118, 0.109, 0.125, 0.122, 0.165, 0.197, 0.171, 0.119, 0.151, 0.152, 0.124, 0.117, 0.111, 0.159, 0.156, 0.174, 0.195, 0.213, 0.207, 0.252, 0.198, 0.249, 0.22, 0.231, 0.241, 0.241, 0.252, 0.224, 0.26, 0.266, 0.224, 0.24, 0.24, 0.244, 0.191, 0.22, 0.138, 0.143, 0.156, 0.154, 0.163, 0.148, 0.186, 0.163, 0.15, 0.163, 0.159, 0.144, 0.153, 0.16, 0.166, 0.174, 0.18, 0.205, 0.201, 0.223, 0.181, 0.184, 0.237, 0.236, 0.241, 0.216, 0.19, 0.192, 0.202, 0.19, 0.23, 0.218, 0.218, 0.228, 0.219, 0.22, 0.235, 0.214]
Train Scores: [0.159, 0.173, 0.172, 0.209, 0.218, 0.206, 0.191, 0.23, 0.19, 0.208, 0.21, 0.225, 0.205, 0.228, 0.211, 0.223, 0.235, 0.227, 0.222, 0.208, 0.217, 0.201, 0.229, 0.234, 0.224, 0.233, 0.221, 0.237, 0.224, 0.265, 0.226, 0.217, 0.223, 0.233, 0.223, 0.232, 0.246, 0.246, 0.244, 0.254, 0.243, 0.255, 0.263, 0.241, 0.252, 0.253, 0.264, 0.245, 0.264, 0.255, 0.247, 0.261, 0.254, 0.253, 0.259, 0.251, 0.277, 0.264, 0.255, 0.286, 0.286, 0.27, 0.264, 0.275, 0.289, 0.262, 0.292, 0.293, 0.296, 0.261, 0.288, 0.305, 0.297, 0.273, 0.296, 0.308, 0.314, 0.317, 0.337, 0.326, 0.319, 0.361, 0.342, 0.359, 0.377, 0.361, 0.323, 0.337, 0.35, 0.339, 0.362, 0.398, 0.383, 0.336, 0.38, 0.372, 0.362, 0.358, 0.367, 0.395, 0.395, 0.417, 0.417, 0.449, 0.463, 0.482, 0.45, 0.463, 0.45, 0.462, 0.459, 0.45, 0.448, 0.439, 0.496, 0.492, 0.482, 0.476, 0.477, 0.449, 0.415, 0.434, 0.4, 0.401, 0.381, 0.387, 0.397, 0.379, 0.413, 0.395, 0.391, 0.404, 0.407, 0.383, 0.384, 0.397, 0.42, 0.419, 0.413, 0.414, 0.435, 0.432, 0.391, 0.395, 0.445, 0.428, 0.422, 0.425, 0.412, 0.425, 0.439, 0.436, 0.444, 0.421, 0.436, 0.431, 0.428, 0.412, 0.45, 0.42]
Train Scores w/o background: [0.038, 0.053, 0.056, 0.09, 0.082, 0.074, 0.063, 0.096, 0.072, 0.086, 0.09, 0.103, 0.094, 0.103, 0.098, 0.089, 0.104, 0.101, 0.1, 0.094, 0.099, 0.081, 0.108, 0.106, 0.097, 0.11, 0.094, 0.11, 0.097, 0.118, 0.095, 0.094, 0.097, 0.092, 0.094, 0.099, 0.106, 0.11, 0.109, 0.108, 0.104, 0.106, 0.117, 0.099, 0.103, 0.112, 0.109, 0.092, 0.123, 0.098, 0.1, 0.111, 0.1, 0.1, 0.112, 0.101, 0.127, 0.105, 0.111, 0.137, 0.116, 0.115, 0.104, 0.113, 0.118, 0.095, 0.127, 0.119, 0.128, 0.11, 0.109, 0.133, 0.127, 0.091, 0.112, 0.135, 0.142, 0.135, 0.156, 0.144, 0.134, 0.184, 0.168, 0.187, 0.204, 0.193, 0.144, 0.152, 0.169, 0.152, 0.184, 0.231, 0.21, 0.153, 0.202, 0.188, 0.174, 0.172, 0.181, 0.22, 0.222, 0.248, 0.244, 0.291, 0.305, 0.326, 0.288, 0.302, 0.294, 0.305, 0.297, 0.288, 0.284, 0.271, 0.346, 0.343, 0.328, 0.321, 0.32, 0.286, 0.244, 0.271, 0.229, 0.228, 0.198, 0.204, 0.222, 0.196, 0.242, 0.219, 0.216, 0.236, 0.234, 0.2, 0.21, 0.223, 0.248, 0.249, 0.242, 0.244, 0.276, 0.264, 0.21, 0.218, 0.284, 0.262, 0.253, 0.26, 0.243, 0.256, 0.273, 0.271, 0.282, 0.253, 0.273, 0.266, 0.264, 0.246, 0.289, 0.251]
Train Loss: [98.124, 78.339, 68.153, 61.309, 55.321, 49.045, 42.742, 36.806, 32.156, 28.402, 24.078, 20.206, 16.712, 13.32, 10.597, 8.736, 7.284, 5.773, 4.708, 4.274, 3.463, 2.908, 2.651, 2.042, 1.626, 1.374, 1.078, 0.979, 0.789, 0.673, 0.471, 0.53, 0.357, 0.311, 0.263, 0.233, 0.171, 0.109, 0.146, 0.081, 0.107, 0.062, 0.064, 0.033, 0.093, 0.091, 0.12, 0.085, 0.056, 0.078, 0.056, 0.044, 0.091, 0.123, 0.074, 0.028, 0.115, 0.055, 0.065, 0.098, 0.09, 0.054, 0.031, 0.117, 0.083, 0.149, 0.12, 0.051, 0.032, 0.087, 0.019, 0.178, 0.049, 0.122, 0.015, 0.086, 0.094, 0.081, 0.058, 0.056, 0.037, 0.126, 0.146, 0.074, 0.112, 0.009, 0.222, 0.076, 0.033, 0.245, 0.261, 0.112, 0.185, 0.321, 0.056, 0.064, 0.122, 0.071, 0.035, 0.087, 0.267, 0.019, 0.031, 0.049, 0.061, 0.023, 0.029, 0.047, 0.01, 0.066, 0.062, 0.077, 0.037, 0.041, 0.029, 0.051, 0.102, 0.018, 0.02, 0.006, 0.007, 0.024, 0.106, 0.025, 0.093, 0.022, 0.08, 0.059, 0.01, 0.092, 0.048, 0.115, 0.039, 0.064, 0.079, 0.026, 0.052, 0.004, 0.017, 0.068, 0.003, 0.058, 0.021, 0.031, 0.088, 0.004, 0.0, 0.011, 0.018, 0.006, 0.198, 0.003, 0.006, 0.051, 0.012, 0.001, 0.039, 0.06, 0.004, 0.013]
Test Loss: [95.059, 76.665, 66.671, 60.191, 55.286, 50.295, 45.558, 42.084, 37.803, 36.148, 31.809, 31.407, 29.036, 27.673, 24.761, 22.932, 23.256, 23.8, 20.987, 22.036, 20.631, 19.899, 20.667, 19.618, 19.72, 19.269, 18.486, 20.83, 18.845, 20.514, 17.802, 16.419, 18.867, 18.525, 18.377, 18.362, 18.141, 17.314, 17.394, 18.795, 18.081, 17.502, 17.53, 17.724, 16.674, 16.407, 15.923, 17.084, 17.208, 14.418, 16.459, 17.244, 14.641, 15.009, 14.509, 13.482, 15.335, 12.296, 12.932, 12.682, 14.002, 13.348, 9.035, 12.099, 11.157, 12.062, 12.033, 7.622, 9.093, 8.547, 7.473, 8.888, 8.96, 7.862, 8.544, 5.605, 5.943, 5.925, 5.978, 5.983, 6.95, 7.433, 5.37, 4.618, 5.315, 4.845, 4.281, 3.077, 5.01, 4.759, 4.96, 2.72, 3.287, 3.721, 2.446, 2.795, 3.699, 3.882, 4.287, 2.936, 3.434, 4.03, 2.969, 3.678, 3.459, 2.621, 2.682, 2.755, 2.264, 2.079, 2.238, 2.314, 2.106, 2.287, 2.722, 2.317, 3.183, 3.003, 2.898, 2.484, 2.051, 2.565, 3.132, 3.486, 2.867, 2.841, 3.148, 2.932, 3.111, 3.121, 2.171, 3.305, 1.864, 3.736, 2.644, 2.346, 2.723, 2.167, 2.414, 2.178, 1.725, 2.073, 2.141, 2.096, 2.332, 2.367, 1.742, 1.616, 2.027, 1.8, 2.105, 2.535, 3.378, 2.783, 1.998, 2.343, 3.209, 2.884, 2.538, 1.69]
Max test score: 0.435 found at epoch: 116
Max test score shapes: 0.266 found at epoch: 116
