Active: Arealoss True False 1 10 
Active: OneHotloss True 20 

Test Scores: [0.148, 0.16, 0.16, 0.184, 0.181, 0.173, 0.166, 0.212, 0.184, 0.197, 0.187, 0.19, 0.197, 0.21, 0.197, 0.21, 0.222, 0.231, 0.214, 0.191, 0.215, 0.222, 0.219, 0.231, 0.226, 0.222, 0.244, 0.229, 0.241, 0.265, 0.214, 0.203, 0.233, 0.253, 0.219, 0.233, 0.264, 0.226, 0.237, 0.251, 0.235, 0.252, 0.245, 0.257, 0.298, 0.255, 0.255, 0.262, 0.286, 0.282, 0.266, 0.245, 0.281, 0.274, 0.258, 0.255, 0.27, 0.319, 0.317, 0.314, 0.356, 0.268, 0.298, 0.294, 0.295, 0.312, 0.295, 0.294, 0.3, 0.28, 0.347, 0.344, 0.321, 0.334, 0.327, 0.319, 0.33, 0.326, 0.374, 0.346, 0.373, 0.379, 0.355, 0.384, 0.403, 0.345, 0.359, 0.381, 0.394, 0.391, 0.407, 0.35, 0.384, 0.356, 0.41, 0.43, 0.394, 0.402, 0.422, 0.431, 0.404, 0.414, 0.402, 0.363, 0.365, 0.421, 0.451, 0.456, 0.422, 0.437, 0.431, 0.413, 0.398, 0.422, 0.442, 0.446, 0.445, 0.469, 0.504, 0.479, 0.49, 0.526, 0.444, 0.447, 0.431, 0.473, 0.533, 0.527, 0.556, 0.537, 0.517, 0.47, 0.433, 0.39, 0.376, 0.401, 0.476, 0.517, 0.527, 0.557, 0.554, 0.513, 0.576, 0.608, 0.614, 0.573, 0.596, 0.505, 0.535, 0.491, 0.439, 0.463, 0.422, 0.424, 0.455, 0.476, 0.505, 0.515, 0.515, 0.536]
Test Scores w/o background: [0.028, 0.045, 0.051, 0.074, 0.063, 0.055, 0.044, 0.076, 0.063, 0.076, 0.067, 0.064, 0.082, 0.083, 0.081, 0.073, 0.082, 0.1, 0.089, 0.064, 0.091, 0.081, 0.086, 0.093, 0.088, 0.086, 0.105, 0.092, 0.104, 0.112, 0.07, 0.054, 0.092, 0.1, 0.076, 0.084, 0.119, 0.079, 0.096, 0.092, 0.076, 0.091, 0.098, 0.11, 0.137, 0.099, 0.087, 0.102, 0.13, 0.111, 0.111, 0.1, 0.116, 0.106, 0.096, 0.101, 0.109, 0.155, 0.164, 0.147, 0.191, 0.098, 0.122, 0.135, 0.123, 0.15, 0.119, 0.116, 0.123, 0.118, 0.171, 0.167, 0.152, 0.151, 0.144, 0.136, 0.158, 0.149, 0.215, 0.176, 0.196, 0.204, 0.188, 0.221, 0.235, 0.164, 0.188, 0.211, 0.219, 0.21, 0.245, 0.168, 0.213, 0.181, 0.24, 0.269, 0.22, 0.234, 0.252, 0.265, 0.234, 0.245, 0.235, 0.186, 0.182, 0.252, 0.29, 0.3, 0.258, 0.272, 0.264, 0.238, 0.22, 0.249, 0.274, 0.28, 0.278, 0.309, 0.355, 0.323, 0.337, 0.382, 0.277, 0.282, 0.263, 0.312, 0.389, 0.381, 0.419, 0.395, 0.371, 0.311, 0.263, 0.207, 0.191, 0.222, 0.318, 0.37, 0.383, 0.421, 0.417, 0.365, 0.446, 0.488, 0.495, 0.442, 0.473, 0.355, 0.393, 0.337, 0.269, 0.3, 0.247, 0.251, 0.29, 0.319, 0.355, 0.368, 0.37, 0.395]
Train Scores: [0.158, 0.169, 0.173, 0.206, 0.198, 0.188, 0.181, 0.224, 0.194, 0.208, 0.198, 0.205, 0.207, 0.228, 0.211, 0.219, 0.237, 0.242, 0.236, 0.215, 0.229, 0.241, 0.237, 0.236, 0.252, 0.233, 0.256, 0.24, 0.254, 0.276, 0.237, 0.217, 0.241, 0.254, 0.233, 0.246, 0.268, 0.249, 0.241, 0.271, 0.258, 0.27, 0.255, 0.267, 0.295, 0.271, 0.276, 0.278, 0.287, 0.3, 0.28, 0.256, 0.305, 0.298, 0.283, 0.285, 0.28, 0.331, 0.331, 0.336, 0.363, 0.312, 0.325, 0.332, 0.331, 0.34, 0.33, 0.321, 0.348, 0.334, 0.384, 0.357, 0.346, 0.368, 0.363, 0.362, 0.348, 0.349, 0.386, 0.379, 0.41, 0.412, 0.377, 0.404, 0.458, 0.398, 0.401, 0.448, 0.448, 0.417, 0.418, 0.402, 0.419, 0.408, 0.454, 0.471, 0.439, 0.43, 0.442, 0.451, 0.404, 0.428, 0.41, 0.395, 0.413, 0.444, 0.502, 0.509, 0.436, 0.474, 0.482, 0.447, 0.429, 0.464, 0.491, 0.492, 0.488, 0.519, 0.536, 0.509, 0.531, 0.567, 0.501, 0.49, 0.475, 0.512, 0.56, 0.542, 0.576, 0.588, 0.575, 0.526, 0.484, 0.443, 0.413, 0.424, 0.519, 0.572, 0.591, 0.607, 0.592, 0.554, 0.604, 0.648, 0.659, 0.613, 0.619, 0.519, 0.566, 0.549, 0.493, 0.509, 0.468, 0.46, 0.492, 0.528, 0.571, 0.571, 0.548, 0.594]
Train Scores w/o background: [0.038, 0.054, 0.063, 0.097, 0.081, 0.067, 0.059, 0.091, 0.074, 0.087, 0.084, 0.079, 0.097, 0.104, 0.09, 0.087, 0.097, 0.116, 0.115, 0.095, 0.11, 0.11, 0.115, 0.106, 0.12, 0.112, 0.124, 0.113, 0.125, 0.132, 0.1, 0.08, 0.11, 0.111, 0.098, 0.108, 0.127, 0.114, 0.112, 0.125, 0.115, 0.117, 0.112, 0.129, 0.138, 0.125, 0.123, 0.133, 0.14, 0.14, 0.133, 0.117, 0.151, 0.139, 0.126, 0.138, 0.129, 0.174, 0.187, 0.182, 0.204, 0.158, 0.162, 0.182, 0.17, 0.182, 0.164, 0.155, 0.184, 0.186, 0.223, 0.191, 0.188, 0.197, 0.191, 0.197, 0.185, 0.18, 0.229, 0.22, 0.246, 0.25, 0.218, 0.249, 0.308, 0.232, 0.243, 0.299, 0.291, 0.245, 0.259, 0.236, 0.261, 0.252, 0.301, 0.322, 0.278, 0.273, 0.281, 0.294, 0.238, 0.266, 0.248, 0.228, 0.245, 0.285, 0.358, 0.368, 0.276, 0.321, 0.331, 0.284, 0.261, 0.305, 0.34, 0.342, 0.335, 0.375, 0.397, 0.361, 0.391, 0.437, 0.352, 0.339, 0.32, 0.364, 0.425, 0.401, 0.447, 0.461, 0.447, 0.384, 0.33, 0.275, 0.239, 0.252, 0.374, 0.442, 0.467, 0.487, 0.467, 0.418, 0.482, 0.541, 0.555, 0.495, 0.503, 0.374, 0.434, 0.413, 0.339, 0.36, 0.308, 0.298, 0.339, 0.387, 0.441, 0.442, 0.412, 0.472]
Train Loss: [112.546, 90.982, 80.084, 72.201, 64.777, 56.777, 49.193, 42.976, 37.177, 31.584, 27.291, 22.579, 19.554, 15.806, 13.281, 11.637, 9.477, 7.956, 6.454, 5.704, 4.431, 3.74, 3.351, 2.825, 3.072, 2.275, 2.359, 1.838, 1.79, 1.535, 1.739, 1.966, 1.618, 1.823, 1.298, 1.529, 1.448, 1.789, 1.063, 1.158, 0.883, 0.85, 0.812, 0.945, 1.031, 1.044, 0.726, 0.62, 1.486, 1.065, 1.109, 1.034, 1.344, 1.326, 1.131, 1.031, 1.324, 1.453, 0.919, 1.019, 1.01, 1.513, 1.02, 0.833, 1.232, 0.603, 0.455, 1.12, 0.99, 0.321, 0.682, 0.8, 0.841, 0.742, 0.342, 0.553, 1.198, 1.354, 0.675, 0.642, 0.411, 0.592, 0.659, 0.884, 0.697, 0.588, 1.5, 0.351, 0.13, 0.236, 0.539, 0.588, 0.56, 1.355, 0.229, 0.326, 0.571, 0.396, 0.414, 0.377, 0.457, 0.641, 0.455, 0.558, 0.214, 0.196, 0.168, 0.164, 0.828, 1.044, 0.339, 0.294, 0.811, 1.1, 0.597, 0.609, 0.538, 0.501, 0.197, 0.315, 0.394, 0.147, 0.167, 0.233, 0.901, 0.185, 0.219, 0.306, 0.244, 0.111, 0.06, 0.327, 0.267, 0.397, 1.365, 0.894, 0.374, 0.173, 0.14, 0.131, 0.082, 0.438, 0.422, 0.058, 0.03, 0.188, 0.192, 0.253, 0.619, 0.202, 0.358, 0.364, 0.515, 0.374, 0.749, 0.305, 0.154, 0.164, 0.297, 0.075]
Test Loss: [109.585, 89.495, 78.815, 71.618, 65.669, 59.324, 53.772, 50.352, 45.834, 40.232, 37.409, 36.77, 31.066, 31.075, 28.823, 24.545, 26.404, 26.343, 25.868, 22.085, 22.498, 23.348, 25.449, 20.748, 21.765, 22.906, 22.938, 19.951, 21.051, 19.365, 22.731, 19.487, 20.419, 18.532, 20.256, 20.158, 18.263, 17.914, 14.911, 14.986, 17.342, 18.114, 16.764, 13.686, 17.178, 17.353, 15.144, 16.143, 15.056, 12.691, 15.492, 14.581, 13.634, 14.109, 12.149, 11.04, 14.673, 12.539, 14.202, 8.716, 9.725, 12.219, 12.897, 11.764, 8.377, 7.099, 6.335, 6.531, 7.768, 9.42, 7.442, 6.524, 7.385, 6.223, 4.024, 4.484, 7.293, 7.201, 5.661, 4.216, 4.065, 5.421, 5.344, 5.613, 4.129, 4.013, 3.952, 3.063, 2.475, 3.324, 3.572, 3.522, 3.559, 4.758, 3.656, 2.707, 3.495, 3.274, 3.319, 3.695, 1.879, 2.728, 3.697, 3.098, 2.568, 2.756, 2.195, 2.046, 4.612, 5.362, 3.924, 3.388, 3.507, 3.351, 2.421, 2.056, 2.134, 2.078, 1.267, 1.817, 2.129, 2.044, 1.944, 2.508, 3.276, 1.718, 1.958, 1.066, 0.685, 0.96, 0.657, 1.304, 2.173, 2.878, 4.513, 3.036, 2.334, 1.124, 1.505, 1.336, 1.849, 1.814, 1.537, 0.761, 0.766, 1.181, 1.665, 1.277, 2.084, 1.583, 2.237, 2.424, 2.655, 2.561, 2.768, 1.957, 1.423, 1.7, 1.454, 0.705]
Max test score: 0.614 found at epoch: 145
Max test score shapes: 0.495 found at epoch: 145
