Active: Arealoss True True 1 10 
Active: OneHotloss True 20 

Test Scores: [0.148, 0.16, 0.161, 0.185, 0.177, 0.167, 0.164, 0.212, 0.175, 0.19, 0.2, 0.182, 0.188, 0.201, 0.181, 0.206, 0.206, 0.208, 0.202, 0.177, 0.193, 0.205, 0.185, 0.237, 0.227, 0.197, 0.22, 0.225, 0.208, 0.238, 0.204, 0.191, 0.211, 0.194, 0.211, 0.226, 0.217, 0.215, 0.208, 0.221, 0.214, 0.232, 0.208, 0.221, 0.26, 0.214, 0.228, 0.233, 0.238, 0.237, 0.238, 0.246, 0.274, 0.251, 0.303, 0.256, 0.247, 0.291, 0.262, 0.259, 0.268, 0.312, 0.313, 0.286, 0.302, 0.288, 0.254, 0.29, 0.281, 0.267, 0.298, 0.28, 0.339, 0.313, 0.32, 0.278, 0.301, 0.328, 0.289, 0.335, 0.338, 0.333, 0.295, 0.328, 0.331, 0.355, 0.333, 0.306, 0.32, 0.352, 0.373, 0.409, 0.38, 0.361, 0.392, 0.363, 0.341, 0.349, 0.39, 0.405, 0.376, 0.403, 0.435, 0.445, 0.429, 0.399, 0.391, 0.378, 0.403, 0.406, 0.444, 0.454, 0.511, 0.509, 0.494, 0.463, 0.46, 0.495, 0.458, 0.51]
Test Scores w/o background: [0.029, 0.045, 0.052, 0.078, 0.06, 0.055, 0.047, 0.079, 0.053, 0.072, 0.084, 0.063, 0.077, 0.075, 0.07, 0.081, 0.068, 0.083, 0.082, 0.058, 0.074, 0.075, 0.063, 0.098, 0.092, 0.076, 0.096, 0.089, 0.076, 0.088, 0.074, 0.062, 0.086, 0.062, 0.083, 0.096, 0.08, 0.076, 0.063, 0.078, 0.068, 0.075, 0.07, 0.086, 0.1, 0.062, 0.079, 0.085, 0.098, 0.097, 0.082, 0.094, 0.113, 0.088, 0.156, 0.104, 0.088, 0.126, 0.107, 0.099, 0.098, 0.154, 0.147, 0.121, 0.127, 0.117, 0.085, 0.112, 0.103, 0.102, 0.121, 0.113, 0.179, 0.144, 0.137, 0.1, 0.131, 0.159, 0.107, 0.163, 0.163, 0.152, 0.123, 0.154, 0.154, 0.186, 0.157, 0.142, 0.136, 0.167, 0.203, 0.243, 0.216, 0.193, 0.223, 0.185, 0.161, 0.176, 0.217, 0.235, 0.21, 0.237, 0.274, 0.286, 0.267, 0.234, 0.228, 0.204, 0.238, 0.241, 0.285, 0.301, 0.369, 0.364, 0.351, 0.312, 0.309, 0.349, 0.302, 0.367]
Train Scores: [0.158, 0.169, 0.175, 0.207, 0.193, 0.183, 0.177, 0.219, 0.191, 0.196, 0.209, 0.202, 0.199, 0.223, 0.2, 0.225, 0.22, 0.227, 0.218, 0.204, 0.213, 0.22, 0.208, 0.233, 0.235, 0.212, 0.223, 0.234, 0.222, 0.238, 0.221, 0.211, 0.223, 0.211, 0.224, 0.229, 0.231, 0.239, 0.242, 0.235, 0.23, 0.249, 0.226, 0.239, 0.267, 0.219, 0.239, 0.234, 0.243, 0.248, 0.259, 0.252, 0.277, 0.274, 0.295, 0.269, 0.249, 0.29, 0.268, 0.269, 0.285, 0.314, 0.326, 0.302, 0.303, 0.297, 0.277, 0.295, 0.299, 0.296, 0.313, 0.29, 0.344, 0.318, 0.33, 0.297, 0.321, 0.349, 0.314, 0.34, 0.342, 0.352, 0.33, 0.366, 0.357, 0.38, 0.357, 0.336, 0.34, 0.366, 0.385, 0.425, 0.401, 0.393, 0.427, 0.375, 0.356, 0.375, 0.41, 0.407, 0.393, 0.408, 0.434, 0.478, 0.45, 0.421, 0.41, 0.408, 0.412, 0.413, 0.464, 0.478, 0.528, 0.543, 0.494, 0.491, 0.462, 0.496, 0.475, 0.526]
Train Scores w/o background: [0.039, 0.054, 0.065, 0.101, 0.075, 0.066, 0.058, 0.087, 0.069, 0.078, 0.097, 0.083, 0.092, 0.1, 0.089, 0.103, 0.086, 0.103, 0.102, 0.092, 0.102, 0.096, 0.089, 0.101, 0.105, 0.092, 0.102, 0.105, 0.098, 0.095, 0.096, 0.086, 0.104, 0.085, 0.099, 0.101, 0.099, 0.108, 0.104, 0.096, 0.091, 0.1, 0.093, 0.109, 0.116, 0.077, 0.094, 0.092, 0.108, 0.114, 0.111, 0.105, 0.122, 0.121, 0.148, 0.124, 0.098, 0.13, 0.117, 0.113, 0.123, 0.159, 0.167, 0.146, 0.138, 0.139, 0.119, 0.124, 0.132, 0.142, 0.142, 0.128, 0.191, 0.156, 0.155, 0.127, 0.16, 0.19, 0.14, 0.175, 0.175, 0.181, 0.173, 0.206, 0.192, 0.224, 0.192, 0.174, 0.165, 0.188, 0.222, 0.269, 0.245, 0.236, 0.27, 0.203, 0.184, 0.214, 0.246, 0.24, 0.236, 0.248, 0.276, 0.333, 0.297, 0.267, 0.256, 0.246, 0.251, 0.252, 0.313, 0.333, 0.393, 0.411, 0.355, 0.35, 0.313, 0.353, 0.328, 0.389]
Train Loss: [113.104, 92.261, 82.139, 74.131, 66.631, 58.171, 50.499, 44.062, 39.327, 32.708, 27.587, 22.994, 19.496, 15.766, 13.53, 11.597, 9.61, 8.293, 6.761, 5.832, 5.119, 3.846, 3.506, 2.935, 2.444, 2.478, 2.257, 2.142, 1.474, 1.743, 1.46, 2.047, 1.495, 1.121, 1.167, 1.132, 1.142, 0.766, 1.213, 2.01, 3.237, 1.775, 0.999, 1.278, 0.811, 1.184, 1.169, 1.261, 1.009, 0.925, 0.734, 0.963, 2.119, 1.1, 1.255, 1.731, 2.151, 2.605, 1.256, 0.831, 0.599, 0.744, 1.28, 1.377, 3.061, 0.662, 1.064, 1.429, 2.106, 1.438, 0.856, 3.324, 2.044, 2.184, 1.512, 2.273, 3.04, 2.729, 2.668, 2.688, 2.1, 1.395, 0.692, 0.803, 2.177, 1.807, 0.598, 3.205, 4.362, 2.39, 0.543, 1.52, 0.794, 1.772, 1.698, 2.179, 1.271, 0.848, 0.415, 0.987, 1.929, 2.262, 1.791, 1.842, 0.934, 1.122, 1.856, 1.738, 2.437, 3.024, 3.06, 1.433, 1.127, 1.794, 1.39, 1.651, 1.051, 2.443, 2.172, 1.938]
Test Loss: [109.671, 91.433, 81.656, 74.836, 69.481, 63.246, 58.049, 54.834, 54.133, 43.988, 41.749, 39.25, 39.28, 36.117, 32.599, 37.142, 32.862, 31.813, 34.086, 34.363, 31.759, 30.672, 38.565, 30.548, 30.238, 32.804, 27.614, 34.21, 31.042, 37.023, 30.014, 33.317, 33.282, 32.729, 33.316, 27.015, 34.325, 32.142, 22.449, 28.637, 33.898, 21.662, 33.873, 32.492, 24.555, 24.183, 17.314, 22.242, 21.434, 24.288, 19.467, 22.12, 15.186, 25.057, 25.182, 31.851, 19.897, 31.644, 19.925, 15.446, 14.596, 13.992, 11.198, 8.74, 22.529, 19.315, 32.336, 19.969, 13.839, 10.308, 14.179, 14.522, 11.622, 11.47, 10.911, 13.522, 25.377, 21.002, 24.083, 23.23, 19.04, 13.148, 16.003, 14.259, 16.306, 24.078, 20.454, 21.866, 18.999, 13.481, 13.041, 10.603, 9.43, 12.647, 16.591, 12.086, 18.548, 23.575, 11.827, 14.484, 18.021, 14.234, 10.352, 9.449, 10.318, 14.416, 15.394, 15.658, 14.361, 14.662, 17.653, 13.292, 14.566, 9.148, 9.81, 8.264, 9.609, 6.78, 12.513, 20.258]
Max test score: 0.511 found at epoch: 113
Max test score shapes: 0.369 found at epoch: 113
