Active: BBoxFullloss True 1 linear 

Test Scores: [0.046, 0.112, 0.129, 0.137, 0.153, 0.156, 0.156, 0.168, 0.154, 0.173, 0.176, 0.205, 0.21, 0.196, 0.204, 0.212, 0.224, 0.195, 0.216, 0.177, 0.202, 0.218, 0.188, 0.212, 0.216, 0.199, 0.18, 0.214, 0.21, 0.224, 0.181, 0.213, 0.189, 0.195, 0.174, 0.207, 0.231, 0.185, 0.202, 0.192, 0.197, 0.198, 0.204, 0.196, 0.209, 0.171, 0.213, 0.184, 0.184, 0.185, 0.214, 0.19, 0.229, 0.19, 0.183, 0.172, 0.194, 0.191, 0.156, 0.184, 0.175, 0.171, 0.182, 0.188, 0.201, 0.194, 0.196, 0.18, 0.198, 0.179, 0.226, 0.185, 0.182, 0.193, 0.207, 0.208, 0.211, 0.174, 0.185, 0.189, 0.181, 0.204, 0.182, 0.18, 0.186, 0.182, 0.189, 0.2, 0.192, 0.198, 0.184, 0.21, 0.187, 0.179, 0.167, 0.193, 0.19, 0.161, 0.209, 0.208, 0.195, 0.202, 0.203, 0.186, 0.184, 0.214, 0.158, 0.194, 0.195, 0.213, 0.211, 0.189, 0.184, 0.203, 0.161, 0.178, 0.167, 0.174, 0.188, 0.187, 0.175, 0.177, 0.205, 0.193, 0.188, 0.204, 0.168, 0.213, 0.199, 0.191, 0.182, 0.193, 0.149, 0.163, 0.168, 0.184, 0.172, 0.182, 0.173, 0.18]
Test Scores w/o background: [0.028, 0.05, 0.058, 0.063, 0.076, 0.068, 0.07, 0.083, 0.072, 0.082, 0.079, 0.1, 0.107, 0.095, 0.099, 0.1, 0.106, 0.091, 0.103, 0.088, 0.096, 0.104, 0.091, 0.1, 0.099, 0.094, 0.083, 0.103, 0.099, 0.102, 0.083, 0.102, 0.091, 0.092, 0.085, 0.101, 0.119, 0.087, 0.098, 0.098, 0.099, 0.094, 0.101, 0.096, 0.11, 0.088, 0.105, 0.091, 0.099, 0.093, 0.112, 0.105, 0.121, 0.1, 0.094, 0.093, 0.103, 0.102, 0.086, 0.096, 0.091, 0.091, 0.101, 0.102, 0.113, 0.098, 0.105, 0.098, 0.1, 0.098, 0.115, 0.102, 0.097, 0.106, 0.112, 0.111, 0.116, 0.093, 0.091, 0.101, 0.104, 0.112, 0.099, 0.095, 0.098, 0.099, 0.099, 0.106, 0.102, 0.104, 0.102, 0.114, 0.101, 0.096, 0.085, 0.106, 0.098, 0.094, 0.114, 0.114, 0.106, 0.107, 0.112, 0.099, 0.107, 0.119, 0.086, 0.109, 0.103, 0.108, 0.113, 0.101, 0.101, 0.106, 0.092, 0.092, 0.092, 0.101, 0.1, 0.098, 0.094, 0.102, 0.106, 0.103, 0.095, 0.115, 0.1, 0.112, 0.102, 0.104, 0.099, 0.102, 0.089, 0.091, 0.091, 0.099, 0.093, 0.095, 0.093, 0.097]
Train Scores: [0.048, 0.119, 0.144, 0.15, 0.166, 0.177, 0.174, 0.189, 0.171, 0.196, 0.197, 0.23, 0.232, 0.216, 0.227, 0.238, 0.246, 0.213, 0.238, 0.198, 0.221, 0.239, 0.207, 0.233, 0.236, 0.217, 0.194, 0.234, 0.229, 0.244, 0.196, 0.231, 0.206, 0.213, 0.191, 0.228, 0.254, 0.203, 0.223, 0.209, 0.217, 0.217, 0.225, 0.216, 0.232, 0.188, 0.235, 0.202, 0.204, 0.205, 0.238, 0.212, 0.254, 0.211, 0.203, 0.193, 0.217, 0.213, 0.175, 0.204, 0.195, 0.192, 0.205, 0.211, 0.227, 0.217, 0.22, 0.198, 0.22, 0.2, 0.248, 0.207, 0.203, 0.216, 0.23, 0.234, 0.237, 0.194, 0.206, 0.215, 0.201, 0.227, 0.202, 0.2, 0.206, 0.206, 0.213, 0.224, 0.213, 0.217, 0.205, 0.237, 0.21, 0.201, 0.187, 0.217, 0.212, 0.179, 0.235, 0.235, 0.22, 0.225, 0.228, 0.211, 0.207, 0.241, 0.177, 0.217, 0.22, 0.239, 0.233, 0.215, 0.207, 0.227, 0.178, 0.196, 0.188, 0.195, 0.21, 0.208, 0.195, 0.2, 0.231, 0.215, 0.209, 0.23, 0.192, 0.24, 0.223, 0.215, 0.204, 0.216, 0.166, 0.182, 0.188, 0.206, 0.192, 0.203, 0.195, 0.201]
Train Scores w/o background: [0.031, 0.057, 0.073, 0.077, 0.091, 0.095, 0.093, 0.109, 0.094, 0.111, 0.106, 0.132, 0.136, 0.12, 0.128, 0.133, 0.134, 0.113, 0.131, 0.115, 0.12, 0.132, 0.117, 0.129, 0.126, 0.117, 0.103, 0.13, 0.124, 0.129, 0.103, 0.128, 0.115, 0.116, 0.108, 0.129, 0.152, 0.112, 0.127, 0.123, 0.125, 0.12, 0.13, 0.123, 0.141, 0.112, 0.136, 0.116, 0.127, 0.12, 0.145, 0.136, 0.155, 0.13, 0.12, 0.121, 0.134, 0.132, 0.109, 0.123, 0.118, 0.118, 0.133, 0.134, 0.148, 0.129, 0.138, 0.124, 0.129, 0.127, 0.147, 0.133, 0.126, 0.138, 0.144, 0.146, 0.152, 0.12, 0.117, 0.135, 0.133, 0.144, 0.126, 0.123, 0.126, 0.13, 0.131, 0.138, 0.132, 0.13, 0.131, 0.151, 0.132, 0.126, 0.11, 0.138, 0.128, 0.12, 0.15, 0.15, 0.139, 0.138, 0.145, 0.131, 0.139, 0.155, 0.111, 0.14, 0.136, 0.142, 0.145, 0.135, 0.132, 0.138, 0.116, 0.118, 0.121, 0.129, 0.131, 0.127, 0.122, 0.133, 0.142, 0.133, 0.124, 0.15, 0.132, 0.148, 0.134, 0.135, 0.13, 0.133, 0.112, 0.117, 0.118, 0.128, 0.119, 0.123, 0.121, 0.125]
Train Loss: [197.388, 137.138, 60.166, 18.969, 9.105, 2.981, 0.941, 0.569, 0.735, 0.573, 0.449, 0.099, 0.019, 0.0, 0.0, 0.031, 0.001, 0.013, 0.0, 0.0, 0.001, 0.0, 0.0, 0.0, 0.0, 0.0, 0.0, 0.0, 0.0, 0.0, 0.0, 0.0, 0.0, 0.0, 0.0, 0.0, 0.0, 0.0, 0.0, 0.0, 0.0, 0.0, 0.0, 0.0, 0.0, 0.0, 0.0, 0.0, 0.0, 0.0, 0.0, 0.0, 0.0, 0.0, 0.0, 0.0, 0.0, 0.0, 0.0, 0.0, 0.0, 0.0, 0.0, 0.0, 0.0, 0.0, 0.0, 0.0, 0.0, 0.0, 0.0, 0.0, 0.0, 0.0, 0.0, 0.0, 0.0, 0.0, 0.0, 0.0, 0.0, 0.0, 0.0, 0.0, 0.0, 0.0, 0.0, 0.0, 0.0, 0.0, 0.0, 0.0, 0.0, 0.0, 0.0, 0.0, 0.0, 0.0, 0.0, 0.0, 0.0, 0.0, 0.0, 0.0, 0.0, 0.0, 0.0, 0.0, 0.0, 0.0, 0.0, 0.0, 0.0, 0.0, 0.0, 0.0, 0.0, 0.0, 0.0, 0.0, 0.0, 0.0, 0.0, 0.0, 0.0, 0.0, 0.0, 0.0, 0.0, 0.0, 0.0, 0.0, 0.0, 0.0, 0.0, 0.0, 0.0, 0.0, 0.0, 0.0]
Test Loss: [201.313, 164.521, 111.905, 81.029, 58.926, 47.936, 43.193, 28.48, 42.602, 35.448, 37.172, 36.462, 39.017, 39.123, 33.822, 33.689, 26.207, 24.486, 26.137, 31.951, 33.984, 31.947, 31.307, 30.998, 31.447, 31.169, 31.138, 31.417, 32.219, 33.717, 33.701, 33.121, 32.395, 32.092, 32.045, 31.907, 31.699, 31.563, 31.392, 31.216, 30.941, 30.917, 30.681, 30.578, 30.49, 30.183, 29.693, 29.268, 28.785, 28.427, 28.107, 27.681, 27.5, 27.207, 27.156, 27.067, 27.082, 27.329, 27.47, 27.396, 27.422, 27.356, 27.353, 27.344, 27.333, 27.283, 27.287, 27.286, 27.269, 27.284, 27.247, 27.258, 27.154, 27.109, 27.111, 27.097, 27.083, 27.057, 27.056, 27.044, 27.011, 27.004, 27.026, 27.03, 26.993, 26.982, 27.008, 27.001, 26.981, 26.975, 26.956, 26.969, 26.961, 26.961, 26.952, 26.952, 26.953, 26.934, 26.934, 26.934, 26.934, 26.934, 26.934, 26.934, 26.934, 26.934, 26.934, 26.934, 26.934, 26.934, 26.934, 26.934, 26.934, 26.934, 26.934, 26.934, 26.934, 26.934, 26.934, 26.934, 26.934, 26.934, 26.934, 26.934, 26.934, 26.934, 26.934, 26.934, 26.934, 26.934, 26.934, 26.934, 26.934, 26.934, 26.934, 26.934, 26.934, 26.934, 26.934, 26.934]
Max test score: 0.231 found at epoch: 37
Max test score shapes: 0.121 found at epoch: 53
