Active: BBoxFullloss True 1 linear 
Active: MinSizeBackgroundloss True 1 

Test Scores: [0.08, 0.17, 0.188, 0.252, 0.383, 0.465, 0.508, 0.515, 0.468, 0.465, 0.443, 0.484, 0.468, 0.526, 0.553, 0.543, 0.55, 0.567, 0.584, 0.547, 0.563, 0.554, 0.54, 0.502, 0.517, 0.566, 0.58, 0.58, 0.575, 0.546, 0.539, 0.527, 0.565, 0.525, 0.572, 0.561, 0.571, 0.59, 0.547, 0.556, 0.54, 0.533, 0.555, 0.554, 0.555, 0.566, 0.553, 0.537, 0.543, 0.526, 0.515, 0.544, 0.552, 0.533, 0.534, 0.511, 0.53, 0.526, 0.511, 0.531, 0.527, 0.521, 0.507, 0.523, 0.523, 0.526, 0.535, 0.536, 0.526, 0.533, 0.535, 0.531, 0.528, 0.536, 0.529, 0.538, 0.538, 0.538, 0.539, 0.54, 0.545, 0.542, 0.539, 0.548, 0.562, 0.549, 0.563, 0.549, 0.543, 0.561, 0.551, 0.561, 0.556, 0.554, 0.551, 0.56, 0.558, 0.555, 0.555, 0.567, 0.568, 0.56, 0.572, 0.573, 0.56, 0.556, 0.561, 0.567, 0.576, 0.556, 0.55, 0.567, 0.569, 0.572, 0.565, 0.569, 0.556, 0.563, 0.567, 0.56, 0.566, 0.568, 0.565, 0.566, 0.565, 0.554, 0.56, 0.557, 0.573, 0.563, 0.563, 0.566, 0.56, 0.553, 0.561, 0.567, 0.563, 0.569, 0.548, 0.563]
Test Scores w/o background: [0.032, 0.065, 0.073, 0.114, 0.201, 0.294, 0.357, 0.37, 0.306, 0.303, 0.274, 0.327, 0.306, 0.382, 0.418, 0.404, 0.413, 0.436, 0.459, 0.41, 0.431, 0.419, 0.4, 0.351, 0.371, 0.435, 0.454, 0.453, 0.447, 0.409, 0.4, 0.384, 0.433, 0.381, 0.442, 0.428, 0.441, 0.467, 0.41, 0.422, 0.401, 0.392, 0.421, 0.419, 0.421, 0.435, 0.417, 0.396, 0.404, 0.381, 0.367, 0.405, 0.416, 0.391, 0.392, 0.362, 0.387, 0.383, 0.362, 0.388, 0.383, 0.375, 0.357, 0.377, 0.378, 0.382, 0.394, 0.395, 0.381, 0.391, 0.394, 0.389, 0.384, 0.395, 0.386, 0.397, 0.398, 0.397, 0.399, 0.401, 0.407, 0.403, 0.398, 0.41, 0.429, 0.411, 0.431, 0.412, 0.404, 0.429, 0.415, 0.428, 0.421, 0.419, 0.414, 0.427, 0.424, 0.419, 0.421, 0.435, 0.437, 0.427, 0.443, 0.445, 0.426, 0.421, 0.428, 0.436, 0.447, 0.422, 0.414, 0.436, 0.438, 0.443, 0.433, 0.438, 0.422, 0.43, 0.436, 0.426, 0.435, 0.438, 0.434, 0.434, 0.433, 0.419, 0.426, 0.422, 0.444, 0.43, 0.43, 0.434, 0.426, 0.418, 0.428, 0.436, 0.431, 0.439, 0.41, 0.431]
Train Scores: [0.084, 0.182, 0.212, 0.272, 0.437, 0.567, 0.601, 0.582, 0.55, 0.547, 0.507, 0.549, 0.533, 0.588, 0.619, 0.586, 0.623, 0.611, 0.634, 0.607, 0.635, 0.632, 0.614, 0.583, 0.61, 0.632, 0.652, 0.639, 0.631, 0.606, 0.608, 0.594, 0.627, 0.607, 0.648, 0.634, 0.636, 0.654, 0.622, 0.626, 0.614, 0.615, 0.628, 0.631, 0.63, 0.641, 0.631, 0.623, 0.628, 0.614, 0.604, 0.617, 0.613, 0.606, 0.617, 0.595, 0.614, 0.611, 0.607, 0.62, 0.622, 0.611, 0.6, 0.614, 0.61, 0.615, 0.618, 0.617, 0.617, 0.626, 0.617, 0.622, 0.622, 0.624, 0.619, 0.634, 0.627, 0.634, 0.628, 0.632, 0.633, 0.63, 0.634, 0.642, 0.644, 0.639, 0.649, 0.641, 0.635, 0.639, 0.639, 0.646, 0.644, 0.647, 0.646, 0.641, 0.645, 0.642, 0.64, 0.647, 0.647, 0.64, 0.649, 0.652, 0.64, 0.638, 0.646, 0.646, 0.653, 0.641, 0.64, 0.652, 0.649, 0.647, 0.643, 0.648, 0.647, 0.648, 0.649, 0.649, 0.652, 0.646, 0.648, 0.651, 0.643, 0.637, 0.643, 0.644, 0.645, 0.652, 0.65, 0.652, 0.647, 0.639, 0.651, 0.652, 0.648, 0.649, 0.642, 0.646]
Train Scores w/o background: [0.035, 0.076, 0.101, 0.14, 0.274, 0.43, 0.481, 0.457, 0.414, 0.41, 0.358, 0.413, 0.391, 0.464, 0.504, 0.461, 0.509, 0.494, 0.524, 0.489, 0.525, 0.521, 0.497, 0.457, 0.494, 0.522, 0.548, 0.531, 0.52, 0.488, 0.49, 0.472, 0.515, 0.489, 0.542, 0.524, 0.527, 0.55, 0.508, 0.513, 0.498, 0.5, 0.516, 0.52, 0.519, 0.533, 0.52, 0.51, 0.516, 0.498, 0.485, 0.502, 0.497, 0.487, 0.502, 0.474, 0.499, 0.495, 0.489, 0.506, 0.508, 0.494, 0.479, 0.498, 0.492, 0.499, 0.504, 0.502, 0.502, 0.514, 0.503, 0.509, 0.509, 0.512, 0.504, 0.525, 0.515, 0.524, 0.517, 0.522, 0.523, 0.519, 0.525, 0.535, 0.537, 0.531, 0.544, 0.533, 0.526, 0.531, 0.532, 0.541, 0.537, 0.541, 0.54, 0.533, 0.54, 0.534, 0.532, 0.542, 0.542, 0.532, 0.544, 0.548, 0.532, 0.53, 0.54, 0.54, 0.55, 0.533, 0.532, 0.548, 0.544, 0.541, 0.536, 0.543, 0.542, 0.543, 0.544, 0.544, 0.548, 0.54, 0.543, 0.547, 0.537, 0.529, 0.537, 0.538, 0.539, 0.548, 0.546, 0.548, 0.541, 0.531, 0.546, 0.548, 0.543, 0.544, 0.535, 0.54]
Train Loss: [247.67, 184.851, 105.644, 57.485, 38.337, 28.711, 21.325, 16.682, 12.726, 8.641, 4.804, 1.359, 0.097, 0.008, 0.005, 0.012, 0.275, 0.39, 0.458, 0.001, 0.001, 0.001, 0.002, 0.042, 0.093, 0.048, 0.025, 0.0, 0.157, 0.418, 0.418, 0.418, 0.418, 0.418, 0.418, 0.418, 0.418, 0.418, 0.418, 0.418, 0.418, 0.418, 0.385, 0.306, 0.017, 0.006, 0.0, 0.0, 0.0, 0.0, 0.0, 0.0, 0.0, 0.0, 0.0, 0.0, 0.0, 0.0, 0.0, 0.0, 0.0, 0.0, 0.0, 0.0, 0.0, 0.0, 0.0, 0.0, 0.0, 0.0, 0.0, 0.0, 0.0, 0.0, 0.0, 0.0, 0.0, 0.0, 0.0, 0.0, 0.0, 0.0, 0.0, 0.0, 0.0, 0.0, 0.0, 0.0, 0.0, 0.0, 0.0, 0.0, 0.0, 0.0, 0.0, 0.0, 0.0, 0.0, 0.0, 0.0, 0.0, 0.0, 0.0, 0.0, 0.0, 0.0, 0.0, 0.0, 0.0, 0.0, 0.0, 0.0, 0.0, 0.0, 0.0, 0.0, 0.0, 0.0, 0.0, 0.0, 0.0, 0.0, 0.0, 0.0, 0.0, 0.0, 0.0, 0.0, 0.0, 0.0, 0.0, 0.0, 0.0, 0.0, 0.0, 0.0, 0.0, 0.0, 0.0, 0.0]
Test Loss: [251.578, 212.907, 155.603, 110.946, 85.889, 66.687, 52.713, 42.757, 33.447, 38.125, 22.58, 25.356, 17.099, 12.926, 11.782, 10.441, 15.013, 16.102, 16.759, 14.873, 13.587, 13.765, 14.669, 16.954, 26.929, 17.134, 7.25, 5.182, 5.131, 7.997, 7.809, 8.375, 10.024, 11.107, 11.852, 10.975, 10.191, 9.477, 9.915, 10.489, 11.149, 10.856, 10.693, 9.204, 9.5, 10.429, 11.527, 11.869, 12.576, 13.844, 14.432, 14.233, 13.86, 13.738, 13.823, 14.324, 14.11, 13.655, 13.623, 13.367, 13.407, 13.341, 13.187, 13.168, 13.362, 13.346, 13.42, 13.606, 13.644, 13.912, 14.374, 14.547, 14.539, 14.481, 14.46, 14.579, 14.706, 14.915, 15.152, 15.288, 15.434, 15.284, 15.08, 14.728, 14.495, 14.295, 14.174, 13.966, 13.834, 13.75, 13.576, 13.497, 13.335, 13.232, 13.153, 13.153, 12.984, 12.833, 12.871, 12.705, 12.762, 12.714, 12.58, 12.524, 12.536, 12.511, 12.526, 12.456, 12.491, 12.454, 12.435, 12.38, 12.364, 12.337, 12.289, 12.301, 12.231, 12.199, 12.196, 12.191, 12.193, 12.192, 12.194, 12.203, 12.205, 12.217, 12.233, 12.247, 12.262, 12.265, 12.274, 12.274, 12.288, 12.29, 12.29, 12.29, 12.29, 12.29, 12.29, 12.29]
Max test score: 0.59 found at epoch: 38
Max test score shapes: 0.467 found at epoch: 38
