Active: BBoxFullloss True 1 linear 
Active: OneHotloss True 10 
Active: MinSizeBackgroundloss True 1 
Active: MaxSizeShapesloss True 1 

Test Scores: [0.109, 0.185, 0.202, 0.286, 0.384, 0.42, 0.508, 0.531, 0.521, 0.494, 0.465, 0.563, 0.48, 0.41, 0.381, 0.35, 0.368, 0.343, 0.328, 0.312, 0.32, 0.327, 0.322, 0.321, 0.309, 0.316, 0.339, 0.335, 0.335, 0.35, 0.341, 0.368, 0.376, 0.391, 0.402, 0.376, 0.393, 0.397, 0.395, 0.379, 0.415, 0.366, 0.362, 0.371, 0.387, 0.414, 0.412, 0.431, 0.433, 0.429, 0.405, 0.424, 0.424, 0.388, 0.379, 0.394, 0.437, 0.458, 0.457, 0.48, 0.45, 0.457, 0.453, 0.454, 0.434, 0.433, 0.415, 0.417, 0.451, 0.437, 0.459, 0.469, 0.445, 0.44, 0.417, 0.455, 0.418, 0.391, 0.387, 0.412, 0.403, 0.405, 0.361, 0.408, 0.383, 0.436, 0.464, 0.443, 0.469, 0.484, 0.46, 0.469, 0.488, 0.48, 0.461, 0.479, 0.44, 0.47, 0.476, 0.484, 0.463, 0.453, 0.479, 0.469, 0.495, 0.498, 0.503, 0.531, 0.497, 0.467, 0.489, 0.507, 0.553, 0.541, 0.562, 0.536, 0.486, 0.458, 0.44, 0.46, 0.458, 0.481, 0.476, 0.477, 0.469, 0.487, 0.47, 0.487, 0.479, 0.471, 0.483, 0.469, 0.496, 0.466, 0.462, 0.486, 0.476, 0.477, 0.446, 0.457]
Test Scores w/o background: [0.037, 0.067, 0.075, 0.121, 0.201, 0.24, 0.355, 0.386, 0.375, 0.341, 0.303, 0.423, 0.33, 0.259, 0.232, 0.192, 0.221, 0.198, 0.179, 0.165, 0.171, 0.181, 0.172, 0.171, 0.154, 0.162, 0.187, 0.188, 0.192, 0.199, 0.198, 0.224, 0.231, 0.242, 0.259, 0.222, 0.242, 0.253, 0.244, 0.219, 0.272, 0.22, 0.218, 0.224, 0.241, 0.271, 0.266, 0.29, 0.301, 0.29, 0.261, 0.279, 0.273, 0.234, 0.227, 0.249, 0.292, 0.311, 0.311, 0.339, 0.308, 0.311, 0.305, 0.314, 0.289, 0.289, 0.279, 0.282, 0.311, 0.289, 0.31, 0.332, 0.303, 0.293, 0.265, 0.317, 0.286, 0.254, 0.248, 0.284, 0.257, 0.25, 0.205, 0.263, 0.232, 0.296, 0.336, 0.302, 0.328, 0.347, 0.319, 0.334, 0.361, 0.353, 0.334, 0.359, 0.317, 0.341, 0.339, 0.348, 0.326, 0.315, 0.341, 0.335, 0.354, 0.365, 0.375, 0.406, 0.376, 0.343, 0.361, 0.388, 0.444, 0.433, 0.448, 0.422, 0.364, 0.334, 0.315, 0.335, 0.334, 0.359, 0.358, 0.356, 0.35, 0.365, 0.35, 0.364, 0.36, 0.349, 0.366, 0.35, 0.375, 0.343, 0.344, 0.366, 0.358, 0.359, 0.329, 0.341]
Train Scores: [0.115, 0.196, 0.22, 0.313, 0.444, 0.516, 0.596, 0.612, 0.615, 0.559, 0.547, 0.684, 0.525, 0.438, 0.419, 0.402, 0.391, 0.364, 0.343, 0.341, 0.34, 0.343, 0.34, 0.338, 0.327, 0.336, 0.358, 0.351, 0.348, 0.371, 0.364, 0.385, 0.402, 0.422, 0.422, 0.396, 0.42, 0.424, 0.412, 0.402, 0.44, 0.393, 0.387, 0.4, 0.411, 0.434, 0.434, 0.441, 0.451, 0.449, 0.427, 0.451, 0.459, 0.416, 0.41, 0.425, 0.466, 0.494, 0.487, 0.502, 0.456, 0.474, 0.464, 0.465, 0.445, 0.443, 0.44, 0.425, 0.472, 0.461, 0.487, 0.482, 0.477, 0.468, 0.448, 0.473, 0.443, 0.407, 0.41, 0.434, 0.437, 0.43, 0.396, 0.429, 0.41, 0.457, 0.478, 0.472, 0.491, 0.498, 0.469, 0.481, 0.496, 0.477, 0.465, 0.477, 0.443, 0.477, 0.5, 0.503, 0.484, 0.474, 0.506, 0.494, 0.514, 0.536, 0.549, 0.567, 0.533, 0.509, 0.519, 0.534, 0.565, 0.574, 0.59, 0.553, 0.504, 0.465, 0.45, 0.472, 0.467, 0.482, 0.482, 0.488, 0.482, 0.5, 0.484, 0.501, 0.493, 0.489, 0.497, 0.488, 0.514, 0.488, 0.482, 0.508, 0.496, 0.496, 0.469, 0.476]
Train Scores w/o background: [0.041, 0.078, 0.097, 0.157, 0.281, 0.368, 0.472, 0.493, 0.5, 0.427, 0.411, 0.584, 0.391, 0.297, 0.282, 0.261, 0.251, 0.226, 0.198, 0.204, 0.198, 0.203, 0.195, 0.193, 0.178, 0.188, 0.213, 0.21, 0.209, 0.227, 0.228, 0.247, 0.265, 0.282, 0.285, 0.251, 0.279, 0.288, 0.268, 0.249, 0.304, 0.256, 0.251, 0.263, 0.271, 0.296, 0.294, 0.303, 0.325, 0.317, 0.291, 0.315, 0.318, 0.27, 0.267, 0.286, 0.328, 0.357, 0.35, 0.368, 0.314, 0.333, 0.32, 0.329, 0.304, 0.303, 0.312, 0.293, 0.34, 0.319, 0.346, 0.348, 0.343, 0.329, 0.304, 0.339, 0.314, 0.271, 0.273, 0.308, 0.298, 0.28, 0.249, 0.289, 0.267, 0.325, 0.353, 0.337, 0.355, 0.366, 0.331, 0.351, 0.372, 0.348, 0.336, 0.352, 0.318, 0.348, 0.368, 0.372, 0.351, 0.341, 0.376, 0.366, 0.378, 0.412, 0.433, 0.451, 0.419, 0.396, 0.398, 0.421, 0.458, 0.474, 0.483, 0.441, 0.387, 0.34, 0.327, 0.349, 0.344, 0.358, 0.362, 0.368, 0.364, 0.379, 0.365, 0.381, 0.375, 0.37, 0.382, 0.372, 0.396, 0.369, 0.368, 0.392, 0.38, 0.381, 0.356, 0.362]
Train Loss: [289.705, 222.269, 137.716, 80.978, 53.361, 37.801, 28.181, 20.662, 16.599, 11.809, 7.765, 4.581, 5.027, 4.273, 3.926, 6.901, 2.78, 2.167, 1.253, 1.008, 1.581, 1.114, 0.934, 1.735, 0.611, 0.534, 0.728, 4.349, 1.69, 1.125, 3.732, 3.474, 4.097, 4.264, 2.034, 3.467, 2.335, 2.735, 3.112, 3.779, 3.038, 1.744, 3.072, 4.989, 3.118, 2.961, 3.406, 3.522, 2.346, 4.058, 3.722, 4.117, 4.19, 5.891, 4.093, 2.643, 4.375, 8.531, 7.75, 5.779, 5.721, 6.488, 6.248, 6.178, 12.929, 14.195, 10.513, 8.206, 4.676, 9.168, 12.425, 9.512, 4.974, 3.43, 5.961, 4.986, 3.617, 6.355, 5.051, 4.286, 2.696, 4.876, 8.722, 8.016, 4.171, 2.516, 1.269, 6.027, 4.905, 3.165, 4.462, 4.76, 2.37, 1.209, 5.259, 6.026, 5.597, 3.389, 3.041, 2.67, 2.369, 5.745, 2.146, 3.518, 2.64, 4.158, 3.261, 1.408, 0.818, 1.957, 1.292, 0.902, 0.502, 0.555, 1.195, 1.251, 3.415, 3.077, 6.544, 6.381, 0.699, 0.139, 0.245, 0.099, 0.026, 0.023, 0.019, 0.025, 0.034, 0.038, 0.069, 0.038, 0.029, 0.029, 0.076, 0.276, 0.485, 0.528, 0.193, 0.054]
Test Loss: [293.918, 251.083, 183.289, 136.984, 109.639, 78.89, 78.855, 47.867, 37.779, 27.549, 32.976, 27.344, 35.338, 28.085, 34.202, 33.451, 23.708, 26.781, 30.969, 27.253, 30.752, 21.799, 25.155, 17.97, 27.016, 25.68, 26.419, 27.517, 27.39, 24.855, 26.837, 33.14, 28.919, 24.125, 32.744, 22.525, 32.092, 34.061, 30.498, 28.788, 25.573, 24.512, 29.082, 24.502, 34.281, 31.986, 18.173, 26.473, 21.293, 36.889, 29.702, 25.581, 22.337, 27.301, 25.098, 17.391, 21.542, 28.551, 24.799, 20.409, 21.491, 18.778, 19.986, 19.516, 16.711, 22.274, 28.648, 22.431, 17.286, 21.47, 30.393, 22.785, 19.265, 23.107, 17.694, 15.435, 18.909, 17.816, 8.046, 11.436, 17.056, 23.413, 27.801, 28.851, 25.669, 20.51, 12.352, 20.076, 25.662, 22.828, 25.563, 21.415, 14.204, 11.763, 15.609, 13.477, 15.701, 12.243, 16.229, 24.18, 12.437, 16.819, 6.888, 17.611, 9.729, 11.603, 18.45, 13.896, 14.13, 21.186, 24.537, 15.074, 10.013, 10.772, 16.668, 17.726, 18.307, 14.28, 14.395, 16.743, 7.343, 7.076, 6.926, 6.281, 5.419, 4.537, 4.326, 3.284, 3.612, 3.583, 4.129, 4.485, 3.843, 4.654, 5.377, 6.638, 8.14, 8.489, 8.564, 7.96]
Max test score: 0.563 found at epoch: 12
Max test score shapes: 0.448 found at epoch: 115
