Active: BBoxFullloss True 1 linear 
Active: MinSizeBackgroundloss True 1 
Active: MaxSizeShapesloss True 1 

Test Scores: [0.109, 0.186, 0.199, 0.291, 0.403, 0.45, 0.499, 0.524, 0.484, 0.461, 0.456, 0.498, 0.554, 0.529, 0.573, 0.52, 0.553, 0.576, 0.559, 0.568, 0.559, 0.577, 0.554, 0.587, 0.572, 0.547, 0.553, 0.565, 0.566, 0.565, 0.547, 0.562, 0.584, 0.568, 0.582, 0.588, 0.582, 0.588, 0.581, 0.576, 0.574, 0.573, 0.575, 0.58, 0.583, 0.579, 0.576, 0.57, 0.57, 0.568, 0.562, 0.573, 0.571, 0.569, 0.569, 0.555, 0.569, 0.573, 0.567, 0.576, 0.577, 0.573, 0.559, 0.564, 0.557, 0.568, 0.571, 0.573, 0.568, 0.563, 0.555, 0.561, 0.559, 0.557, 0.538, 0.558, 0.559, 0.566, 0.56, 0.555, 0.564, 0.558, 0.564, 0.57, 0.578, 0.563, 0.574, 0.567, 0.557, 0.557, 0.557, 0.565, 0.559, 0.566, 0.568, 0.56, 0.563, 0.559, 0.547, 0.558, 0.57, 0.555, 0.573, 0.569, 0.553, 0.545, 0.567, 0.555, 0.569, 0.552, 0.548, 0.562, 0.565, 0.555, 0.557, 0.57, 0.559, 0.56, 0.566, 0.565, 0.565, 0.564, 0.558, 0.557, 0.557, 0.549, 0.552, 0.548, 0.567, 0.564, 0.562, 0.565, 0.554, 0.55, 0.562, 0.57, 0.566, 0.567, 0.559, 0.56]
Test Scores w/o background: [0.038, 0.068, 0.069, 0.126, 0.223, 0.274, 0.345, 0.38, 0.327, 0.297, 0.292, 0.346, 0.419, 0.386, 0.443, 0.373, 0.416, 0.448, 0.426, 0.437, 0.425, 0.45, 0.419, 0.463, 0.444, 0.411, 0.419, 0.433, 0.435, 0.433, 0.41, 0.43, 0.46, 0.438, 0.457, 0.464, 0.456, 0.464, 0.456, 0.448, 0.446, 0.445, 0.448, 0.454, 0.457, 0.452, 0.448, 0.44, 0.441, 0.438, 0.429, 0.445, 0.442, 0.439, 0.439, 0.42, 0.44, 0.444, 0.436, 0.448, 0.449, 0.445, 0.425, 0.432, 0.423, 0.437, 0.442, 0.445, 0.437, 0.431, 0.421, 0.429, 0.426, 0.424, 0.399, 0.425, 0.426, 0.435, 0.427, 0.42, 0.432, 0.424, 0.433, 0.44, 0.451, 0.431, 0.446, 0.437, 0.423, 0.423, 0.423, 0.434, 0.425, 0.435, 0.438, 0.427, 0.432, 0.426, 0.411, 0.425, 0.441, 0.421, 0.444, 0.439, 0.418, 0.407, 0.437, 0.42, 0.439, 0.417, 0.411, 0.43, 0.434, 0.421, 0.423, 0.441, 0.426, 0.427, 0.435, 0.434, 0.434, 0.433, 0.425, 0.424, 0.423, 0.413, 0.416, 0.412, 0.436, 0.433, 0.43, 0.433, 0.42, 0.414, 0.429, 0.441, 0.435, 0.437, 0.426, 0.427]
Train Scores: [0.114, 0.195, 0.221, 0.319, 0.466, 0.553, 0.599, 0.598, 0.566, 0.537, 0.525, 0.585, 0.617, 0.615, 0.652, 0.616, 0.618, 0.628, 0.625, 0.632, 0.628, 0.636, 0.626, 0.644, 0.64, 0.622, 0.625, 0.631, 0.635, 0.626, 0.616, 0.618, 0.629, 0.618, 0.634, 0.638, 0.63, 0.641, 0.636, 0.63, 0.633, 0.631, 0.633, 0.639, 0.638, 0.638, 0.633, 0.633, 0.633, 0.631, 0.623, 0.631, 0.626, 0.631, 0.635, 0.618, 0.633, 0.633, 0.635, 0.634, 0.637, 0.632, 0.621, 0.629, 0.619, 0.626, 0.629, 0.629, 0.63, 0.624, 0.616, 0.624, 0.627, 0.62, 0.609, 0.626, 0.618, 0.631, 0.626, 0.62, 0.627, 0.621, 0.631, 0.64, 0.632, 0.629, 0.633, 0.629, 0.62, 0.624, 0.622, 0.626, 0.626, 0.632, 0.636, 0.622, 0.627, 0.623, 0.612, 0.623, 0.627, 0.623, 0.635, 0.628, 0.618, 0.611, 0.63, 0.621, 0.631, 0.617, 0.619, 0.631, 0.628, 0.622, 0.623, 0.632, 0.624, 0.623, 0.629, 0.626, 0.634, 0.629, 0.62, 0.627, 0.623, 0.612, 0.619, 0.617, 0.628, 0.626, 0.629, 0.631, 0.623, 0.621, 0.628, 0.632, 0.629, 0.631, 0.629, 0.623]
Train Scores w/o background: [0.041, 0.078, 0.095, 0.162, 0.306, 0.412, 0.477, 0.477, 0.435, 0.398, 0.382, 0.46, 0.501, 0.499, 0.547, 0.5, 0.502, 0.517, 0.512, 0.521, 0.516, 0.527, 0.514, 0.538, 0.533, 0.509, 0.513, 0.521, 0.526, 0.514, 0.501, 0.503, 0.518, 0.504, 0.525, 0.53, 0.519, 0.534, 0.527, 0.519, 0.523, 0.521, 0.523, 0.531, 0.529, 0.53, 0.524, 0.523, 0.523, 0.52, 0.51, 0.521, 0.514, 0.521, 0.526, 0.504, 0.523, 0.523, 0.525, 0.525, 0.528, 0.521, 0.507, 0.517, 0.505, 0.513, 0.518, 0.518, 0.52, 0.512, 0.5, 0.512, 0.516, 0.506, 0.492, 0.515, 0.503, 0.52, 0.514, 0.506, 0.516, 0.507, 0.52, 0.532, 0.522, 0.518, 0.523, 0.519, 0.506, 0.511, 0.508, 0.513, 0.514, 0.522, 0.527, 0.509, 0.516, 0.51, 0.496, 0.511, 0.515, 0.51, 0.526, 0.517, 0.504, 0.494, 0.519, 0.507, 0.521, 0.502, 0.506, 0.521, 0.516, 0.508, 0.51, 0.521, 0.511, 0.51, 0.518, 0.514, 0.525, 0.518, 0.507, 0.515, 0.51, 0.496, 0.505, 0.502, 0.517, 0.513, 0.518, 0.521, 0.509, 0.507, 0.517, 0.522, 0.518, 0.52, 0.518, 0.511]
Train Loss: [282.166, 214.488, 129.535, 74.833, 48.806, 33.594, 23.51, 16.554, 11.817, 6.959, 3.118, 0.387, 0.049, 0.09, 0.013, 0.096, 0.088, 0.381, 0.026, 0.609, 0.002, 0.118, 0.264, 0.296, 0.029, 0.001, 0.0, 0.0, 0.0, 0.0, 0.0, 0.0, 0.0, 0.0, 0.0, 0.0, 0.0, 0.0, 0.0, 0.0, 0.0, 0.0, 0.0, 0.0, 0.0, 0.0, 0.0, 0.0, 0.0, 0.0, 0.0, 0.0, 0.0, 0.0, 0.0, 0.0, 0.0, 0.0, 0.0, 0.0, 0.0, 0.0, 0.0, 0.0, 0.0, 0.0, 0.0, 0.0, 0.0, 0.0, 0.0, 0.0, 0.0, 0.0, 0.0, 0.0, 0.0, 0.0, 0.0, 0.0, 0.0, 0.0, 0.0, 0.0, 0.0, 0.0, 0.0, 0.0, 0.0, 0.0, 0.0, 0.0, 0.0, 0.0, 0.0, 0.0, 0.0, 0.0, 0.0, 0.0, 0.0, 0.0, 0.0, 0.0, 0.0, 0.0, 0.0, 0.0, 0.0, 0.0, 0.0, 0.0, 0.0, 0.0, 0.0, 0.0, 0.0, 0.0, 0.0, 0.0, 0.0, 0.0, 0.0, 0.0, 0.0, 0.0, 0.0, 0.0, 0.0, 0.0, 0.0, 0.0, 0.0, 0.0, 0.0, 0.0, 0.0, 0.0, 0.0, 0.0]
Test Loss: [286.266, 243.155, 179.468, 130.769, 101.648, 79.827, 60.963, 47.448, 30.487, 30.393, 22.873, 22.298, 14.756, 9.091, 13.801, 16.302, 17.224, 18.803, 9.538, 15.409, 9.76, 16.062, 11.025, 15.904, 5.79, 9.479, 6.54, 9.17, 10.547, 9.957, 11.457, 11.482, 11.011, 13.607, 12.979, 11.687, 12.728, 13.753, 14.367, 14.499, 14.52, 14.735, 14.898, 14.937, 15.096, 15.272, 15.23, 15.394, 15.363, 15.35, 15.204, 15.207, 14.878, 14.629, 14.263, 14.053, 13.855, 13.626, 13.503, 13.39, 13.265, 13.214, 13.197, 13.286, 13.639, 13.771, 13.928, 14.205, 14.301, 14.471, 14.632, 14.645, 14.742, 14.775, 14.876, 14.937, 14.969, 15.002, 15.041, 15.059, 15.078, 15.087, 15.14, 15.162, 15.184, 15.167, 15.229, 15.258, 15.272, 15.324, 15.339, 15.35, 15.404, 15.41, 15.452, 15.494, 15.502, 15.531, 15.553, 15.566, 15.579, 15.616, 15.663, 15.682, 15.696, 15.744, 15.79, 15.813, 15.903, 15.905, 15.925, 15.995, 16.021, 16.059, 16.085, 16.101, 16.127, 16.181, 16.221, 16.234, 16.236, 16.228, 16.228, 16.229, 16.233, 16.232, 16.241, 16.246, 16.249, 16.259, 16.242, 16.254, 16.25, 16.253, 16.257, 16.257, 16.257, 16.257, 16.257, 16.257]
Max test score: 0.588 found at epoch: 38
Max test score shapes: 0.464 found at epoch: 38
