seed 333
FullySupervisedPercentage: 0
logic loss multiplier: 0.01
Active:  BBox loss [True, False, 1] [True, 0.2] [False, 1] linear True True 

Test Scores: [0.169, 0.146, 0.152, 0.231, 0.35, 0.362, 0.389, 0.403, 0.428, 0.456, 0.46, 0.488, 0.537, 0.607, 0.65, 0.667, 0.678, 0.627, 0.727, 0.747, 0.714, 0.74, 0.713, 0.723, 0.652, 0.701, 0.728, 0.716, 0.725, 0.673, 0.674, 0.684, 0.67, 0.678, 0.581, 0.579, 0.641, 0.622, 0.678, 0.583, 0.597, 0.556, 0.556, 0.562, 0.576, 0.566, 0.579, 0.549, 0.56, 0.565, 0.552, 0.593, 0.549, 0.52, 0.569, 0.589, 0.573, 0.576, 0.573, 0.514, 0.551, 0.574, 0.605, 0.523, 0.545, 0.501, 0.531, 0.55, 0.552, 0.539, 0.551, 0.571, 0.561, 0.567, 0.537, 0.502, 0.504, 0.555, 0.494, 0.47, 0.51, 0.522, 0.526, 0.531, 0.496, 0.561, 0.522, 0.522, 0.488, 0.48, 0.541, 0.554, 0.525, 0.51, 0.544, 0.506, 0.51, 0.485, 0.514, 0.517, 0.527, 0.545, 0.499, 0.514, 0.485, 0.477, 0.514, 0.523, 0.471, 0.471, 0.483, 0.525, 0.487, 0.506, 0.51, 0.503, 0.545, 0.471, 0.485, 0.503, 0.491, 0.495, 0.477, 0.498, 0.497, 0.517, 0.493, 0.505, 0.512, 0.495, 0.484, 0.505, 0.458, 0.493, 0.499, 0.497, 0.498, 0.472, 0.457, 0.502, 0.479, 0.466, 0.498, 0.49, 0.425, 0.486, 0.524, 0.495, 0.471, 0.479, 0.453, 0.47, 0.468, 0.495, 0.475, 0.447, 0.469, 0.471, 0.473, 0.473, 0.49, 0.465, 0.466, 0.447, 0.469, 0.428, 0.441, 0.489, 0.491, 0.44, 0.43, 0.5, 0.456, 0.476, 0.454, 0.45, 0.451, 0.448, 0.472, 0.445, 0.44, 0.445, 0.492, 0.438, 0.453, 0.492, 0.481, 0.467, 0.459, 0.444, 0.455, 0.458, 0.462, 0.437, 0.449, 0.461, 0.452, 0.44, 0.437, 0.457]
Test Scores w/o background: [0.056, 0.028, 0.035, 0.107, 0.146, 0.16, 0.194, 0.213, 0.246, 0.284, 0.289, 0.327, 0.389, 0.481, 0.537, 0.559, 0.574, 0.506, 0.639, 0.666, 0.622, 0.657, 0.62, 0.633, 0.539, 0.605, 0.642, 0.626, 0.641, 0.572, 0.571, 0.587, 0.569, 0.581, 0.454, 0.451, 0.532, 0.507, 0.58, 0.458, 0.476, 0.422, 0.423, 0.43, 0.448, 0.435, 0.453, 0.413, 0.428, 0.435, 0.418, 0.47, 0.414, 0.375, 0.44, 0.467, 0.446, 0.45, 0.446, 0.368, 0.417, 0.447, 0.487, 0.381, 0.409, 0.351, 0.391, 0.415, 0.416, 0.401, 0.417, 0.443, 0.43, 0.438, 0.4, 0.352, 0.355, 0.422, 0.343, 0.311, 0.364, 0.379, 0.385, 0.39, 0.343, 0.43, 0.378, 0.379, 0.335, 0.325, 0.404, 0.42, 0.383, 0.364, 0.408, 0.357, 0.363, 0.331, 0.369, 0.374, 0.386, 0.41, 0.349, 0.368, 0.33, 0.321, 0.37, 0.381, 0.312, 0.313, 0.328, 0.383, 0.334, 0.358, 0.364, 0.355, 0.41, 0.313, 0.332, 0.355, 0.34, 0.345, 0.32, 0.348, 0.347, 0.373, 0.342, 0.357, 0.367, 0.344, 0.331, 0.357, 0.296, 0.341, 0.349, 0.347, 0.348, 0.315, 0.296, 0.354, 0.324, 0.307, 0.348, 0.337, 0.253, 0.333, 0.382, 0.344, 0.313, 0.323, 0.29, 0.311, 0.31, 0.344, 0.318, 0.282, 0.312, 0.312, 0.315, 0.316, 0.338, 0.305, 0.306, 0.282, 0.311, 0.256, 0.274, 0.337, 0.338, 0.273, 0.259, 0.351, 0.294, 0.319, 0.291, 0.286, 0.287, 0.283, 0.314, 0.279, 0.272, 0.279, 0.341, 0.27, 0.29, 0.34, 0.327, 0.308, 0.297, 0.278, 0.293, 0.296, 0.301, 0.269, 0.284, 0.301, 0.288, 0.273, 0.269, 0.295]
Train Scores: [0.175, 0.153, 0.157, 0.249, 0.374, 0.387, 0.42, 0.435, 0.478, 0.507, 0.521, 0.544, 0.622, 0.701, 0.755, 0.767, 0.745, 0.782, 0.802, 0.834, 0.833, 0.85, 0.833, 0.839, 0.786, 0.822, 0.798, 0.809, 0.786, 0.77, 0.804, 0.774, 0.772, 0.776, 0.727, 0.706, 0.741, 0.73, 0.77, 0.675, 0.686, 0.665, 0.636, 0.661, 0.683, 0.667, 0.669, 0.63, 0.658, 0.652, 0.618, 0.663, 0.624, 0.613, 0.637, 0.659, 0.655, 0.658, 0.655, 0.594, 0.625, 0.622, 0.665, 0.594, 0.62, 0.605, 0.591, 0.637, 0.644, 0.614, 0.625, 0.632, 0.617, 0.627, 0.586, 0.588, 0.602, 0.633, 0.564, 0.536, 0.577, 0.584, 0.578, 0.597, 0.564, 0.617, 0.61, 0.589, 0.562, 0.562, 0.611, 0.607, 0.598, 0.578, 0.593, 0.555, 0.569, 0.57, 0.577, 0.581, 0.599, 0.595, 0.551, 0.574, 0.557, 0.543, 0.562, 0.591, 0.54, 0.534, 0.551, 0.595, 0.548, 0.566, 0.558, 0.566, 0.594, 0.538, 0.536, 0.56, 0.546, 0.551, 0.532, 0.544, 0.553, 0.574, 0.548, 0.555, 0.565, 0.558, 0.539, 0.564, 0.515, 0.545, 0.541, 0.538, 0.54, 0.532, 0.508, 0.555, 0.529, 0.524, 0.547, 0.545, 0.492, 0.539, 0.58, 0.55, 0.528, 0.545, 0.519, 0.513, 0.507, 0.55, 0.53, 0.504, 0.51, 0.531, 0.526, 0.518, 0.543, 0.507, 0.529, 0.5, 0.514, 0.497, 0.495, 0.537, 0.549, 0.494, 0.505, 0.54, 0.512, 0.525, 0.512, 0.498, 0.524, 0.495, 0.523, 0.502, 0.489, 0.508, 0.538, 0.49, 0.508, 0.537, 0.517, 0.513, 0.516, 0.491, 0.502, 0.513, 0.513, 0.483, 0.5, 0.505, 0.511, 0.494, 0.487, 0.51]
Train Scores w/o background: [0.063, 0.035, 0.038, 0.127, 0.177, 0.193, 0.236, 0.255, 0.313, 0.352, 0.37, 0.402, 0.502, 0.606, 0.677, 0.693, 0.663, 0.712, 0.739, 0.782, 0.78, 0.803, 0.78, 0.789, 0.719, 0.767, 0.736, 0.751, 0.721, 0.701, 0.743, 0.706, 0.703, 0.709, 0.646, 0.618, 0.664, 0.65, 0.702, 0.58, 0.594, 0.565, 0.528, 0.561, 0.59, 0.568, 0.572, 0.52, 0.557, 0.549, 0.505, 0.563, 0.513, 0.498, 0.529, 0.558, 0.553, 0.556, 0.554, 0.474, 0.513, 0.511, 0.567, 0.473, 0.507, 0.487, 0.469, 0.53, 0.538, 0.5, 0.514, 0.524, 0.503, 0.517, 0.464, 0.466, 0.483, 0.525, 0.434, 0.398, 0.451, 0.461, 0.453, 0.478, 0.434, 0.503, 0.493, 0.467, 0.432, 0.432, 0.496, 0.491, 0.479, 0.453, 0.473, 0.423, 0.441, 0.441, 0.451, 0.456, 0.48, 0.475, 0.418, 0.447, 0.424, 0.407, 0.432, 0.469, 0.403, 0.395, 0.417, 0.475, 0.413, 0.437, 0.427, 0.437, 0.474, 0.4, 0.398, 0.429, 0.41, 0.417, 0.393, 0.409, 0.42, 0.447, 0.413, 0.423, 0.437, 0.426, 0.403, 0.435, 0.37, 0.409, 0.405, 0.4, 0.403, 0.393, 0.361, 0.423, 0.388, 0.382, 0.412, 0.409, 0.34, 0.402, 0.455, 0.417, 0.388, 0.409, 0.376, 0.367, 0.361, 0.416, 0.389, 0.356, 0.364, 0.391, 0.385, 0.374, 0.407, 0.36, 0.389, 0.351, 0.369, 0.347, 0.344, 0.399, 0.415, 0.343, 0.357, 0.403, 0.367, 0.384, 0.366, 0.348, 0.383, 0.344, 0.381, 0.353, 0.337, 0.362, 0.401, 0.337, 0.361, 0.399, 0.373, 0.368, 0.372, 0.339, 0.353, 0.368, 0.367, 0.328, 0.35, 0.357, 0.366, 0.343, 0.334, 0.364]
Train Loss: [0.513, 0.356, 0.281, 0.238, 0.209, 0.186, 0.166, 0.146, 0.128, 0.112, 0.097, 0.083, 0.07, 0.058, 0.046, 0.036, 0.029, 0.023, 0.018, 0.014, 0.012, 0.009, 0.008, 0.006, 0.005, 0.004, 0.004, 0.004, 0.003, 0.002, 0.003, 0.002, 0.003, 0.002, 0.002, 0.002, 0.001, 0.001, 0.001, 0.001, 0.001, 0.001, 0.001, 0.001, 0.001, 0.001, 0.001, 0.001, 0.001, 0.001, 0.001, 0.001, 0.001, 0.001, 0.001, 0.001, 0.001, 0.001, 0.001, 0.001, 0.001, 0.001, 0.001, 0.001, 0.001, 0.001, 0.001, 0.001, 0.001, 0.001, 0.0, 0.001, 0.0, 0.001, 0.001, 0.001, 0.0, 0.001, 0.0, 0.001, 0.001, 0.001, 0.001, 0.001, 0.001, 0.001, 0.001, 0.001, 0.001, 0.0, 0.001, 0.001, 0.001, 0.001, 0.001, 0.0, 0.0, 0.0, 0.0, 0.0, 0.001, 0.0, 0.0, 0.0, 0.001, 0.001, 0.001, 0.0, 0.0, 0.001, 0.0, 0.0, 0.0, 0.001, 0.0, 0.0, 0.0, 0.001, 0.0, 0.0, 0.0, 0.001, 0.0, 0.0, 0.0, 0.001, 0.0, 0.0, 0.0, 0.0, 0.0, 0.0, 0.0, 0.001, 0.001, 0.0, 0.0, 0.0, 0.0, 0.0, 0.0, 0.001, 0.0, 0.0, 0.0, 0.0, 0.001, 0.0, 0.0, 0.001, 0.0, 0.0, 0.0, 0.0, 0.0, 0.0, 0.0, 0.0, 0.0, 0.0, 0.001, 0.001, 0.001, 0.0, 0.001, 0.001, 0.0, 0.0, 0.001, 0.0, 0.0, 0.0, 0.0, 0.001, 0.0, 0.0, 0.0, 0.0, 0.0, 0.0, 0.0, 0.0, 0.0, 0.0, 0.0, 0.0, 0.0, 0.001, 0.0, 0.0, 0.0, 0.0, 0.0, 0.0, 0.0, 0.0, 0.0, 0.0, 0.001, 0.0]
Max test score: 0.747 found at epoch: 20
Max test score shapes: 0.666 found at epoch: 20
Avg generalisation ratio: 0.813
Avg generalisation diff: 0.087