seed 42
FullySupervisedPercentage: 0
logic loss multiplier: 0.01
Active:  BBox loss [True, False, 1] [True, 0.2] [False, 1] linear True True 
Active: Smoothnessloss True 100 

Test Scores: [0.202, 0.183, 0.169, 0.175, 0.19, 0.246, 0.364, 0.429, 0.461, 0.464, 0.491, 0.503, 0.501, 0.531, 0.514, 0.538, 0.606, 0.622, 0.685, 0.63, 0.704, 0.64, 0.73, 0.678, 0.705, 0.623, 0.624, 0.64, 0.651, 0.588, 0.592, 0.622, 0.571, 0.583, 0.53, 0.508, 0.55, 0.558, 0.524, 0.582, 0.528, 0.611, 0.586, 0.543, 0.554, 0.517, 0.567, 0.567, 0.536, 0.546, 0.587, 0.584, 0.568, 0.598, 0.559, 0.551, 0.538, 0.551, 0.512, 0.547, 0.553, 0.545, 0.548, 0.575, 0.569, 0.552, 0.543, 0.573, 0.526, 0.574, 0.565, 0.553, 0.546, 0.522, 0.548, 0.562, 0.553, 0.518, 0.535, 0.516, 0.543, 0.513, 0.534, 0.526, 0.545, 0.55, 0.503, 0.541, 0.52, 0.489, 0.525, 0.506, 0.503, 0.511, 0.464, 0.473, 0.522, 0.538, 0.513, 0.503, 0.512, 0.486, 0.499, 0.477, 0.482, 0.474, 0.488, 0.488, 0.463, 0.479, 0.485, 0.483, 0.462, 0.503, 0.483, 0.466, 0.476, 0.473, 0.475, 0.449, 0.466, 0.499, 0.478, 0.471, 0.466, 0.461, 0.451, 0.462, 0.494, 0.456, 0.456, 0.469, 0.456, 0.458, 0.475, 0.464, 0.448, 0.466, 0.451, 0.457, 0.473, 0.445, 0.444, 0.448, 0.46, 0.449, 0.45, 0.465, 0.454, 0.469, 0.431, 0.457, 0.442, 0.453, 0.459, 0.454, 0.441, 0.453, 0.454, 0.454, 0.453, 0.453, 0.446, 0.439, 0.439, 0.43, 0.447, 0.45, 0.422, 0.453, 0.46, 0.444, 0.431, 0.426, 0.455, 0.449, 0.425, 0.46, 0.434, 0.434, 0.426, 0.426, 0.442, 0.451, 0.439, 0.434, 0.433, 0.445, 0.44, 0.442, 0.441, 0.461, 0.435, 0.451, 0.447, 0.447, 0.418, 0.429, 0.418, 0.452]
Test Scores w/o background: [0.107, 0.084, 0.085, 0.078, 0.094, 0.109, 0.168, 0.247, 0.289, 0.293, 0.329, 0.344, 0.342, 0.382, 0.359, 0.391, 0.481, 0.502, 0.585, 0.511, 0.609, 0.523, 0.643, 0.579, 0.616, 0.507, 0.51, 0.531, 0.546, 0.464, 0.469, 0.507, 0.442, 0.457, 0.387, 0.359, 0.413, 0.425, 0.38, 0.457, 0.387, 0.494, 0.462, 0.405, 0.42, 0.373, 0.438, 0.439, 0.398, 0.41, 0.465, 0.46, 0.44, 0.479, 0.428, 0.417, 0.401, 0.419, 0.365, 0.412, 0.421, 0.41, 0.415, 0.449, 0.441, 0.419, 0.408, 0.447, 0.385, 0.447, 0.436, 0.421, 0.411, 0.38, 0.415, 0.433, 0.42, 0.375, 0.396, 0.373, 0.408, 0.368, 0.395, 0.385, 0.41, 0.418, 0.355, 0.405, 0.377, 0.337, 0.384, 0.359, 0.355, 0.366, 0.303, 0.315, 0.381, 0.401, 0.368, 0.355, 0.367, 0.333, 0.35, 0.321, 0.328, 0.317, 0.335, 0.336, 0.303, 0.325, 0.333, 0.329, 0.301, 0.356, 0.329, 0.307, 0.32, 0.316, 0.319, 0.284, 0.307, 0.349, 0.323, 0.313, 0.308, 0.3, 0.288, 0.302, 0.344, 0.294, 0.293, 0.311, 0.294, 0.296, 0.319, 0.304, 0.284, 0.307, 0.288, 0.295, 0.317, 0.28, 0.278, 0.284, 0.3, 0.285, 0.286, 0.306, 0.291, 0.311, 0.261, 0.295, 0.275, 0.29, 0.298, 0.291, 0.274, 0.29, 0.291, 0.292, 0.29, 0.29, 0.281, 0.272, 0.272, 0.259, 0.283, 0.286, 0.248, 0.29, 0.299, 0.278, 0.261, 0.255, 0.292, 0.285, 0.254, 0.3, 0.265, 0.265, 0.255, 0.255, 0.276, 0.287, 0.271, 0.265, 0.264, 0.28, 0.273, 0.275, 0.274, 0.301, 0.266, 0.288, 0.282, 0.282, 0.244, 0.258, 0.245, 0.289]
Train Scores: [0.205, 0.189, 0.18, 0.193, 0.206, 0.261, 0.387, 0.461, 0.493, 0.504, 0.541, 0.547, 0.554, 0.57, 0.57, 0.615, 0.664, 0.668, 0.733, 0.714, 0.767, 0.747, 0.808, 0.78, 0.779, 0.732, 0.697, 0.728, 0.722, 0.684, 0.677, 0.697, 0.648, 0.664, 0.635, 0.607, 0.649, 0.645, 0.612, 0.659, 0.599, 0.695, 0.654, 0.603, 0.638, 0.581, 0.621, 0.605, 0.598, 0.602, 0.626, 0.645, 0.612, 0.642, 0.598, 0.603, 0.596, 0.594, 0.566, 0.595, 0.597, 0.58, 0.576, 0.622, 0.613, 0.598, 0.575, 0.596, 0.567, 0.625, 0.602, 0.581, 0.591, 0.561, 0.591, 0.585, 0.585, 0.554, 0.578, 0.564, 0.585, 0.566, 0.573, 0.588, 0.589, 0.574, 0.553, 0.578, 0.554, 0.524, 0.55, 0.565, 0.548, 0.546, 0.524, 0.529, 0.55, 0.574, 0.554, 0.545, 0.546, 0.528, 0.536, 0.524, 0.508, 0.501, 0.523, 0.51, 0.499, 0.518, 0.518, 0.509, 0.488, 0.53, 0.521, 0.498, 0.517, 0.51, 0.505, 0.486, 0.499, 0.54, 0.51, 0.507, 0.491, 0.494, 0.487, 0.494, 0.518, 0.498, 0.5, 0.51, 0.498, 0.495, 0.508, 0.499, 0.492, 0.506, 0.484, 0.494, 0.502, 0.48, 0.484, 0.491, 0.495, 0.482, 0.474, 0.487, 0.482, 0.496, 0.479, 0.491, 0.482, 0.485, 0.489, 0.496, 0.474, 0.49, 0.488, 0.484, 0.48, 0.484, 0.474, 0.476, 0.478, 0.47, 0.483, 0.488, 0.475, 0.487, 0.498, 0.487, 0.464, 0.456, 0.483, 0.482, 0.461, 0.497, 0.468, 0.465, 0.46, 0.456, 0.473, 0.481, 0.473, 0.459, 0.461, 0.475, 0.468, 0.476, 0.474, 0.485, 0.473, 0.479, 0.472, 0.472, 0.45, 0.465, 0.452, 0.482]
Train Scores w/o background: [0.114, 0.091, 0.096, 0.096, 0.112, 0.13, 0.199, 0.29, 0.332, 0.346, 0.395, 0.403, 0.411, 0.433, 0.434, 0.493, 0.559, 0.563, 0.649, 0.624, 0.694, 0.666, 0.748, 0.714, 0.712, 0.651, 0.607, 0.647, 0.64, 0.59, 0.582, 0.607, 0.543, 0.564, 0.526, 0.49, 0.545, 0.54, 0.496, 0.559, 0.48, 0.606, 0.551, 0.485, 0.532, 0.457, 0.509, 0.489, 0.48, 0.484, 0.516, 0.54, 0.498, 0.537, 0.48, 0.485, 0.476, 0.475, 0.437, 0.476, 0.478, 0.455, 0.45, 0.511, 0.499, 0.479, 0.449, 0.477, 0.439, 0.515, 0.485, 0.457, 0.47, 0.431, 0.47, 0.463, 0.463, 0.423, 0.453, 0.435, 0.462, 0.438, 0.447, 0.467, 0.468, 0.449, 0.421, 0.453, 0.421, 0.383, 0.417, 0.436, 0.414, 0.411, 0.382, 0.389, 0.416, 0.448, 0.421, 0.409, 0.411, 0.388, 0.398, 0.382, 0.361, 0.353, 0.381, 0.364, 0.35, 0.375, 0.375, 0.363, 0.334, 0.39, 0.379, 0.349, 0.373, 0.364, 0.358, 0.332, 0.35, 0.403, 0.364, 0.36, 0.339, 0.342, 0.334, 0.342, 0.375, 0.348, 0.351, 0.364, 0.348, 0.345, 0.362, 0.35, 0.341, 0.359, 0.33, 0.343, 0.354, 0.325, 0.33, 0.339, 0.345, 0.328, 0.318, 0.334, 0.328, 0.345, 0.323, 0.339, 0.327, 0.331, 0.337, 0.345, 0.317, 0.338, 0.336, 0.33, 0.324, 0.33, 0.317, 0.32, 0.322, 0.312, 0.329, 0.335, 0.318, 0.334, 0.349, 0.334, 0.304, 0.293, 0.329, 0.328, 0.3, 0.348, 0.31, 0.306, 0.299, 0.294, 0.315, 0.326, 0.316, 0.298, 0.3, 0.318, 0.309, 0.319, 0.317, 0.331, 0.315, 0.323, 0.314, 0.314, 0.285, 0.304, 0.289, 0.327]
Train Loss: [0.634, 0.498, 0.414, 0.357, 0.319, 0.288, 0.261, 0.236, 0.213, 0.193, 0.173, 0.156, 0.14, 0.126, 0.113, 0.099, 0.085, 0.07, 0.059, 0.047, 0.038, 0.029, 0.021, 0.018, 0.016, 0.012, 0.008, 0.008, 0.006, 0.006, 0.004, 0.003, 0.003, 0.004, 0.003, 0.002, 0.003, 0.002, 0.002, 0.002, 0.002, 0.002, 0.001, 0.001, 0.002, 0.001, 0.002, 0.001, 0.001, 0.002, 0.001, 0.001, 0.001, 0.001, 0.001, 0.001, 0.001, 0.001, 0.001, 0.001, 0.001, 0.001, 0.001, 0.001, 0.001, 0.001, 0.001, 0.001, 0.002, 0.001, 0.0, 0.0, 0.001, 0.001, 0.001, 0.001, 0.001, 0.001, 0.001, 0.0, 0.0, 0.001, 0.0, 0.001, 0.0, 0.001, 0.001, 0.001, 0.0, 0.001, 0.001, 0.001, 0.001, 0.001, 0.001, 0.002, 0.001, 0.0, 0.0, 0.001, 0.001, 0.0, 0.002, 0.001, 0.001, 0.0, 0.0, 0.0, 0.001, 0.001, 0.001, 0.001, 0.001, 0.0, 0.001, 0.0, 0.001, 0.0, 0.0, 0.0, 0.0, 0.002, 0.001, 0.0, 0.0, 0.0, 0.0, 0.0, 0.0, 0.0, 0.0, 0.0, 0.0, 0.0, 0.0, 0.0, 0.0, 0.0, 0.0, 0.001, 0.0, 0.0, 0.001, 0.0, 0.001, 0.0, 0.0, 0.0, 0.0, 0.0, 0.0, 0.0, 0.0, 0.001, 0.0, 0.0, 0.0, 0.0, 0.0, 0.0, 0.001, 0.001, 0.0, 0.001, 0.0, 0.0, 0.0, 0.0, 0.0, 0.0, 0.0, 0.0, 0.0, 0.0, 0.0, 0.0, 0.0, 0.001, 0.0, 0.0, 0.0, 0.0, 0.0, 0.001, 0.0, 0.0, 0.0, 0.0, 0.0, 0.0, 0.0, 0.0, 0.0, 0.0, 0.001, 0.0, 0.0, 0.001, 0.0, 0.0]
Max test score: 0.73 found at epoch: 23
Max test score shapes: 0.643 found at epoch: 23
Avg generalisation ratio: 0.863
Avg generalisation diff: 0.056