seed 333
FullySupervisedPercentage: 0
logic loss multiplier: 0.01
Active: Relationsloss True 2 True 0.1 True 
Active: OneHotloss True 20 
Active: MinSizeBackgroundloss True 1 
Active: MaxSizeBackgroundloss True 20 
Active: MinSizeShapesloss True 10 False 
Active: Smoothnessloss True 100 

Test Scores: [0.164, 0.18, 0.19, 0.203, 0.256, 0.275, 0.251, 0.23, 0.221, 0.221, 0.221, 0.223, 0.227, 0.258, 0.267, 0.261, 0.268, 0.263, 0.253, 0.249, 0.245, 0.238, 0.25, 0.246, 0.241, 0.235, 0.236, 0.233, 0.234, 0.233, 0.232, 0.231, 0.231, 0.231, 0.232, 0.233, 0.233, 0.233, 0.232, 0.233, 0.232, 0.233, 0.233, 0.233, 0.235, 0.235, 0.234, 0.234, 0.234, 0.234, 0.234, 0.234, 0.234, 0.234, 0.234, 0.234, 0.234, 0.234, 0.234, 0.234, 0.235, 0.234, 0.234, 0.234, 0.234, 0.234, 0.234, 0.234, 0.234, 0.234, 0.234, 0.234, 0.234, 0.234, 0.234, 0.234, 0.234, 0.234, 0.234, 0.234, 0.234, 0.234, 0.234, 0.234, 0.234, 0.234, 0.234, 0.234, 0.234, 0.234, 0.234, 0.234, 0.234, 0.234, 0.234, 0.234, 0.234, 0.234, 0.234, 0.234, 0.234, 0.234, 0.234, 0.234, 0.234, 0.234, 0.234, 0.234, 0.234, 0.234, 0.234, 0.234, 0.234, 0.234, 0.234, 0.234, 0.234, 0.234, 0.234, 0.234, 0.234, 0.234, 0.234, 0.234, 0.234, 0.234, 0.234, 0.234, 0.234, 0.234, 0.234, 0.234, 0.234, 0.234, 0.234, 0.234, 0.234, 0.234, 0.234, 0.234, 0.234, 0.234, 0.234, 0.234, 0.234, 0.234, 0.234, 0.234, 0.234, 0.234, 0.234, 0.234, 0.234, 0.234, 0.234, 0.234, 0.234, 0.234, 0.234, 0.234, 0.234, 0.234, 0.234, 0.234, 0.234, 0.234, 0.234, 0.234, 0.234, 0.234, 0.234, 0.234, 0.234, 0.234, 0.234, 0.234, 0.234, 0.234, 0.234, 0.234, 0.234, 0.234, 0.234, 0.234, 0.234, 0.234, 0.234, 0.234, 0.234, 0.234, 0.234, 0.234, 0.234, 0.234, 0.234, 0.234, 0.234, 0.234, 0.234, 0.234]
Test Scores w/o background: [0.01, 0.019, 0.022, 0.032, 0.074, 0.091, 0.054, 0.021, 0.009, 0.014, 0.023, 0.033, 0.038, 0.078, 0.091, 0.076, 0.08, 0.073, 0.057, 0.051, 0.043, 0.033, 0.038, 0.03, 0.022, 0.011, 0.01, 0.008, 0.008, 0.007, 0.005, 0.005, 0.002, 0.002, 0.003, 0.005, 0.005, 0.005, 0.004, 0.005, 0.004, 0.006, 0.006, 0.006, 0.006, 0.007, 0.007, 0.007, 0.007, 0.007, 0.008, 0.007, 0.007, 0.008, 0.008, 0.008, 0.007, 0.008, 0.008, 0.008, 0.009, 0.008, 0.008, 0.008, 0.008, 0.008, 0.008, 0.009, 0.008, 0.008, 0.008, 0.008, 0.008, 0.008, 0.008, 0.008, 0.009, 0.009, 0.009, 0.009, 0.009, 0.009, 0.009, 0.009, 0.009, 0.009, 0.009, 0.009, 0.009, 0.009, 0.009, 0.009, 0.009, 0.009, 0.009, 0.009, 0.009, 0.009, 0.009, 0.009, 0.009, 0.009, 0.009, 0.009, 0.009, 0.009, 0.009, 0.009, 0.009, 0.009, 0.009, 0.009, 0.009, 0.009, 0.009, 0.009, 0.009, 0.009, 0.009, 0.009, 0.009, 0.009, 0.009, 0.009, 0.009, 0.009, 0.009, 0.009, 0.009, 0.009, 0.009, 0.009, 0.009, 0.009, 0.009, 0.009, 0.009, 0.009, 0.009, 0.009, 0.009, 0.009, 0.009, 0.009, 0.009, 0.009, 0.009, 0.009, 0.009, 0.009, 0.009, 0.009, 0.009, 0.009, 0.009, 0.009, 0.009, 0.009, 0.009, 0.009, 0.009, 0.009, 0.009, 0.009, 0.009, 0.009, 0.009, 0.009, 0.009, 0.009, 0.009, 0.009, 0.009, 0.009, 0.009, 0.009, 0.009, 0.009, 0.009, 0.009, 0.009, 0.009, 0.009, 0.009, 0.009, 0.009, 0.009, 0.009, 0.009, 0.009, 0.009, 0.009, 0.009, 0.009, 0.009, 0.009, 0.009, 0.009, 0.009, 0.009]
Train Scores: [0.165, 0.18, 0.188, 0.198, 0.238, 0.251, 0.236, 0.225, 0.22, 0.221, 0.217, 0.213, 0.213, 0.236, 0.252, 0.257, 0.27, 0.263, 0.248, 0.243, 0.239, 0.235, 0.244, 0.241, 0.238, 0.235, 0.236, 0.233, 0.233, 0.234, 0.234, 0.234, 0.234, 0.233, 0.233, 0.234, 0.235, 0.235, 0.235, 0.235, 0.235, 0.236, 0.235, 0.236, 0.237, 0.238, 0.238, 0.238, 0.238, 0.238, 0.238, 0.237, 0.237, 0.237, 0.237, 0.237, 0.237, 0.237, 0.237, 0.238, 0.238, 0.237, 0.237, 0.237, 0.237, 0.237, 0.237, 0.237, 0.238, 0.237, 0.237, 0.237, 0.237, 0.237, 0.237, 0.237, 0.238, 0.238, 0.238, 0.238, 0.238, 0.238, 0.238, 0.238, 0.238, 0.238, 0.238, 0.238, 0.238, 0.238, 0.238, 0.238, 0.238, 0.238, 0.238, 0.238, 0.238, 0.238, 0.238, 0.238, 0.238, 0.238, 0.238, 0.238, 0.238, 0.238, 0.238, 0.238, 0.238, 0.238, 0.238, 0.238, 0.238, 0.238, 0.238, 0.238, 0.238, 0.238, 0.238, 0.238, 0.238, 0.238, 0.238, 0.238, 0.238, 0.238, 0.238, 0.238, 0.238, 0.238, 0.238, 0.238, 0.238, 0.238, 0.238, 0.238, 0.238, 0.238, 0.238, 0.238, 0.238, 0.238, 0.238, 0.238, 0.238, 0.238, 0.238, 0.238, 0.238, 0.238, 0.238, 0.238, 0.238, 0.238, 0.238, 0.238, 0.238, 0.238, 0.238, 0.238, 0.238, 0.238, 0.238, 0.238, 0.238, 0.238, 0.238, 0.238, 0.238, 0.238, 0.238, 0.238, 0.238, 0.238, 0.238, 0.238, 0.238, 0.238, 0.238, 0.238, 0.238, 0.238, 0.238, 0.238, 0.238, 0.238, 0.238, 0.238, 0.238, 0.238, 0.238, 0.238, 0.238, 0.238, 0.238, 0.238, 0.238, 0.238, 0.238, 0.238]
Train Scores w/o background: [0.01, 0.017, 0.018, 0.025, 0.05, 0.059, 0.033, 0.013, 0.007, 0.013, 0.017, 0.022, 0.022, 0.052, 0.074, 0.074, 0.086, 0.077, 0.056, 0.047, 0.038, 0.031, 0.031, 0.024, 0.019, 0.011, 0.01, 0.008, 0.007, 0.008, 0.007, 0.007, 0.004, 0.003, 0.004, 0.005, 0.006, 0.006, 0.006, 0.006, 0.006, 0.008, 0.007, 0.008, 0.008, 0.009, 0.01, 0.01, 0.011, 0.011, 0.011, 0.01, 0.01, 0.011, 0.011, 0.011, 0.01, 0.011, 0.011, 0.011, 0.011, 0.011, 0.011, 0.011, 0.011, 0.011, 0.011, 0.011, 0.011, 0.011, 0.011, 0.011, 0.011, 0.011, 0.01, 0.011, 0.012, 0.012, 0.012, 0.012, 0.012, 0.012, 0.012, 0.012, 0.012, 0.012, 0.012, 0.012, 0.012, 0.012, 0.012, 0.012, 0.012, 0.012, 0.012, 0.012, 0.012, 0.012, 0.012, 0.012, 0.012, 0.012, 0.012, 0.012, 0.012, 0.012, 0.012, 0.012, 0.012, 0.012, 0.012, 0.012, 0.012, 0.012, 0.012, 0.012, 0.012, 0.012, 0.012, 0.012, 0.012, 0.012, 0.012, 0.012, 0.012, 0.012, 0.012, 0.012, 0.012, 0.012, 0.012, 0.012, 0.012, 0.012, 0.012, 0.012, 0.012, 0.012, 0.012, 0.012, 0.012, 0.012, 0.012, 0.012, 0.012, 0.012, 0.012, 0.012, 0.012, 0.012, 0.012, 0.012, 0.012, 0.012, 0.012, 0.012, 0.012, 0.012, 0.012, 0.012, 0.012, 0.012, 0.012, 0.012, 0.012, 0.012, 0.012, 0.012, 0.012, 0.012, 0.012, 0.012, 0.012, 0.012, 0.012, 0.012, 0.012, 0.012, 0.012, 0.012, 0.012, 0.012, 0.012, 0.012, 0.012, 0.012, 0.012, 0.012, 0.012, 0.012, 0.012, 0.012, 0.012, 0.012, 0.012, 0.012, 0.012, 0.012, 0.012, 0.012]
Train Loss: [0.402, 0.356, 0.316, 0.279, 0.25, 0.224, 0.203, 0.182, 0.163, 0.151, 0.143, 0.136, 0.13, 0.124, 0.121, 0.116, 0.113, 0.108, 0.103, 0.1, 0.095, 0.092, 0.088, 0.084, 0.081, 0.077, 0.071, 0.066, 0.062, 0.057, 0.052, 0.048, 0.044, 0.04, 0.035, 0.031, 0.028, 0.025, 0.022, 0.02, 0.018, 0.017, 0.015, 0.014, 0.012, 0.012, 0.011, 0.008, 0.007, 0.006, 0.005, 0.005, 0.004, 0.004, 0.003, 0.003, 0.003, 0.002, 0.002, 0.002, 0.002, 0.002, 0.001, 0.001, 0.001, 0.001, 0.001, 0.001, 0.001, 0.001, 0.001, 0.001, 0.0, 0.0, 0.0, 0.0, 0.0, 0.0, 0.0, 0.0, 0.0, 0.0, 0.0, 0.0, 0.0, 0.0, 0.0, 0.0, 0.0, 0.0, 0.0, 0.0, 0.0, 0.0, 0.0, 0.0, 0.0, 0.0, 0.0, 0.0, 0.0, 0.0, 0.0, 0.0, 0.0, 0.0, 0.0, 0.0, 0.0, 0.0, 0.0, 0.0, 0.0, 0.0, 0.0, 0.0, 0.0, 0.0, 0.0, 0.0, 0.0, 0.0, 0.0, 0.0, 0.0, 0.0, 0.0, 0.0, 0.0, 0.0, 0.0, 0.0, 0.0, 0.0, 0.0, 0.0, 0.0, 0.0, 0.0, 0.0, 0.0, 0.0, 0.0, 0.0, 0.0, 0.0, 0.0, 0.0, 0.0, 0.0, 0.0, 0.0, 0.0, 0.0, 0.0, 0.0, 0.0, 0.0, 0.0, 0.0, 0.0, 0.0, 0.0, 0.0, 0.0, 0.0, 0.0, 0.0, 0.0, 0.0, 0.0, 0.0, 0.0, 0.0, 0.0, 0.0, 0.0, 0.0, 0.0, 0.0, 0.0, 0.0, 0.0, 0.0, 0.0, 0.0, 0.0, 0.0, 0.0, 0.0, 0.0, 0.0, 0.0, 0.0, 0.0, 0.0, 0.0, 0.0, 0.0, 0.0]
Max test score: 0.275 found at epoch: 6
Max test score shapes: 0.091 found at epoch: 15
Avg generalisation ratio: 0.816
Avg generalisation diff: 0.001