seed 222
FullySupervisedPercentage: 0
logic loss multiplier: 0.01
Active:  BBox loss [True, False, 1] [True, 0.2] [False, 1] linear True True 

Test Scores: [0.136, 0.176, 0.188, 0.21, 0.248, 0.355, 0.412, 0.477, 0.522, 0.544, 0.648, 0.656, 0.611, 0.651, 0.681, 0.662, 0.694, 0.69, 0.73, 0.745, 0.711, 0.713, 0.724, 0.638, 0.76, 0.758, 0.719, 0.78, 0.731, 0.744, 0.762, 0.696, 0.721, 0.768, 0.744, 0.762, 0.745, 0.748, 0.767, 0.744, 0.685, 0.737, 0.696, 0.754, 0.722, 0.8, 0.729, 0.693, 0.763, 0.747, 0.726, 0.658, 0.711, 0.749, 0.687, 0.685, 0.717, 0.738, 0.712, 0.719, 0.736, 0.666, 0.712, 0.684, 0.686, 0.685, 0.663, 0.638, 0.678, 0.666, 0.675, 0.625, 0.695, 0.675, 0.657, 0.61, 0.695, 0.617, 0.677, 0.678, 0.609, 0.655, 0.65, 0.65, 0.665, 0.628, 0.655, 0.565, 0.565, 0.619, 0.617, 0.619, 0.682, 0.633, 0.631, 0.628, 0.619, 0.574, 0.614, 0.6, 0.627, 0.588, 0.65, 0.571, 0.604, 0.612, 0.6, 0.574, 0.57, 0.571, 0.627, 0.559, 0.613, 0.598, 0.58, 0.589, 0.613, 0.537, 0.609, 0.584, 0.581, 0.595, 0.593, 0.527, 0.519, 0.55, 0.591, 0.604, 0.59, 0.602, 0.602, 0.57, 0.565, 0.592, 0.535, 0.564, 0.572, 0.578, 0.59, 0.592, 0.618, 0.605, 0.579, 0.593, 0.605, 0.588, 0.546, 0.556, 0.554, 0.513, 0.557, 0.563, 0.593, 0.566, 0.547, 0.554, 0.539, 0.595, 0.559, 0.572, 0.638, 0.598, 0.548, 0.583, 0.543, 0.555, 0.556, 0.556, 0.57, 0.525, 0.554, 0.624, 0.584, 0.584, 0.557, 0.527, 0.511, 0.568, 0.549, 0.545, 0.556, 0.538, 0.545, 0.53, 0.546, 0.531, 0.553, 0.507, 0.528, 0.543, 0.577, 0.548, 0.523, 0.537, 0.533, 0.527, 0.531, 0.542, 0.536, 0.525]
Test Scores w/o background: [0.04, 0.062, 0.08, 0.097, 0.137, 0.16, 0.222, 0.307, 0.368, 0.395, 0.534, 0.544, 0.484, 0.538, 0.578, 0.552, 0.594, 0.589, 0.642, 0.662, 0.616, 0.619, 0.634, 0.52, 0.682, 0.68, 0.627, 0.709, 0.643, 0.661, 0.685, 0.597, 0.63, 0.693, 0.661, 0.686, 0.663, 0.666, 0.692, 0.662, 0.583, 0.652, 0.598, 0.675, 0.633, 0.736, 0.643, 0.595, 0.689, 0.667, 0.639, 0.548, 0.619, 0.67, 0.589, 0.587, 0.628, 0.657, 0.62, 0.631, 0.653, 0.563, 0.624, 0.586, 0.587, 0.586, 0.558, 0.527, 0.58, 0.565, 0.576, 0.51, 0.602, 0.574, 0.552, 0.491, 0.601, 0.498, 0.577, 0.578, 0.49, 0.551, 0.544, 0.545, 0.564, 0.515, 0.549, 0.431, 0.433, 0.503, 0.498, 0.504, 0.586, 0.521, 0.519, 0.515, 0.504, 0.446, 0.498, 0.479, 0.513, 0.463, 0.544, 0.441, 0.485, 0.495, 0.48, 0.446, 0.44, 0.442, 0.514, 0.425, 0.496, 0.477, 0.453, 0.466, 0.497, 0.397, 0.491, 0.458, 0.456, 0.472, 0.469, 0.382, 0.373, 0.414, 0.468, 0.484, 0.466, 0.482, 0.482, 0.44, 0.433, 0.471, 0.394, 0.434, 0.444, 0.452, 0.467, 0.47, 0.503, 0.487, 0.453, 0.471, 0.487, 0.465, 0.41, 0.423, 0.421, 0.367, 0.425, 0.433, 0.471, 0.436, 0.411, 0.421, 0.4, 0.475, 0.428, 0.443, 0.53, 0.478, 0.412, 0.458, 0.405, 0.422, 0.424, 0.422, 0.442, 0.384, 0.42, 0.512, 0.459, 0.46, 0.425, 0.386, 0.364, 0.439, 0.413, 0.409, 0.422, 0.399, 0.409, 0.389, 0.411, 0.391, 0.42, 0.359, 0.387, 0.407, 0.45, 0.413, 0.381, 0.4, 0.393, 0.386, 0.39, 0.406, 0.398, 0.383]
Train Scores: [0.135, 0.182, 0.203, 0.229, 0.275, 0.371, 0.432, 0.519, 0.591, 0.619, 0.758, 0.768, 0.762, 0.806, 0.814, 0.809, 0.808, 0.826, 0.826, 0.844, 0.824, 0.833, 0.842, 0.782, 0.858, 0.849, 0.847, 0.858, 0.858, 0.84, 0.859, 0.81, 0.822, 0.836, 0.841, 0.839, 0.838, 0.834, 0.846, 0.842, 0.802, 0.822, 0.806, 0.852, 0.827, 0.863, 0.819, 0.796, 0.834, 0.831, 0.811, 0.794, 0.811, 0.795, 0.787, 0.779, 0.794, 0.784, 0.791, 0.799, 0.797, 0.757, 0.767, 0.731, 0.76, 0.753, 0.737, 0.723, 0.728, 0.746, 0.759, 0.692, 0.747, 0.75, 0.733, 0.691, 0.745, 0.709, 0.729, 0.73, 0.694, 0.71, 0.709, 0.706, 0.719, 0.683, 0.71, 0.668, 0.652, 0.694, 0.721, 0.682, 0.731, 0.712, 0.696, 0.689, 0.686, 0.638, 0.668, 0.67, 0.671, 0.655, 0.72, 0.634, 0.675, 0.684, 0.668, 0.65, 0.643, 0.637, 0.674, 0.614, 0.681, 0.677, 0.65, 0.638, 0.659, 0.605, 0.678, 0.652, 0.652, 0.661, 0.684, 0.627, 0.581, 0.612, 0.644, 0.652, 0.637, 0.662, 0.672, 0.631, 0.656, 0.653, 0.592, 0.632, 0.631, 0.626, 0.632, 0.644, 0.665, 0.649, 0.639, 0.637, 0.666, 0.63, 0.608, 0.608, 0.605, 0.56, 0.602, 0.613, 0.659, 0.638, 0.596, 0.614, 0.616, 0.642, 0.613, 0.629, 0.686, 0.655, 0.607, 0.639, 0.613, 0.618, 0.607, 0.623, 0.623, 0.587, 0.611, 0.661, 0.653, 0.65, 0.616, 0.573, 0.581, 0.624, 0.618, 0.6, 0.628, 0.601, 0.607, 0.591, 0.608, 0.597, 0.609, 0.556, 0.58, 0.589, 0.623, 0.584, 0.576, 0.581, 0.588, 0.58, 0.591, 0.6, 0.586, 0.586]
Train Scores w/o background: [0.041, 0.068, 0.096, 0.118, 0.168, 0.18, 0.247, 0.363, 0.461, 0.495, 0.68, 0.694, 0.685, 0.744, 0.755, 0.747, 0.746, 0.77, 0.77, 0.794, 0.768, 0.78, 0.791, 0.711, 0.812, 0.8, 0.797, 0.812, 0.813, 0.789, 0.814, 0.749, 0.765, 0.784, 0.79, 0.788, 0.786, 0.782, 0.797, 0.792, 0.739, 0.765, 0.744, 0.805, 0.773, 0.82, 0.763, 0.732, 0.782, 0.779, 0.752, 0.729, 0.753, 0.732, 0.721, 0.711, 0.73, 0.718, 0.726, 0.738, 0.735, 0.684, 0.696, 0.648, 0.686, 0.677, 0.656, 0.639, 0.647, 0.67, 0.686, 0.598, 0.671, 0.674, 0.653, 0.598, 0.668, 0.622, 0.647, 0.648, 0.601, 0.624, 0.622, 0.618, 0.636, 0.587, 0.623, 0.567, 0.547, 0.601, 0.637, 0.587, 0.65, 0.625, 0.605, 0.596, 0.592, 0.529, 0.569, 0.571, 0.573, 0.551, 0.637, 0.524, 0.578, 0.59, 0.569, 0.546, 0.536, 0.528, 0.577, 0.498, 0.586, 0.581, 0.546, 0.53, 0.557, 0.487, 0.582, 0.549, 0.548, 0.559, 0.59, 0.515, 0.454, 0.497, 0.538, 0.548, 0.528, 0.561, 0.575, 0.521, 0.554, 0.55, 0.469, 0.522, 0.522, 0.515, 0.523, 0.538, 0.565, 0.545, 0.532, 0.528, 0.567, 0.521, 0.491, 0.492, 0.487, 0.429, 0.484, 0.498, 0.557, 0.53, 0.476, 0.499, 0.502, 0.536, 0.498, 0.519, 0.593, 0.552, 0.49, 0.532, 0.497, 0.505, 0.491, 0.51, 0.51, 0.465, 0.496, 0.561, 0.55, 0.547, 0.502, 0.446, 0.456, 0.512, 0.505, 0.482, 0.516, 0.482, 0.49, 0.469, 0.491, 0.477, 0.493, 0.423, 0.456, 0.466, 0.512, 0.461, 0.451, 0.457, 0.465, 0.456, 0.469, 0.482, 0.463, 0.463]
Train Loss: [0.542, 0.375, 0.296, 0.249, 0.218, 0.193, 0.172, 0.153, 0.134, 0.115, 0.096, 0.076, 0.059, 0.046, 0.036, 0.029, 0.023, 0.019, 0.015, 0.012, 0.01, 0.008, 0.006, 0.005, 0.004, 0.004, 0.003, 0.003, 0.002, 0.002, 0.002, 0.002, 0.002, 0.001, 0.001, 0.001, 0.001, 0.001, 0.002, 0.003, 0.002, 0.001, 0.001, 0.001, 0.001, 0.001, 0.001, 0.001, 0.001, 0.001, 0.001, 0.001, 0.001, 0.001, 0.001, 0.001, 0.001, 0.001, 0.001, 0.001, 0.001, 0.001, 0.001, 0.001, 0.001, 0.001, 0.001, 0.001, 0.001, 0.0, 0.0, 0.0, 0.001, 0.001, 0.001, 0.001, 0.002, 0.001, 0.0, 0.001, 0.0, 0.0, 0.0, 0.0, 0.001, 0.001, 0.0, 0.0, 0.001, 0.001, 0.0, 0.001, 0.001, 0.0, 0.0, 0.0, 0.0, 0.0, 0.0, 0.0, 0.001, 0.0, 0.0, 0.0, 0.0, 0.0, 0.0, 0.0, 0.0, 0.0, 0.0, 0.0, 0.0, 0.0, 0.0, 0.001, 0.0, 0.0, 0.001, 0.001, 0.0, 0.0, 0.0, 0.0, 0.0, 0.0, 0.0, 0.0, 0.0, 0.0, 0.001, 0.0, 0.0, 0.0, 0.0, 0.001, 0.001, 0.0, 0.0, 0.0, 0.0, 0.0, 0.001, 0.0, 0.0, 0.0, 0.0, 0.0, 0.001, 0.0, 0.001, 0.0, 0.0, 0.0, 0.0, 0.0, 0.001, 0.001, 0.001, 0.0, 0.0, 0.0, 0.0, 0.0, 0.0, 0.0, 0.0, 0.0, 0.0, 0.0, 0.001, 0.001, 0.0, 0.0, 0.0, 0.0, 0.0, 0.0, 0.0, 0.001, 0.0, 0.0, 0.0, 0.0, 0.0, 0.0, 0.0, 0.0, 0.0, 0.0, 0.0, 0.0, 0.0, 0.0, 0.0, 0.0, 0.0, 0.0, 0.0, 0.0]
Max test score: 0.8 found at epoch: 46
Max test score shapes: 0.736 found at epoch: 46
Avg generalisation ratio: 0.844
Avg generalisation diff: 0.092