seed 123
percentFullySupervised 0.2
domainLossMultiplier 0.001
Active: Adjacencyloss True True 30 0.0001 False False 
Active: Relationsloss True 2 True 0.1 False True False 
Active: OneHotloss True 20 
Active: Smoothnessloss True 100 
Active: MinSizeShapesloss True 1 0.5 0.0035 0.015 
Active: MaxSizeShapesloss True 1 0.98 0.2 0.42 

Test Scores: [0.284, 0.372, 0.385, 0.422, 0.41, 0.43, 0.504, 0.523, 0.51, 0.552, 0.532, 0.558, 0.543, 0.543, 0.535, 0.55, 0.529, 0.527, 0.541, 0.519, 0.542, 0.549, 0.557, 0.526, 0.552, 0.539, 0.562, 0.519, 0.55, 0.541, 0.557, 0.527, 0.524, 0.509, 0.551, 0.54, 0.557, 0.544, 0.554, 0.525, 0.53, 0.551, 0.536, 0.483, 0.558, 0.567, 0.558, 0.559, 0.55, 0.584, 0.536, 0.582, 0.571, 0.546, 0.553, 0.558, 0.547, 0.559, 0.542, 0.559, 0.552, 0.505, 0.549, 0.534, 0.528, 0.521, 0.552, 0.526, 0.561, 0.547, 0.564, 0.557, 0.511, 0.551, 0.563, 0.52, 0.544, 0.517, 0.535, 0.533, 0.557, 0.528, 0.545, 0.565, 0.547, 0.563, 0.556, 0.561, 0.564, 0.56, 0.545, 0.563, 0.514, 0.54, 0.535, 0.563, 0.561, 0.558, 0.55, 0.536]
Test Scores w/o background: [0.135, 0.199, 0.194, 0.214, 0.213, 0.229, 0.341, 0.367, 0.35, 0.41, 0.376, 0.411, 0.389, 0.377, 0.373, 0.392, 0.359, 0.377, 0.395, 0.354, 0.406, 0.395, 0.416, 0.359, 0.414, 0.377, 0.416, 0.35, 0.392, 0.379, 0.411, 0.359, 0.352, 0.342, 0.392, 0.379, 0.402, 0.384, 0.41, 0.359, 0.366, 0.397, 0.377, 0.3, 0.404, 0.423, 0.403, 0.402, 0.388, 0.452, 0.378, 0.442, 0.424, 0.39, 0.4, 0.412, 0.39, 0.407, 0.386, 0.412, 0.4, 0.325, 0.4, 0.366, 0.363, 0.345, 0.397, 0.355, 0.415, 0.391, 0.41, 0.403, 0.336, 0.395, 0.415, 0.346, 0.392, 0.356, 0.389, 0.378, 0.404, 0.368, 0.386, 0.414, 0.399, 0.415, 0.402, 0.414, 0.412, 0.412, 0.4, 0.417, 0.343, 0.398, 0.372, 0.411, 0.404, 0.401, 0.389, 0.378]
Train Scores: [0.314, 0.424, 0.453, 0.483, 0.495, 0.499, 0.556, 0.61, 0.635, 0.627, 0.626, 0.648, 0.655, 0.616, 0.651, 0.678, 0.657, 0.665, 0.682, 0.672, 0.657, 0.659, 0.651, 0.652, 0.681, 0.665, 0.706, 0.653, 0.693, 0.681, 0.705, 0.653, 0.676, 0.695, 0.722, 0.711, 0.719, 0.724, 0.689, 0.692, 0.66, 0.711, 0.705, 0.68, 0.735, 0.743, 0.703, 0.691, 0.697, 0.722, 0.701, 0.725, 0.712, 0.716, 0.71, 0.714, 0.728, 0.73, 0.708, 0.707, 0.72, 0.668, 0.719, 0.709, 0.688, 0.676, 0.716, 0.681, 0.722, 0.704, 0.731, 0.732, 0.681, 0.709, 0.714, 0.707, 0.717, 0.7, 0.72, 0.745, 0.736, 0.721, 0.723, 0.72, 0.739, 0.724, 0.73, 0.742, 0.72, 0.736, 0.745, 0.739, 0.686, 0.737, 0.725, 0.757, 0.757, 0.752, 0.746, 0.743]
Train Scores w/o background: [0.145, 0.238, 0.258, 0.275, 0.296, 0.3, 0.393, 0.457, 0.495, 0.489, 0.482, 0.51, 0.522, 0.462, 0.517, 0.555, 0.521, 0.537, 0.557, 0.541, 0.531, 0.52, 0.511, 0.511, 0.559, 0.534, 0.594, 0.52, 0.571, 0.555, 0.588, 0.513, 0.547, 0.582, 0.612, 0.595, 0.607, 0.615, 0.576, 0.571, 0.524, 0.596, 0.59, 0.555, 0.632, 0.642, 0.589, 0.567, 0.575, 0.611, 0.588, 0.615, 0.601, 0.606, 0.601, 0.608, 0.623, 0.623, 0.593, 0.59, 0.608, 0.538, 0.607, 0.596, 0.567, 0.546, 0.608, 0.561, 0.614, 0.592, 0.625, 0.628, 0.552, 0.595, 0.605, 0.59, 0.614, 0.586, 0.614, 0.648, 0.636, 0.615, 0.616, 0.607, 0.644, 0.621, 0.633, 0.647, 0.611, 0.632, 0.657, 0.646, 0.57, 0.651, 0.617, 0.66, 0.66, 0.653, 0.644, 0.645]
Train Loss: [0.139, 0.087, 0.077, 0.069, 0.062, 0.057, 0.052, 0.048, 0.045, 0.042, 0.041, 0.039, 0.038, 0.036, 0.036, 0.036, 0.035, 0.035, 0.035, 0.035, 0.035, 0.035, 0.035, 0.034, 0.035, 0.034, 0.034, 0.033, 0.033, 0.032, 0.033, 0.033, 0.032, 0.032, 0.032, 0.032, 0.031, 0.032, 0.031, 0.031, 0.031, 0.031, 0.032, 0.032, 0.031, 0.031, 0.031, 0.031, 0.031, 0.031, 0.031, 0.031, 0.031, 0.031, 0.03, 0.031, 0.03, 0.031, 0.03, 0.031, 0.031, 0.031, 0.03, 0.03, 0.03, 0.03, 0.03, 0.03, 0.03, 0.03, 0.03, 0.03, 0.03, 0.03, 0.03, 0.03, 0.03, 0.03, 0.03, 0.03, 0.03, 0.029, 0.03, 0.029, 0.029, 0.029, 0.029, 0.029, 0.029, 0.029, 0.03, 0.03, 0.03, 0.029, 0.03, 0.029, 0.029, 0.029, 0.029, 0.029]
Max test score: 0.584 found at epoch: 50
Max test score shapes: 0.452 found at epoch: 50
Avg generalisation ratio: 0.677
Avg generalisation diff: 0.186