seed 0
percentFullySupervised 0.2
domainLossMultiplier 0.001
Active: Adjacencyloss True True 30 0.0001 False False 
Active: Relationsloss True 2 True 0.1 False True False 
Active: OneHotloss True 20 
Active: Smoothnessloss True 100 
Active: MinSizeShapesloss True 1 0.5 0.0035 0.015 
Active: MaxSizeShapesloss True 1 0.98 0.2 0.42 

Test Scores: [0.275, 0.386, 0.406, 0.444, 0.453, 0.46, 0.506, 0.475, 0.465, 0.51, 0.555, 0.516, 0.493, 0.529, 0.536, 0.506, 0.53, 0.55, 0.538, 0.553, 0.528, 0.54, 0.526, 0.539, 0.554, 0.525, 0.541, 0.541, 0.523, 0.561, 0.537, 0.562, 0.56, 0.552, 0.52, 0.529, 0.538, 0.56, 0.573, 0.521, 0.555, 0.545, 0.562, 0.543, 0.553, 0.551, 0.473, 0.541, 0.562, 0.555, 0.547, 0.578, 0.53, 0.566, 0.552, 0.556, 0.576, 0.575, 0.57, 0.549, 0.554, 0.571, 0.577, 0.565, 0.547, 0.553, 0.546, 0.549, 0.55, 0.56, 0.562, 0.563, 0.562, 0.579, 0.583, 0.586, 0.558, 0.556, 0.563, 0.556, 0.564, 0.579, 0.574, 0.575, 0.577, 0.583, 0.555, 0.557, 0.562, 0.55, 0.554, 0.554, 0.542, 0.564, 0.56, 0.563, 0.56, 0.566, 0.569, 0.572]
Test Scores w/o background: [0.122, 0.18, 0.215, 0.254, 0.289, 0.306, 0.36, 0.302, 0.3, 0.356, 0.412, 0.363, 0.328, 0.378, 0.386, 0.363, 0.382, 0.399, 0.398, 0.404, 0.368, 0.394, 0.367, 0.394, 0.404, 0.356, 0.396, 0.382, 0.376, 0.415, 0.373, 0.414, 0.415, 0.406, 0.355, 0.366, 0.378, 0.409, 0.428, 0.349, 0.419, 0.392, 0.426, 0.394, 0.404, 0.392, 0.283, 0.393, 0.416, 0.414, 0.389, 0.439, 0.369, 0.418, 0.398, 0.406, 0.434, 0.428, 0.427, 0.393, 0.403, 0.428, 0.432, 0.421, 0.402, 0.396, 0.403, 0.392, 0.398, 0.416, 0.417, 0.416, 0.413, 0.434, 0.438, 0.445, 0.404, 0.413, 0.421, 0.406, 0.416, 0.432, 0.425, 0.428, 0.43, 0.438, 0.407, 0.409, 0.411, 0.391, 0.401, 0.402, 0.388, 0.416, 0.413, 0.418, 0.411, 0.425, 0.426, 0.431]
Train Scores: [0.296, 0.431, 0.436, 0.525, 0.575, 0.557, 0.615, 0.566, 0.583, 0.649, 0.669, 0.618, 0.649, 0.615, 0.629, 0.64, 0.662, 0.652, 0.626, 0.662, 0.654, 0.672, 0.664, 0.633, 0.671, 0.677, 0.678, 0.673, 0.661, 0.698, 0.657, 0.682, 0.711, 0.712, 0.619, 0.666, 0.671, 0.684, 0.725, 0.65, 0.714, 0.654, 0.699, 0.703, 0.705, 0.68, 0.609, 0.657, 0.71, 0.699, 0.697, 0.709, 0.705, 0.706, 0.713, 0.696, 0.741, 0.725, 0.75, 0.702, 0.726, 0.749, 0.737, 0.749, 0.718, 0.699, 0.722, 0.697, 0.727, 0.736, 0.761, 0.729, 0.713, 0.737, 0.725, 0.749, 0.736, 0.76, 0.737, 0.69, 0.712, 0.729, 0.696, 0.717, 0.719, 0.735, 0.744, 0.723, 0.741, 0.682, 0.711, 0.719, 0.719, 0.724, 0.749, 0.712, 0.718, 0.748, 0.745, 0.744]
Train Scores w/o background: [0.123, 0.21, 0.241, 0.343, 0.414, 0.407, 0.468, 0.393, 0.433, 0.513, 0.538, 0.471, 0.513, 0.463, 0.488, 0.501, 0.535, 0.522, 0.492, 0.527, 0.513, 0.546, 0.531, 0.503, 0.538, 0.547, 0.549, 0.542, 0.534, 0.575, 0.518, 0.554, 0.596, 0.596, 0.469, 0.538, 0.541, 0.559, 0.617, 0.509, 0.605, 0.516, 0.578, 0.584, 0.589, 0.551, 0.453, 0.528, 0.598, 0.589, 0.576, 0.596, 0.587, 0.589, 0.598, 0.582, 0.639, 0.615, 0.652, 0.583, 0.618, 0.65, 0.634, 0.652, 0.611, 0.579, 0.612, 0.575, 0.619, 0.629, 0.666, 0.619, 0.601, 0.632, 0.615, 0.65, 0.634, 0.667, 0.633, 0.568, 0.6, 0.623, 0.577, 0.603, 0.604, 0.629, 0.645, 0.611, 0.637, 0.556, 0.596, 0.608, 0.61, 0.613, 0.654, 0.604, 0.612, 0.659, 0.653, 0.645]
Train Loss: [0.142, 0.087, 0.078, 0.071, 0.064, 0.057, 0.052, 0.048, 0.047, 0.044, 0.041, 0.039, 0.038, 0.037, 0.037, 0.037, 0.036, 0.035, 0.035, 0.034, 0.035, 0.035, 0.036, 0.035, 0.034, 0.034, 0.034, 0.034, 0.033, 0.033, 0.033, 0.032, 0.032, 0.032, 0.032, 0.034, 0.033, 0.032, 0.032, 0.032, 0.032, 0.033, 0.033, 0.032, 0.032, 0.031, 0.032, 0.032, 0.032, 0.031, 0.031, 0.031, 0.031, 0.031, 0.031, 0.031, 0.031, 0.031, 0.03, 0.03, 0.03, 0.03, 0.03, 0.03, 0.03, 0.03, 0.03, 0.03, 0.03, 0.03, 0.03, 0.03, 0.03, 0.03, 0.03, 0.03, 0.03, 0.03, 0.03, 0.03, 0.03, 0.03, 0.03, 0.03, 0.03, 0.029, 0.029, 0.029, 0.029, 0.029, 0.03, 0.029, 0.029, 0.029, 0.029, 0.03, 0.029, 0.029, 0.029, 0.029]
Max test score: 0.586 found at epoch: 76
Max test score shapes: 0.445 found at epoch: 76
Avg generalisation ratio: 0.704
Avg generalisation diff: 0.17