Active: MinSizeBackgroundloss True 1 
Active: MaxSizeBackgroundloss True 20 
Active: MinSizeShapesloss True 30 
Active: MaxSizeShapesloss True 1 

Test Scores: [0.246, 0.288, 0.302, 0.323, 0.324, 0.306, 0.293, 0.248, 0.243, 0.245, 0.238, 0.241, 0.241, 0.247, 0.244, 0.242, 0.243, 0.243, 0.248, 0.244, 0.238, 0.242, 0.243, 0.242, 0.241, 0.242, 0.247, 0.239, 0.239, 0.242, 0.249, 0.243, 0.243, 0.246, 0.248, 0.241, 0.239, 0.245, 0.241, 0.244, 0.239, 0.246, 0.242, 0.244, 0.241, 0.244, 0.244, 0.247, 0.243, 0.246, 0.242, 0.24, 0.241, 0.247, 0.245, 0.239, 0.241, 0.243, 0.248, 0.244, 0.248, 0.244, 0.241, 0.243, 0.24, 0.242, 0.238, 0.247, 0.247, 0.241, 0.246, 0.24, 0.243, 0.241, 0.244, 0.239, 0.24, 0.246, 0.246, 0.238, 0.245, 0.245, 0.244, 0.244, 0.244, 0.239, 0.238, 0.243, 0.247, 0.249, 0.244, 0.24, 0.24, 0.245, 0.247, 0.246, 0.244, 0.245, 0.238, 0.245, 0.239, 0.243, 0.242, 0.238, 0.24, 0.24, 0.247, 0.246, 0.24, 0.24, 0.245, 0.238, 0.243, 0.245, 0.249, 0.248, 0.241, 0.241, 0.246, 0.243, 0.245, 0.239, 0.239, 0.244, 0.247, 0.242, 0.238, 0.241, 0.243, 0.239, 0.239, 0.242, 0.243, 0.246, 0.243, 0.245, 0.246, 0.245, 0.247, 0.244, 0.247, 0.244, 0.246, 0.239, 0.245, 0.24, 0.246, 0.248, 0.248, 0.242, 0.241, 0.248, 0.245, 0.249, 0.242, 0.238, 0.241, 0.245, 0.245, 0.245, 0.243, 0.244, 0.243, 0.247, 0.246, 0.245, 0.249, 0.243, 0.243, 0.245, 0.242, 0.243, 0.244, 0.243, 0.243, 0.242, 0.243, 0.243, 0.243, 0.241]
Test Scores w/o background: [0.052, 0.082, 0.091, 0.118, 0.119, 0.099, 0.082, 0.029, 0.02, 0.023, 0.012, 0.016, 0.017, 0.029, 0.021, 0.017, 0.02, 0.02, 0.027, 0.021, 0.011, 0.017, 0.018, 0.017, 0.016, 0.017, 0.025, 0.013, 0.013, 0.018, 0.028, 0.018, 0.019, 0.023, 0.028, 0.016, 0.014, 0.021, 0.016, 0.02, 0.014, 0.023, 0.017, 0.02, 0.016, 0.02, 0.021, 0.024, 0.019, 0.024, 0.017, 0.014, 0.016, 0.025, 0.022, 0.013, 0.016, 0.019, 0.027, 0.019, 0.027, 0.02, 0.016, 0.019, 0.015, 0.018, 0.012, 0.024, 0.025, 0.016, 0.024, 0.014, 0.018, 0.016, 0.02, 0.012, 0.014, 0.024, 0.024, 0.011, 0.021, 0.022, 0.02, 0.02, 0.019, 0.014, 0.012, 0.019, 0.025, 0.03, 0.02, 0.014, 0.014, 0.021, 0.026, 0.023, 0.021, 0.021, 0.012, 0.021, 0.013, 0.018, 0.017, 0.011, 0.013, 0.015, 0.025, 0.023, 0.015, 0.014, 0.021, 0.011, 0.019, 0.021, 0.027, 0.027, 0.016, 0.015, 0.023, 0.019, 0.021, 0.013, 0.013, 0.02, 0.024, 0.017, 0.012, 0.015, 0.018, 0.013, 0.013, 0.018, 0.019, 0.024, 0.019, 0.022, 0.023, 0.022, 0.025, 0.02, 0.024, 0.021, 0.024, 0.013, 0.022, 0.014, 0.022, 0.029, 0.026, 0.017, 0.015, 0.026, 0.022, 0.028, 0.018, 0.011, 0.016, 0.022, 0.021, 0.023, 0.02, 0.02, 0.02, 0.025, 0.024, 0.023, 0.029, 0.02, 0.018, 0.022, 0.018, 0.018, 0.019, 0.019, 0.018, 0.017, 0.02, 0.019, 0.018, 0.016]
Train Scores: [0.251, 0.294, 0.309, 0.293, 0.305, 0.288, 0.281, 0.245, 0.243, 0.245, 0.241, 0.243, 0.244, 0.242, 0.245, 0.244, 0.244, 0.245, 0.246, 0.245, 0.241, 0.244, 0.245, 0.244, 0.244, 0.244, 0.246, 0.243, 0.243, 0.245, 0.245, 0.245, 0.244, 0.245, 0.245, 0.244, 0.243, 0.245, 0.244, 0.245, 0.243, 0.246, 0.245, 0.245, 0.244, 0.245, 0.245, 0.246, 0.245, 0.244, 0.244, 0.243, 0.245, 0.246, 0.245, 0.242, 0.244, 0.244, 0.245, 0.245, 0.245, 0.244, 0.244, 0.244, 0.244, 0.244, 0.242, 0.247, 0.246, 0.244, 0.246, 0.243, 0.244, 0.244, 0.245, 0.242, 0.244, 0.245, 0.245, 0.241, 0.246, 0.245, 0.245, 0.245, 0.246, 0.243, 0.241, 0.244, 0.246, 0.245, 0.245, 0.244, 0.243, 0.245, 0.245, 0.245, 0.246, 0.245, 0.242, 0.245, 0.243, 0.244, 0.244, 0.241, 0.243, 0.244, 0.246, 0.246, 0.244, 0.243, 0.245, 0.241, 0.245, 0.245, 0.246, 0.246, 0.244, 0.244, 0.246, 0.244, 0.246, 0.243, 0.243, 0.245, 0.247, 0.244, 0.241, 0.244, 0.245, 0.243, 0.243, 0.244, 0.244, 0.245, 0.244, 0.245, 0.246, 0.245, 0.246, 0.245, 0.246, 0.245, 0.246, 0.243, 0.245, 0.244, 0.246, 0.244, 0.246, 0.244, 0.244, 0.246, 0.245, 0.246, 0.245, 0.24, 0.244, 0.246, 0.245, 0.245, 0.244, 0.245, 0.244, 0.246, 0.246, 0.245, 0.244, 0.244, 0.244, 0.245, 0.244, 0.244, 0.245, 0.244, 0.244, 0.244, 0.244, 0.244, 0.244, 0.244]
Train Scores w/o background: [0.059, 0.09, 0.1, 0.081, 0.095, 0.075, 0.066, 0.023, 0.019, 0.021, 0.014, 0.018, 0.018, 0.021, 0.02, 0.018, 0.019, 0.019, 0.022, 0.02, 0.014, 0.019, 0.019, 0.019, 0.018, 0.018, 0.022, 0.017, 0.017, 0.019, 0.022, 0.019, 0.019, 0.021, 0.022, 0.018, 0.017, 0.02, 0.018, 0.02, 0.017, 0.022, 0.019, 0.02, 0.018, 0.02, 0.02, 0.022, 0.019, 0.021, 0.019, 0.017, 0.019, 0.022, 0.02, 0.016, 0.018, 0.019, 0.022, 0.019, 0.022, 0.019, 0.018, 0.019, 0.018, 0.019, 0.015, 0.022, 0.022, 0.018, 0.022, 0.017, 0.019, 0.018, 0.019, 0.015, 0.018, 0.021, 0.022, 0.014, 0.021, 0.02, 0.019, 0.02, 0.02, 0.017, 0.014, 0.019, 0.022, 0.023, 0.019, 0.018, 0.017, 0.021, 0.022, 0.02, 0.021, 0.02, 0.015, 0.021, 0.016, 0.019, 0.018, 0.014, 0.016, 0.018, 0.022, 0.021, 0.018, 0.017, 0.021, 0.014, 0.019, 0.021, 0.022, 0.022, 0.018, 0.018, 0.021, 0.019, 0.021, 0.016, 0.017, 0.02, 0.022, 0.019, 0.014, 0.019, 0.019, 0.016, 0.017, 0.019, 0.019, 0.022, 0.019, 0.02, 0.021, 0.021, 0.022, 0.02, 0.022, 0.02, 0.022, 0.016, 0.02, 0.018, 0.022, 0.022, 0.022, 0.019, 0.018, 0.023, 0.021, 0.023, 0.019, 0.013, 0.019, 0.021, 0.021, 0.02, 0.019, 0.02, 0.019, 0.022, 0.022, 0.021, 0.022, 0.019, 0.019, 0.02, 0.019, 0.019, 0.02, 0.019, 0.019, 0.018, 0.019, 0.019, 0.019, 0.018]
Train Loss: [70.943, 45.627, 33.719, 24.432, 16.88, 12.016, 8.006, 3.448, 0.143, 0.003, 0.002, 0.001, 0.001, 0.001, 0.001, 0.0, 0.0, 0.0, 0.0, 0.0, 0.0, 0.0, 0.0, 0.0, 0.0, 0.0, 0.0, 0.0, 0.0, 0.0, 0.0, 0.0, 0.0, 0.0, 0.0, 0.0, 0.0, 0.0, 0.0, 0.0, 0.0, 0.0, 0.0, 0.0, 0.0, 0.0, 0.0, 0.0, 0.0, 0.0, 0.0, 0.0, 0.0, 0.0, 0.0, 0.0, 0.0, 0.0, 0.0, 0.0, 0.0, 0.0, 0.0, 0.0, 0.0, 0.0, 0.0, 0.0, 0.0, 0.0, 0.0, 0.0, 0.0, 0.0, 0.0, 0.0, 0.0, 0.0, 0.0, 0.0, 0.0, 0.0, 0.0, 0.0, 0.0, 0.0, 0.0, 0.0, 0.0, 0.0, 0.0, 0.0, 0.0, 0.0, 0.0, 0.0, 0.0, 0.0, 0.0, 0.0, 0.0, 0.0, 0.0, 0.0, 0.0, 0.0, 0.0, 0.0, 0.0, 0.0, 0.0, 0.0, 0.0, 0.0, 0.0, 0.0, 0.0, 0.0, 0.0, 0.0, 0.0, 0.0, 0.0, 0.0, 0.0, 0.0, 0.0, 0.0, 0.0, 0.0, 0.0, 0.0, 0.0, 0.0, 0.0, 0.0, 0.0, 0.0, 0.0, 0.0, 0.0, 0.0, 0.0, 0.0, 0.0, 0.0, 0.0, 0.0, 0.0, 0.0, 0.0, 0.0, 0.0, 0.0, 0.0, 0.0, 0.0, 0.0, 0.0, 0.0, 0.0, 0.0, 0.0, 0.0, 0.0, 0.0, 0.0, 0.0, 0.0, 0.0, 0.0, 0.0, 0.0, 0.0, 0.0, 0.0, 0.0, 0.0, 0.0, 0.0]
Test Loss: [71.9, 46.019, 34.053, 24.675, 17.028, 12.152, 8.139, 3.563, 0.158, 0.023, 0.008, 0.007, 0.004, 0.003, 0.002, 0.001, 0.001, 0.001, 0.0, 0.0, 0.0, 0.0, 0.0, 0.0, 0.0, 0.0, 0.0, 0.0, 0.0, 0.0, 0.0, 0.0, 0.0, 0.0, 0.0, 0.0, 0.0, 0.0, 0.0, 0.0, 0.0, 0.0, 0.0, 0.0, 0.0, 0.0, 0.0, 0.0, 0.0, 0.0, 0.0, 0.0, 0.0, 0.0, 0.0, 0.0, 0.0, 0.0, 0.0, 0.0, 0.0, 0.0, 0.0, 0.0, 0.0, 0.0, 0.0, 0.0, 0.0, 0.0, 0.0, 0.0, 0.0, 0.0, 0.0, 0.0, 0.0, 0.0, 0.0, 0.0, 0.0, 0.0, 0.0, 0.0, 0.0, 0.0, 0.0, 0.0, 0.0, 0.0, 0.0, 0.0, 0.0, 0.0, 0.0, 0.0, 0.0, 0.0, 0.0, 0.0, 0.0, 0.0, 0.0, 0.0, 0.0, 0.0, 0.0, 0.0, 0.0, 0.0, 0.0, 0.0, 0.0, 0.0, 0.0, 0.0, 0.0, 0.0, 0.0, 0.0, 0.0, 0.0, 0.0, 0.0, 0.0, 0.0, 0.0, 0.0, 0.0, 0.0, 0.0, 0.0, 0.0, 0.0, 0.0, 0.0, 0.0, 0.0, 0.0, 0.0, 0.0, 0.0, 0.0, 0.0, 0.0, 0.0, 0.0, 0.0, 0.0, 0.0, 0.0, 0.0, 0.0, 0.0, 0.0, 0.0, 0.0, 0.0, 0.0, 0.0, 0.0, 0.0, 0.0, 0.0, 0.0, 0.0, 0.0, 0.0, 0.0, 0.0, 0.0, 0.0, 0.0, 0.0, 0.0, 0.0, 0.0, 0.0, 0.0, 0.0]
Max test score: 0.324 found at epoch: 5
Max test score shapes: 0.119 found at epoch: 5
