Active: OneHotloss True 10 
Active: MinSizeBackgroundloss True 1 
Active: MaxSizeBackgroundloss True 20 
Active: MinSizeShapesloss True 30 
Active: MaxSizeShapesloss True 1 
Active: Smoothnessloss True 100 

Test Scores: [0.244, 0.285, 0.298, 0.273, 0.257, 0.242, 0.242, 0.24, 0.251, 0.269, 0.273, 0.266, 0.261, 0.244, 0.247, 0.259, 0.266, 0.257, 0.259, 0.247, 0.251, 0.266, 0.252, 0.258, 0.255, 0.253, 0.249, 0.248, 0.245, 0.248, 0.247, 0.243, 0.237, 0.24, 0.235, 0.234, 0.24, 0.235, 0.231, 0.227, 0.226, 0.233, 0.231, 0.222, 0.222, 0.229, 0.227, 0.234, 0.237, 0.243, 0.24, 0.236, 0.239, 0.242, 0.233, 0.227, 0.235, 0.238, 0.23, 0.236, 0.237, 0.227, 0.216, 0.204, 0.199, 0.198, 0.2, 0.202, 0.207, 0.21, 0.21, 0.21, 0.211, 0.213, 0.209, 0.208, 0.201, 0.195, 0.194, 0.187, 0.185, 0.186, 0.189, 0.189, 0.19, 0.198, 0.192, 0.191, 0.193, 0.196, 0.2, 0.211, 0.219, 0.208, 0.191, 0.193, 0.186, 0.194, 0.207, 0.213, 0.212, 0.218, 0.215, 0.205, 0.2, 0.201, 0.196, 0.209, 0.204, 0.201, 0.213, 0.197, 0.203, 0.199, 0.2, 0.208, 0.204, 0.208, 0.217, 0.216, 0.215, 0.216, 0.218, 0.217, 0.216, 0.221, 0.215, 0.22, 0.218, 0.214, 0.214, 0.215, 0.214, 0.213, 0.211, 0.216, 0.213, 0.215, 0.215, 0.215, 0.215, 0.215, 0.216, 0.221, 0.211, 0.225, 0.22, 0.214, 0.213, 0.221, 0.213, 0.206, 0.203, 0.209, 0.202, 0.215, 0.209, 0.205, 0.21, 0.2, 0.2, 0.206, 0.204, 0.201, 0.206, 0.206, 0.205, 0.206, 0.206, 0.204, 0.206, 0.206, 0.204, 0.198, 0.208, 0.2, 0.207, 0.203, 0.206, 0.201]
Test Scores w/o background: [0.051, 0.08, 0.088, 0.061, 0.043, 0.026, 0.022, 0.02, 0.027, 0.047, 0.053, 0.047, 0.05, 0.052, 0.048, 0.05, 0.055, 0.048, 0.049, 0.042, 0.044, 0.053, 0.044, 0.047, 0.046, 0.045, 0.042, 0.041, 0.04, 0.041, 0.041, 0.039, 0.034, 0.033, 0.028, 0.031, 0.034, 0.033, 0.031, 0.028, 0.029, 0.025, 0.025, 0.024, 0.025, 0.027, 0.025, 0.028, 0.032, 0.037, 0.036, 0.033, 0.034, 0.034, 0.028, 0.023, 0.029, 0.03, 0.022, 0.027, 0.028, 0.017, 0.007, 0.001, 0.0, 0.0, 0.0, 0.0, 0.0, 0.0, 0.0, 0.001, 0.001, 0.001, 0.001, 0.0, 0.0, 0.0, 0.0, 0.0, 0.0, 0.0, 0.0, 0.0, 0.001, 0.002, 0.0, 0.0, 0.0, 0.001, 0.001, 0.004, 0.014, 0.012, 0.004, 0.005, 0.006, 0.007, 0.007, 0.011, 0.01, 0.012, 0.012, 0.008, 0.003, 0.003, 0.004, 0.012, 0.014, 0.012, 0.014, 0.008, 0.01, 0.008, 0.01, 0.014, 0.011, 0.012, 0.018, 0.017, 0.017, 0.017, 0.016, 0.015, 0.016, 0.016, 0.015, 0.013, 0.014, 0.014, 0.015, 0.015, 0.015, 0.015, 0.016, 0.017, 0.017, 0.018, 0.019, 0.019, 0.02, 0.019, 0.02, 0.021, 0.021, 0.023, 0.021, 0.02, 0.019, 0.02, 0.018, 0.017, 0.017, 0.016, 0.016, 0.016, 0.015, 0.014, 0.014, 0.014, 0.014, 0.013, 0.014, 0.013, 0.013, 0.012, 0.012, 0.011, 0.011, 0.011, 0.011, 0.01, 0.011, 0.011, 0.01, 0.012, 0.011, 0.011, 0.011, 0.012]
Train Scores: [0.25, 0.291, 0.301, 0.269, 0.262, 0.247, 0.245, 0.243, 0.255, 0.271, 0.273, 0.269, 0.267, 0.251, 0.26, 0.268, 0.274, 0.263, 0.265, 0.254, 0.258, 0.273, 0.259, 0.267, 0.263, 0.261, 0.255, 0.254, 0.251, 0.255, 0.253, 0.248, 0.241, 0.248, 0.242, 0.24, 0.246, 0.239, 0.236, 0.233, 0.234, 0.24, 0.236, 0.229, 0.227, 0.233, 0.23, 0.238, 0.242, 0.25, 0.247, 0.243, 0.248, 0.251, 0.241, 0.234, 0.243, 0.245, 0.237, 0.244, 0.245, 0.233, 0.221, 0.207, 0.202, 0.201, 0.201, 0.204, 0.209, 0.212, 0.212, 0.211, 0.214, 0.217, 0.212, 0.21, 0.203, 0.197, 0.196, 0.189, 0.187, 0.187, 0.191, 0.191, 0.191, 0.2, 0.193, 0.193, 0.195, 0.197, 0.201, 0.213, 0.225, 0.213, 0.196, 0.199, 0.193, 0.199, 0.213, 0.219, 0.218, 0.225, 0.221, 0.21, 0.204, 0.205, 0.2, 0.215, 0.21, 0.206, 0.218, 0.202, 0.208, 0.205, 0.206, 0.214, 0.21, 0.213, 0.223, 0.222, 0.22, 0.221, 0.223, 0.222, 0.222, 0.225, 0.22, 0.223, 0.222, 0.22, 0.219, 0.221, 0.22, 0.219, 0.218, 0.222, 0.22, 0.222, 0.222, 0.222, 0.223, 0.223, 0.224, 0.228, 0.219, 0.232, 0.227, 0.222, 0.221, 0.228, 0.221, 0.214, 0.211, 0.217, 0.21, 0.222, 0.218, 0.213, 0.217, 0.209, 0.208, 0.214, 0.212, 0.208, 0.213, 0.213, 0.212, 0.214, 0.214, 0.212, 0.213, 0.213, 0.211, 0.205, 0.215, 0.207, 0.215, 0.21, 0.214, 0.209]
Train Scores w/o background: [0.059, 0.088, 0.092, 0.055, 0.048, 0.03, 0.026, 0.023, 0.03, 0.05, 0.052, 0.052, 0.056, 0.061, 0.061, 0.06, 0.064, 0.055, 0.056, 0.049, 0.052, 0.063, 0.052, 0.058, 0.055, 0.054, 0.049, 0.048, 0.047, 0.049, 0.048, 0.045, 0.04, 0.042, 0.037, 0.038, 0.041, 0.038, 0.037, 0.036, 0.037, 0.032, 0.03, 0.032, 0.031, 0.032, 0.03, 0.034, 0.039, 0.045, 0.045, 0.041, 0.044, 0.045, 0.037, 0.031, 0.037, 0.037, 0.03, 0.035, 0.038, 0.024, 0.012, 0.002, 0.0, 0.0, 0.0, 0.0, 0.0, 0.0, 0.0, 0.001, 0.003, 0.003, 0.002, 0.001, 0.001, 0.001, 0.0, 0.0, 0.0, 0.0, 0.001, 0.001, 0.001, 0.003, 0.001, 0.0, 0.0, 0.001, 0.002, 0.005, 0.019, 0.016, 0.006, 0.007, 0.009, 0.01, 0.011, 0.016, 0.014, 0.017, 0.017, 0.012, 0.006, 0.005, 0.006, 0.015, 0.016, 0.013, 0.016, 0.009, 0.011, 0.01, 0.012, 0.016, 0.014, 0.015, 0.022, 0.021, 0.021, 0.021, 0.02, 0.019, 0.02, 0.019, 0.019, 0.016, 0.018, 0.018, 0.019, 0.019, 0.02, 0.02, 0.021, 0.021, 0.022, 0.023, 0.024, 0.024, 0.025, 0.025, 0.026, 0.026, 0.026, 0.028, 0.026, 0.026, 0.024, 0.025, 0.024, 0.022, 0.021, 0.021, 0.02, 0.02, 0.02, 0.019, 0.018, 0.018, 0.017, 0.017, 0.018, 0.017, 0.017, 0.016, 0.016, 0.015, 0.015, 0.014, 0.015, 0.014, 0.014, 0.014, 0.014, 0.015, 0.015, 0.015, 0.015, 0.015]
Train Loss: [88.65, 63.784, 52.736, 43.773, 35.839, 30.517, 26.296, 21.518, 16.805, 13.985, 11.994, 10.157, 8.706, 7.457, 6.209, 5.002, 3.912, 3.023, 2.2, 1.606, 1.259, 1.156, 1.036, 0.931, 0.843, 0.768, 0.657, 0.587, 0.508, 0.443, 0.399, 0.367, 0.328, 0.268, 0.221, 0.164, 0.133, 0.107, 0.09, 0.094, 0.061, 0.077, 0.05, 0.04, 0.04, 0.025, 0.034, 0.011, 0.01, 0.01, 0.014, 0.073, 0.176, 0.135, 0.077, 0.027, 0.079, 0.084, 0.036, 0.031, 0.068, 0.004, 0.006, 0.005, 0.004, 0.009, 0.103, 0.044, 0.058, 0.048, 0.018, 0.1, 0.027, 0.007, 0.006, 0.012, 0.004, 0.005, 0.005, 0.005, 0.005, 0.004, 0.004, 0.004, 0.131, 0.006, 0.004, 0.003, 0.015, 0.011, 0.022, 0.146, 0.068, 0.048, 0.007, 0.004, 0.023, 0.007, 0.005, 0.003, 0.018, 0.145, 0.011, 0.004, 0.004, 0.017, 0.123, 0.094, 0.03, 0.018, 0.049, 0.039, 0.026, 0.004, 0.018, 0.024, 0.022, 0.021, 0.007, 0.004, 0.003, 0.003, 0.007, 0.003, 0.004, 0.005, 0.006, 0.006, 0.004, 0.005, 0.006, 0.006, 0.007, 0.007, 0.005, 0.005, 0.007, 0.008, 0.008, 0.01, 0.01, 0.01, 0.01, 0.011, 0.012, 0.011, 0.01, 0.007, 0.006, 0.004, 0.005, 0.005, 0.005, 0.007, 0.006, 0.008, 0.009, 0.009, 0.009, 0.01, 0.011, 0.01, 0.01, 0.011, 0.01, 0.006, 0.006, 0.006, 0.006, 0.006, 0.006, 0.006, 0.006, 0.005, 0.006, 0.005, 0.005, 0.006, 0.007, 0.003]
Test Loss: [89.588, 64.137, 53.05, 43.995, 35.992, 30.635, 26.464, 21.65, 16.898, 14.029, 12.051, 10.201, 8.707, 7.473, 6.253, 5.05, 3.929, 3.034, 2.233, 1.632, 1.285, 1.166, 1.024, 0.918, 0.845, 0.805, 0.663, 0.606, 0.558, 0.475, 0.414, 0.391, 0.339, 0.287, 0.227, 0.175, 0.141, 0.157, 0.106, 0.101, 0.04, 0.031, 0.027, 0.028, 0.044, 0.022, 0.023, 0.011, 0.026, 0.028, 0.014, 0.086, 0.078, 0.029, 0.007, 0.016, 0.027, 0.067, 0.026, 0.029, 0.011, 0.004, 0.004, 0.005, 0.004, 0.004, 0.091, 0.066, 0.043, 0.013, 0.009, 0.097, 0.013, 0.018, 0.033, 0.015, 0.004, 0.005, 0.005, 0.005, 0.004, 0.004, 0.004, 0.004, 0.187, 0.004, 0.004, 0.003, 0.011, 0.002, 0.002, 0.209, 0.142, 0.075, 0.005, 0.004, 0.012, 0.016, 0.004, 0.003, 0.002, 0.043, 0.003, 0.003, 0.004, 0.031, 0.142, 0.329, 0.179, 0.093, 0.087, 0.033, 0.004, 0.012, 0.021, 0.008, 0.002, 0.003, 0.003, 0.003, 0.003, 0.003, 0.003, 0.003, 0.003, 0.003, 0.003, 0.003, 0.003, 0.003, 0.003, 0.003, 0.003, 0.003, 0.003, 0.003, 0.003, 0.003, 0.003, 0.003, 0.003, 0.003, 0.003, 0.003, 0.003, 0.003, 0.003, 0.003, 0.003, 0.003, 0.003, 0.003, 0.003, 0.003, 0.003, 0.003, 0.003, 0.002, 0.002, 0.002, 0.002, 0.002, 0.002, 0.002, 0.002, 0.002, 0.002, 0.003, 0.003, 0.003, 0.003, 0.002, 0.003, 0.003, 0.003, 0.002, 0.002, 0.002, 0.003, 0.002]
Max test score: 0.298 found at epoch: 3
Max test score shapes: 0.088 found at epoch: 3
