Active: OneHotloss True 10 
Active: MinSizeBackgroundloss True 1 
Active: MaxSizeBackgroundloss True 20 
Active: MinSizeShapesloss True 30 
Active: MaxSizeShapesloss True 1 

Test Scores: [0.24, 0.282, 0.289, 0.3, 0.327, 0.321, 0.31, 0.284, 0.275, 0.256, 0.267, 0.268, 0.267, 0.259, 0.26, 0.261, 0.259, 0.257, 0.255, 0.245, 0.258, 0.259, 0.254, 0.265, 0.262, 0.26, 0.256, 0.261, 0.251, 0.249, 0.249, 0.257, 0.254, 0.256, 0.252, 0.25, 0.25, 0.239, 0.231, 0.24, 0.241, 0.242, 0.241, 0.243, 0.235, 0.233, 0.238, 0.24, 0.233, 0.233, 0.227, 0.233, 0.233, 0.233, 0.231, 0.238, 0.235, 0.241, 0.243, 0.241, 0.236, 0.236, 0.233, 0.233, 0.233, 0.239, 0.225, 0.236, 0.23, 0.228, 0.245, 0.234, 0.237, 0.237, 0.241, 0.242, 0.243, 0.242, 0.248, 0.244, 0.245, 0.242, 0.243, 0.249, 0.251, 0.252, 0.253, 0.245, 0.239, 0.241, 0.243, 0.246, 0.244, 0.246, 0.239, 0.242, 0.245, 0.247, 0.25, 0.252, 0.251, 0.247, 0.248, 0.246, 0.245, 0.24, 0.23, 0.226, 0.225, 0.229, 0.227, 0.224, 0.228, 0.227, 0.223, 0.222, 0.219, 0.22, 0.221, 0.224, 0.22, 0.222, 0.221, 0.224, 0.225, 0.218, 0.216, 0.212, 0.219, 0.218, 0.22, 0.217, 0.219, 0.222, 0.216, 0.217, 0.221, 0.222, 0.222, 0.221, 0.221, 0.22, 0.217, 0.219, 0.218, 0.221, 0.221, 0.222, 0.22, 0.215, 0.218, 0.219, 0.221, 0.219, 0.218, 0.216, 0.22, 0.223, 0.221, 0.223, 0.225, 0.22, 0.218, 0.224, 0.223, 0.222, 0.224, 0.221, 0.216, 0.222, 0.22, 0.224, 0.22, 0.221, 0.223, 0.214, 0.217, 0.218, 0.217, 0.219]
Test Scores w/o background: [0.046, 0.075, 0.072, 0.095, 0.124, 0.116, 0.103, 0.069, 0.059, 0.043, 0.051, 0.05, 0.05, 0.043, 0.044, 0.044, 0.041, 0.041, 0.04, 0.036, 0.043, 0.044, 0.041, 0.047, 0.045, 0.044, 0.042, 0.046, 0.039, 0.036, 0.039, 0.044, 0.042, 0.042, 0.039, 0.038, 0.037, 0.028, 0.025, 0.029, 0.03, 0.031, 0.03, 0.03, 0.025, 0.024, 0.026, 0.026, 0.022, 0.022, 0.021, 0.025, 0.024, 0.023, 0.022, 0.025, 0.027, 0.03, 0.029, 0.029, 0.025, 0.024, 0.023, 0.022, 0.025, 0.03, 0.024, 0.028, 0.025, 0.026, 0.032, 0.027, 0.024, 0.028, 0.03, 0.03, 0.03, 0.032, 0.033, 0.039, 0.04, 0.029, 0.026, 0.035, 0.04, 0.039, 0.043, 0.03, 0.027, 0.033, 0.031, 0.031, 0.031, 0.034, 0.023, 0.025, 0.032, 0.034, 0.036, 0.04, 0.035, 0.027, 0.041, 0.046, 0.035, 0.034, 0.016, 0.019, 0.025, 0.022, 0.015, 0.021, 0.019, 0.017, 0.011, 0.01, 0.008, 0.009, 0.012, 0.01, 0.012, 0.01, 0.01, 0.008, 0.009, 0.01, 0.011, 0.013, 0.008, 0.008, 0.007, 0.008, 0.008, 0.007, 0.009, 0.009, 0.008, 0.007, 0.008, 0.008, 0.008, 0.008, 0.01, 0.009, 0.009, 0.007, 0.007, 0.007, 0.007, 0.01, 0.007, 0.007, 0.006, 0.007, 0.007, 0.008, 0.006, 0.006, 0.006, 0.007, 0.006, 0.008, 0.01, 0.008, 0.008, 0.008, 0.007, 0.008, 0.011, 0.007, 0.009, 0.007, 0.009, 0.008, 0.007, 0.012, 0.01, 0.01, 0.01, 0.007]
Train Scores: [0.248, 0.287, 0.296, 0.28, 0.305, 0.301, 0.291, 0.278, 0.273, 0.261, 0.274, 0.276, 0.273, 0.267, 0.267, 0.27, 0.267, 0.265, 0.263, 0.252, 0.265, 0.266, 0.26, 0.273, 0.27, 0.267, 0.262, 0.264, 0.253, 0.249, 0.251, 0.258, 0.255, 0.26, 0.256, 0.254, 0.253, 0.243, 0.234, 0.243, 0.245, 0.245, 0.243, 0.246, 0.237, 0.235, 0.24, 0.241, 0.234, 0.235, 0.23, 0.237, 0.236, 0.236, 0.235, 0.243, 0.239, 0.247, 0.249, 0.247, 0.242, 0.24, 0.236, 0.236, 0.236, 0.242, 0.226, 0.238, 0.231, 0.229, 0.245, 0.234, 0.238, 0.237, 0.241, 0.243, 0.245, 0.243, 0.247, 0.245, 0.246, 0.244, 0.242, 0.249, 0.252, 0.252, 0.252, 0.247, 0.239, 0.241, 0.242, 0.245, 0.242, 0.245, 0.239, 0.24, 0.243, 0.247, 0.249, 0.254, 0.248, 0.244, 0.247, 0.243, 0.241, 0.237, 0.229, 0.224, 0.223, 0.228, 0.226, 0.221, 0.225, 0.225, 0.223, 0.223, 0.221, 0.221, 0.221, 0.224, 0.221, 0.223, 0.222, 0.225, 0.225, 0.219, 0.217, 0.212, 0.22, 0.219, 0.221, 0.218, 0.22, 0.223, 0.217, 0.218, 0.221, 0.223, 0.223, 0.222, 0.222, 0.221, 0.218, 0.219, 0.219, 0.222, 0.222, 0.223, 0.221, 0.216, 0.219, 0.221, 0.222, 0.22, 0.219, 0.217, 0.221, 0.223, 0.222, 0.223, 0.224, 0.221, 0.219, 0.225, 0.223, 0.223, 0.225, 0.222, 0.216, 0.223, 0.22, 0.225, 0.22, 0.222, 0.224, 0.214, 0.218, 0.219, 0.217, 0.22]
Train Scores w/o background: [0.057, 0.081, 0.082, 0.069, 0.095, 0.09, 0.078, 0.061, 0.057, 0.049, 0.058, 0.058, 0.056, 0.052, 0.053, 0.054, 0.051, 0.051, 0.049, 0.043, 0.051, 0.052, 0.049, 0.057, 0.055, 0.053, 0.049, 0.049, 0.04, 0.035, 0.04, 0.043, 0.042, 0.047, 0.045, 0.044, 0.04, 0.033, 0.028, 0.032, 0.034, 0.033, 0.032, 0.033, 0.028, 0.026, 0.028, 0.027, 0.024, 0.025, 0.025, 0.028, 0.028, 0.028, 0.028, 0.032, 0.034, 0.037, 0.037, 0.037, 0.034, 0.03, 0.028, 0.027, 0.03, 0.033, 0.027, 0.032, 0.028, 0.029, 0.034, 0.028, 0.026, 0.029, 0.031, 0.033, 0.033, 0.035, 0.033, 0.041, 0.043, 0.032, 0.024, 0.035, 0.042, 0.039, 0.044, 0.031, 0.026, 0.032, 0.03, 0.028, 0.029, 0.031, 0.022, 0.021, 0.029, 0.032, 0.033, 0.042, 0.031, 0.022, 0.039, 0.043, 0.029, 0.03, 0.014, 0.018, 0.022, 0.021, 0.013, 0.018, 0.016, 0.015, 0.012, 0.01, 0.01, 0.01, 0.012, 0.011, 0.012, 0.01, 0.011, 0.009, 0.009, 0.011, 0.012, 0.013, 0.009, 0.01, 0.008, 0.01, 0.009, 0.007, 0.01, 0.01, 0.009, 0.008, 0.009, 0.009, 0.009, 0.009, 0.011, 0.01, 0.01, 0.008, 0.008, 0.007, 0.008, 0.01, 0.008, 0.008, 0.007, 0.008, 0.008, 0.009, 0.008, 0.006, 0.007, 0.007, 0.005, 0.009, 0.011, 0.008, 0.009, 0.009, 0.007, 0.009, 0.011, 0.009, 0.01, 0.008, 0.01, 0.009, 0.008, 0.012, 0.012, 0.011, 0.011, 0.009]
Train Loss: [78.173, 52.316, 40.307, 30.927, 23.204, 18.07, 13.739, 8.943, 4.836, 3.934, 3.17, 2.625, 2.154, 1.754, 1.413, 1.12, 0.875, 0.666, 0.496, 0.386, 0.34, 0.287, 0.342, 0.35, 0.375, 0.471, 0.394, 0.359, 0.351, 0.356, 0.314, 0.335, 0.271, 0.28, 0.298, 0.311, 0.301, 0.339, 0.285, 0.322, 0.324, 0.299, 0.255, 0.232, 0.244, 0.232, 0.258, 0.231, 0.21, 0.209, 0.234, 0.254, 0.234, 0.185, 0.194, 0.149, 0.165, 0.16, 0.183, 0.141, 0.106, 0.136, 0.094, 0.077, 0.07, 0.063, 0.046, 0.082, 0.05, 0.064, 0.046, 0.021, 0.089, 0.03, 0.039, 0.056, 0.037, 0.02, 0.036, 0.038, 0.021, 0.028, 0.029, 0.026, 0.004, 0.022, 0.004, 0.034, 0.038, 0.017, 0.018, 0.008, 0.031, 0.008, 0.006, 0.054, 0.004, 0.004, 0.005, 0.033, 0.09, 0.115, 0.023, 0.009, 0.003, 0.003, 0.051, 0.029, 0.011, 0.003, 0.003, 0.009, 0.025, 0.043, 0.008, 0.024, 0.058, 0.069, 0.013, 0.02, 0.017, 0.028, 0.065, 0.098, 0.066, 0.05, 0.027, 0.026, 0.022, 0.023, 0.026, 0.028, 0.019, 0.017, 0.017, 0.019, 0.018, 0.016, 0.014, 0.009, 0.007, 0.007, 0.008, 0.007, 0.007, 0.008, 0.011, 0.013, 0.012, 0.014, 0.022, 0.021, 0.021, 0.025, 0.012, 0.008, 0.007, 0.006, 0.007, 0.004, 0.003, 0.002, 0.002, 0.004, 0.004, 0.005, 0.028, 0.067, 0.052, 0.027, 0.015, 0.011, 0.01, 0.009, 0.005, 0.004, 0.005, 0.007, 0.016, 0.02]
Test Loss: [79.146, 52.715, 40.633, 31.127, 23.361, 18.185, 13.886, 9.085, 4.854, 4.03, 3.196, 2.689, 2.225, 1.841, 1.457, 1.145, 0.916, 0.688, 0.549, 0.434, 0.368, 0.301, 0.362, 0.433, 0.47, 0.636, 0.626, 0.519, 0.474, 0.453, 0.38, 0.382, 0.347, 0.327, 0.365, 0.382, 0.337, 0.371, 0.283, 0.297, 0.335, 0.289, 0.22, 0.248, 0.227, 0.206, 0.267, 0.246, 0.17, 0.159, 0.248, 0.282, 0.257, 0.221, 0.264, 0.206, 0.152, 0.146, 0.127, 0.207, 0.102, 0.189, 0.109, 0.081, 0.087, 0.09, 0.033, 0.072, 0.056, 0.086, 0.05, 0.038, 0.089, 0.049, 0.041, 0.023, 0.015, 0.008, 0.011, 0.036, 0.01, 0.037, 0.04, 0.021, 0.004, 0.019, 0.004, 0.024, 0.018, 0.008, 0.023, 0.01, 0.049, 0.003, 0.003, 0.089, 0.004, 0.004, 0.003, 0.023, 0.025, 0.009, 0.003, 0.003, 0.003, 0.003, 0.103, 0.058, 0.021, 0.003, 0.003, 0.003, 0.034, 0.025, 0.008, 0.003, 0.008, 0.005, 0.003, 0.003, 0.002, 0.002, 0.033, 0.061, 0.045, 0.011, 0.004, 0.002, 0.011, 0.011, 0.015, 0.019, 0.002, 0.002, 0.012, 0.013, 0.021, 0.017, 0.015, 0.002, 0.002, 0.002, 0.002, 0.002, 0.002, 0.002, 0.002, 0.002, 0.002, 0.002, 0.002, 0.002, 0.011, 0.006, 0.002, 0.002, 0.002, 0.006, 0.015, 0.002, 0.002, 0.002, 0.002, 0.002, 0.002, 0.002, 0.027, 0.079, 0.057, 0.018, 0.01, 0.007, 0.009, 0.011, 0.004, 0.008, 0.005, 0.009, 0.034, 0.049]
Max test score: 0.327 found at epoch: 5
Max test score shapes: 0.124 found at epoch: 5
