FullySupervisedPercentage: 0.5
logic loss multiplier: 0.01
Active: OneHotloss True 15 
Active: MinSizeBackgroundloss True 1 
Active: MaxSizeBackgroundloss True 20 
Active: MinSizeShapesloss True 30 
Active: MaxSizeShapesloss True 1 

Test Scores: [0.238, 0.284, 0.325, 0.364, 0.398, 0.431, 0.503, 0.468, 0.586, 0.574, 0.607, 0.6, 0.564, 0.627, 0.657, 0.711, 0.728, 0.678, 0.699, 0.683, 0.667, 0.739, 0.744, 0.748, 0.673, 0.748, 0.752, 0.734, 0.749, 0.725, 0.747, 0.692, 0.683, 0.761, 0.755, 0.761, 0.731, 0.755, 0.796, 0.732, 0.755, 0.702, 0.769, 0.757, 0.775, 0.762, 0.743, 0.723, 0.779, 0.756, 0.804, 0.742, 0.706, 0.733, 0.742, 0.777, 0.727, 0.75, 0.71, 0.801, 0.783, 0.77, 0.71, 0.766, 0.762, 0.775, 0.792, 0.713, 0.763, 0.749, 0.72, 0.738, 0.76, 0.787, 0.771, 0.78, 0.787, 0.757, 0.771, 0.775, 0.725, 0.742, 0.787, 0.757, 0.796, 0.68, 0.769, 0.778, 0.751, 0.825, 0.795, 0.747, 0.798, 0.798, 0.774, 0.743, 0.775, 0.771, 0.788, 0.781]
Test Scores w/o background: [0.051, 0.084, 0.123, 0.168, 0.209, 0.254, 0.346, 0.297, 0.453, 0.435, 0.479, 0.47, 0.421, 0.504, 0.544, 0.616, 0.638, 0.571, 0.6, 0.579, 0.556, 0.653, 0.659, 0.665, 0.565, 0.664, 0.67, 0.646, 0.667, 0.634, 0.663, 0.59, 0.578, 0.682, 0.675, 0.682, 0.642, 0.675, 0.728, 0.643, 0.674, 0.603, 0.693, 0.676, 0.7, 0.684, 0.658, 0.632, 0.706, 0.676, 0.74, 0.656, 0.609, 0.644, 0.657, 0.703, 0.637, 0.667, 0.614, 0.735, 0.711, 0.695, 0.614, 0.688, 0.683, 0.7, 0.723, 0.618, 0.684, 0.666, 0.627, 0.651, 0.681, 0.716, 0.696, 0.708, 0.717, 0.676, 0.696, 0.701, 0.634, 0.656, 0.716, 0.677, 0.729, 0.574, 0.693, 0.705, 0.669, 0.767, 0.727, 0.663, 0.731, 0.731, 0.699, 0.658, 0.701, 0.695, 0.718, 0.708]
Train Scores: [0.244, 0.293, 0.335, 0.371, 0.417, 0.461, 0.542, 0.526, 0.623, 0.616, 0.668, 0.662, 0.634, 0.71, 0.725, 0.77, 0.793, 0.772, 0.781, 0.771, 0.764, 0.804, 0.813, 0.8, 0.769, 0.801, 0.811, 0.788, 0.826, 0.793, 0.802, 0.761, 0.746, 0.824, 0.799, 0.828, 0.785, 0.796, 0.86, 0.797, 0.829, 0.765, 0.847, 0.83, 0.836, 0.826, 0.821, 0.793, 0.832, 0.837, 0.856, 0.829, 0.772, 0.786, 0.816, 0.828, 0.796, 0.824, 0.799, 0.86, 0.858, 0.842, 0.82, 0.852, 0.805, 0.834, 0.863, 0.786, 0.829, 0.858, 0.806, 0.82, 0.87, 0.86, 0.867, 0.84, 0.853, 0.849, 0.85, 0.859, 0.81, 0.825, 0.882, 0.83, 0.862, 0.752, 0.871, 0.864, 0.851, 0.889, 0.856, 0.843, 0.871, 0.888, 0.845, 0.833, 0.854, 0.848, 0.866, 0.858]
Train Scores w/o background: [0.059, 0.095, 0.136, 0.176, 0.235, 0.292, 0.399, 0.375, 0.502, 0.492, 0.561, 0.552, 0.515, 0.615, 0.635, 0.694, 0.726, 0.696, 0.709, 0.696, 0.686, 0.739, 0.751, 0.734, 0.693, 0.735, 0.748, 0.718, 0.769, 0.724, 0.736, 0.681, 0.662, 0.765, 0.733, 0.771, 0.714, 0.729, 0.814, 0.73, 0.773, 0.688, 0.796, 0.774, 0.782, 0.769, 0.762, 0.725, 0.777, 0.783, 0.809, 0.772, 0.697, 0.716, 0.755, 0.771, 0.728, 0.766, 0.733, 0.813, 0.811, 0.79, 0.761, 0.803, 0.741, 0.779, 0.817, 0.715, 0.772, 0.811, 0.742, 0.761, 0.827, 0.813, 0.823, 0.787, 0.804, 0.799, 0.8, 0.813, 0.747, 0.766, 0.843, 0.773, 0.816, 0.67, 0.829, 0.82, 0.802, 0.853, 0.809, 0.791, 0.829, 0.851, 0.794, 0.778, 0.805, 0.798, 0.822, 0.811]
Train Loss: [1.525, 1.314, 1.211, 1.14, 1.073, 1.01, 0.956, 0.898, 0.838, 0.786, 0.749, 0.723, 0.697, 0.671, 0.644, 0.621, 0.598, 0.576, 0.556, 0.537, 0.519, 0.503, 0.488, 0.474, 0.461, 0.45, 0.441, 0.432, 0.424, 0.417, 0.412, 0.407, 0.403, 0.399, 0.395, 0.393, 0.39, 0.389, 0.387, 0.386, 0.385, 0.383, 0.382, 0.381, 0.381, 0.38, 0.38, 0.38, 0.379, 0.379, 0.378, 0.378, 0.378, 0.378, 0.378, 0.377, 0.377, 0.377, 0.377, 0.377, 0.377, 0.377, 0.377, 0.377, 0.376, 0.376, 0.376, 0.376, 0.376, 0.376, 0.376, 0.376, 0.376, 0.376, 0.376, 0.376, 0.376, 0.376, 0.375, 0.375, 0.376, 0.376, 0.376, 0.376, 0.376, 0.376, 0.375, 0.375, 0.375, 0.375, 0.375, 0.375, 0.375, 0.375, 0.375, 0.375, 0.375, 0.375, 0.375, 0.375]
Max test score: 0.825 found at epoch: 90
Max test score shapes: 0.767 found at epoch: 90
