FullySupervisedPercentage: 0.6
logic loss multiplier: 0.01
Active: OneHotloss True 15 
Active: MinSizeBackgroundloss True 1 
Active: MaxSizeBackgroundloss True 20 
Active: MinSizeShapesloss True 30 
Active: MaxSizeShapesloss True 1 

Test Scores: [0.239, 0.286, 0.325, 0.364, 0.427, 0.485, 0.508, 0.502, 0.548, 0.622, 0.581, 0.593, 0.585, 0.626, 0.622, 0.692, 0.717, 0.702, 0.69, 0.737, 0.694, 0.742, 0.68, 0.733, 0.692, 0.722, 0.691, 0.659, 0.721, 0.731, 0.744, 0.692, 0.73, 0.751, 0.746, 0.776, 0.716, 0.725, 0.786, 0.721, 0.746, 0.717, 0.739, 0.759, 0.751, 0.692, 0.733, 0.699, 0.758, 0.711, 0.752, 0.757, 0.775, 0.712, 0.755, 0.715, 0.687, 0.758, 0.767, 0.742, 0.794, 0.687, 0.749, 0.76, 0.81, 0.724, 0.707, 0.808, 0.691, 0.76, 0.722, 0.734, 0.683, 0.776, 0.795, 0.746, 0.791, 0.73, 0.739, 0.805, 0.76, 0.79, 0.735, 0.779, 0.765, 0.751, 0.769, 0.768, 0.815, 0.809, 0.793, 0.771, 0.651, 0.809, 0.801, 0.783, 0.746, 0.757, 0.803, 0.744]
Test Scores w/o background: [0.055, 0.088, 0.124, 0.17, 0.248, 0.322, 0.351, 0.343, 0.401, 0.499, 0.444, 0.46, 0.448, 0.504, 0.497, 0.59, 0.624, 0.603, 0.588, 0.65, 0.592, 0.657, 0.574, 0.645, 0.591, 0.63, 0.588, 0.545, 0.629, 0.642, 0.659, 0.59, 0.641, 0.668, 0.662, 0.702, 0.622, 0.633, 0.716, 0.628, 0.662, 0.624, 0.653, 0.679, 0.668, 0.589, 0.645, 0.599, 0.678, 0.616, 0.67, 0.676, 0.701, 0.616, 0.674, 0.62, 0.583, 0.677, 0.69, 0.657, 0.726, 0.584, 0.666, 0.681, 0.748, 0.633, 0.61, 0.744, 0.589, 0.681, 0.63, 0.645, 0.577, 0.701, 0.727, 0.662, 0.721, 0.641, 0.653, 0.741, 0.68, 0.72, 0.647, 0.706, 0.687, 0.669, 0.693, 0.691, 0.754, 0.746, 0.725, 0.696, 0.535, 0.746, 0.735, 0.712, 0.662, 0.677, 0.737, 0.659]
Train Scores: [0.244, 0.295, 0.339, 0.385, 0.46, 0.526, 0.554, 0.607, 0.621, 0.693, 0.647, 0.713, 0.711, 0.742, 0.76, 0.771, 0.803, 0.812, 0.783, 0.799, 0.801, 0.82, 0.811, 0.815, 0.778, 0.853, 0.808, 0.779, 0.827, 0.829, 0.843, 0.825, 0.843, 0.852, 0.833, 0.849, 0.85, 0.821, 0.882, 0.851, 0.87, 0.836, 0.845, 0.86, 0.85, 0.81, 0.843, 0.836, 0.865, 0.866, 0.878, 0.863, 0.871, 0.848, 0.864, 0.863, 0.817, 0.879, 0.888, 0.862, 0.875, 0.837, 0.866, 0.869, 0.882, 0.855, 0.836, 0.881, 0.815, 0.871, 0.833, 0.861, 0.83, 0.883, 0.899, 0.876, 0.896, 0.845, 0.858, 0.905, 0.857, 0.893, 0.853, 0.887, 0.887, 0.873, 0.879, 0.89, 0.904, 0.907, 0.899, 0.88, 0.814, 0.898, 0.889, 0.877, 0.87, 0.873, 0.885, 0.831]
Train Scores w/o background: [0.061, 0.099, 0.143, 0.197, 0.291, 0.376, 0.412, 0.482, 0.499, 0.594, 0.533, 0.62, 0.617, 0.658, 0.681, 0.696, 0.739, 0.751, 0.711, 0.733, 0.736, 0.761, 0.749, 0.754, 0.704, 0.804, 0.745, 0.706, 0.771, 0.772, 0.792, 0.767, 0.791, 0.803, 0.778, 0.799, 0.8, 0.762, 0.843, 0.802, 0.827, 0.782, 0.794, 0.814, 0.8, 0.747, 0.791, 0.782, 0.82, 0.821, 0.838, 0.818, 0.828, 0.798, 0.819, 0.818, 0.756, 0.84, 0.851, 0.816, 0.834, 0.783, 0.822, 0.826, 0.844, 0.807, 0.782, 0.841, 0.753, 0.829, 0.778, 0.815, 0.774, 0.845, 0.866, 0.835, 0.862, 0.793, 0.811, 0.874, 0.81, 0.858, 0.804, 0.85, 0.849, 0.831, 0.839, 0.853, 0.873, 0.876, 0.865, 0.841, 0.752, 0.865, 0.853, 0.836, 0.826, 0.831, 0.847, 0.775]
Train Loss: [1.66, 1.458, 1.358, 1.287, 1.217, 1.152, 1.094, 1.033, 0.972, 0.919, 0.88, 0.846, 0.814, 0.783, 0.754, 0.725, 0.697, 0.671, 0.646, 0.625, 0.604, 0.585, 0.567, 0.551, 0.537, 0.526, 0.513, 0.505, 0.496, 0.489, 0.482, 0.478, 0.474, 0.469, 0.466, 0.463, 0.461, 0.459, 0.457, 0.456, 0.455, 0.454, 0.453, 0.453, 0.453, 0.452, 0.451, 0.451, 0.451, 0.45, 0.45, 0.45, 0.45, 0.449, 0.449, 0.449, 0.449, 0.449, 0.449, 0.449, 0.448, 0.448, 0.448, 0.448, 0.448, 0.448, 0.448, 0.448, 0.448, 0.448, 0.448, 0.448, 0.448, 0.448, 0.448, 0.448, 0.448, 0.447, 0.447, 0.447, 0.448, 0.448, 0.447, 0.447, 0.447, 0.447, 0.447, 0.447, 0.447, 0.447, 0.447, 0.447, 0.447, 0.447, 0.447, 0.447, 0.447, 0.447, 0.447, 0.447]
Max test score: 0.815 found at epoch: 89
Max test score shapes: 0.754 found at epoch: 89
