FullySupervisedPercentage: 0.3
logic loss multiplier: 0.01
Active: OneHotloss True 15 
Active: MinSizeBackgroundloss True 1 
Active: MaxSizeBackgroundloss True 20 
Active: MinSizeShapesloss True 30 
Active: MaxSizeShapesloss True 1 

Test Scores: [0.237, 0.287, 0.314, 0.328, 0.331, 0.344, 0.342, 0.341, 0.365, 0.354, 0.328, 0.337, 0.355, 0.368, 0.439, 0.487, 0.504, 0.533, 0.558, 0.548, 0.528, 0.558, 0.55, 0.519, 0.595, 0.595, 0.596, 0.56, 0.58, 0.555, 0.587, 0.608, 0.529, 0.616, 0.566, 0.599, 0.584, 0.582, 0.631, 0.606, 0.599, 0.66, 0.604, 0.647, 0.588, 0.609, 0.583, 0.612, 0.695, 0.591, 0.622, 0.655, 0.625, 0.601, 0.635, 0.681, 0.604, 0.665, 0.648, 0.645, 0.694, 0.622, 0.596, 0.648, 0.682, 0.575, 0.643, 0.622, 0.625, 0.595, 0.647, 0.639, 0.672, 0.661, 0.649, 0.646, 0.635, 0.658, 0.668, 0.661, 0.64, 0.697, 0.679, 0.586, 0.669, 0.62, 0.655, 0.658, 0.661, 0.687, 0.661, 0.633, 0.652, 0.657, 0.677, 0.605, 0.676, 0.674, 0.658, 0.601]
Test Scores w/o background: [0.046, 0.084, 0.108, 0.123, 0.123, 0.137, 0.133, 0.138, 0.16, 0.144, 0.12, 0.132, 0.15, 0.166, 0.257, 0.319, 0.341, 0.379, 0.413, 0.398, 0.371, 0.412, 0.401, 0.36, 0.461, 0.461, 0.462, 0.414, 0.441, 0.407, 0.45, 0.478, 0.373, 0.488, 0.422, 0.465, 0.446, 0.443, 0.508, 0.476, 0.466, 0.547, 0.473, 0.531, 0.451, 0.479, 0.445, 0.483, 0.594, 0.455, 0.497, 0.541, 0.501, 0.469, 0.514, 0.575, 0.472, 0.554, 0.532, 0.528, 0.593, 0.497, 0.462, 0.532, 0.577, 0.435, 0.525, 0.497, 0.5, 0.461, 0.53, 0.519, 0.564, 0.548, 0.532, 0.529, 0.514, 0.545, 0.557, 0.548, 0.52, 0.597, 0.573, 0.449, 0.559, 0.495, 0.54, 0.545, 0.549, 0.583, 0.549, 0.512, 0.537, 0.543, 0.57, 0.474, 0.569, 0.566, 0.544, 0.469]
Train Scores: [0.245, 0.296, 0.325, 0.344, 0.333, 0.352, 0.354, 0.357, 0.383, 0.371, 0.357, 0.378, 0.397, 0.436, 0.523, 0.571, 0.598, 0.62, 0.622, 0.626, 0.638, 0.659, 0.664, 0.622, 0.691, 0.665, 0.704, 0.64, 0.694, 0.671, 0.689, 0.679, 0.632, 0.723, 0.672, 0.697, 0.679, 0.673, 0.744, 0.725, 0.708, 0.752, 0.702, 0.751, 0.662, 0.693, 0.69, 0.712, 0.761, 0.676, 0.754, 0.754, 0.688, 0.71, 0.725, 0.755, 0.686, 0.731, 0.767, 0.721, 0.772, 0.725, 0.693, 0.759, 0.744, 0.703, 0.76, 0.714, 0.71, 0.668, 0.737, 0.718, 0.75, 0.737, 0.772, 0.75, 0.724, 0.749, 0.761, 0.763, 0.756, 0.782, 0.765, 0.7, 0.769, 0.721, 0.771, 0.752, 0.742, 0.784, 0.774, 0.731, 0.741, 0.754, 0.747, 0.692, 0.777, 0.759, 0.755, 0.723]
Train Scores w/o background: [0.057, 0.096, 0.122, 0.143, 0.126, 0.148, 0.148, 0.157, 0.183, 0.167, 0.155, 0.183, 0.205, 0.256, 0.368, 0.432, 0.466, 0.496, 0.498, 0.502, 0.519, 0.546, 0.554, 0.498, 0.589, 0.554, 0.606, 0.521, 0.593, 0.562, 0.587, 0.573, 0.51, 0.632, 0.563, 0.597, 0.573, 0.565, 0.659, 0.634, 0.611, 0.67, 0.604, 0.669, 0.551, 0.591, 0.588, 0.617, 0.682, 0.568, 0.672, 0.673, 0.585, 0.614, 0.634, 0.674, 0.582, 0.642, 0.69, 0.628, 0.697, 0.634, 0.591, 0.68, 0.66, 0.604, 0.68, 0.62, 0.614, 0.558, 0.649, 0.624, 0.667, 0.65, 0.697, 0.667, 0.633, 0.666, 0.683, 0.685, 0.675, 0.71, 0.687, 0.6, 0.692, 0.628, 0.695, 0.67, 0.657, 0.712, 0.699, 0.642, 0.655, 0.673, 0.663, 0.59, 0.703, 0.68, 0.674, 0.631]
Train Loss: [1.242, 1.01, 0.902, 0.823, 0.752, 0.698, 0.654, 0.607, 0.563, 0.528, 0.508, 0.49, 0.472, 0.454, 0.437, 0.419, 0.398, 0.378, 0.361, 0.35, 0.336, 0.326, 0.314, 0.305, 0.298, 0.291, 0.284, 0.278, 0.272, 0.268, 0.263, 0.259, 0.256, 0.253, 0.249, 0.246, 0.244, 0.245, 0.241, 0.239, 0.238, 0.237, 0.236, 0.234, 0.233, 0.233, 0.232, 0.231, 0.231, 0.231, 0.23, 0.229, 0.23, 0.23, 0.229, 0.23, 0.228, 0.228, 0.228, 0.228, 0.228, 0.228, 0.228, 0.228, 0.227, 0.227, 0.227, 0.227, 0.227, 0.227, 0.226, 0.226, 0.227, 0.227, 0.226, 0.226, 0.226, 0.226, 0.227, 0.227, 0.226, 0.226, 0.226, 0.226, 0.226, 0.226, 0.226, 0.226, 0.226, 0.226, 0.226, 0.226, 0.226, 0.226, 0.226, 0.226, 0.226, 0.226, 0.226, 0.226]
Max test score: 0.697 found at epoch: 82
Max test score shapes: 0.597 found at epoch: 82
