FullySupervisedPercentage: 0.2
logic loss multiplier: 0.01
Active: OneHotloss True 15 
Active: MinSizeBackgroundloss True 1 
Active: MaxSizeBackgroundloss True 20 
Active: MinSizeShapesloss True 30 
Active: MaxSizeShapesloss True 1 

Test Scores: [0.236, 0.272, 0.312, 0.317, 0.321, 0.335, 0.349, 0.361, 0.359, 0.363, 0.363, 0.329, 0.352, 0.398, 0.416, 0.443, 0.472, 0.464, 0.477, 0.473, 0.459, 0.489, 0.512, 0.494, 0.496, 0.504, 0.504, 0.504, 0.55, 0.57, 0.557, 0.576, 0.547, 0.564, 0.564, 0.559, 0.561, 0.578, 0.576, 0.56, 0.59, 0.531, 0.616, 0.597, 0.581, 0.579, 0.56, 0.573, 0.572, 0.573, 0.577, 0.571, 0.548, 0.53, 0.588, 0.584, 0.582, 0.54, 0.592, 0.56, 0.597, 0.573, 0.57, 0.59, 0.547, 0.561, 0.558, 0.573, 0.573, 0.547, 0.574, 0.526, 0.569, 0.581, 0.565, 0.582, 0.58, 0.584, 0.545, 0.585, 0.583, 0.571, 0.579, 0.556, 0.596, 0.491, 0.57, 0.596, 0.586, 0.601, 0.587, 0.593, 0.61, 0.588, 0.575, 0.562, 0.556, 0.601, 0.59, 0.557]
Test Scores w/o background: [0.043, 0.063, 0.105, 0.113, 0.114, 0.129, 0.142, 0.157, 0.154, 0.158, 0.159, 0.126, 0.149, 0.204, 0.229, 0.264, 0.3, 0.288, 0.306, 0.3, 0.28, 0.32, 0.351, 0.327, 0.329, 0.339, 0.34, 0.34, 0.401, 0.427, 0.41, 0.436, 0.397, 0.42, 0.42, 0.413, 0.415, 0.438, 0.436, 0.414, 0.455, 0.376, 0.489, 0.464, 0.442, 0.44, 0.414, 0.432, 0.43, 0.432, 0.437, 0.429, 0.399, 0.374, 0.452, 0.446, 0.444, 0.387, 0.456, 0.415, 0.464, 0.431, 0.427, 0.455, 0.397, 0.415, 0.412, 0.431, 0.432, 0.397, 0.433, 0.369, 0.426, 0.442, 0.42, 0.443, 0.441, 0.446, 0.394, 0.447, 0.445, 0.429, 0.439, 0.409, 0.462, 0.322, 0.427, 0.462, 0.448, 0.469, 0.45, 0.458, 0.48, 0.451, 0.434, 0.417, 0.408, 0.469, 0.454, 0.41]
Train Scores: [0.244, 0.283, 0.323, 0.324, 0.322, 0.335, 0.346, 0.359, 0.368, 0.371, 0.361, 0.336, 0.36, 0.411, 0.439, 0.474, 0.51, 0.507, 0.518, 0.541, 0.535, 0.549, 0.552, 0.534, 0.558, 0.553, 0.576, 0.568, 0.594, 0.598, 0.582, 0.603, 0.575, 0.557, 0.6, 0.616, 0.6, 0.614, 0.621, 0.641, 0.619, 0.606, 0.639, 0.623, 0.631, 0.609, 0.609, 0.635, 0.646, 0.645, 0.643, 0.648, 0.629, 0.61, 0.67, 0.652, 0.658, 0.61, 0.662, 0.624, 0.667, 0.634, 0.641, 0.627, 0.613, 0.629, 0.604, 0.635, 0.63, 0.617, 0.642, 0.599, 0.656, 0.663, 0.651, 0.668, 0.669, 0.653, 0.608, 0.656, 0.632, 0.654, 0.642, 0.626, 0.673, 0.573, 0.635, 0.666, 0.661, 0.656, 0.656, 0.654, 0.669, 0.654, 0.643, 0.629, 0.623, 0.68, 0.669, 0.628]
Train Scores w/o background: [0.055, 0.078, 0.118, 0.119, 0.115, 0.128, 0.137, 0.153, 0.164, 0.167, 0.155, 0.131, 0.159, 0.222, 0.258, 0.304, 0.35, 0.345, 0.36, 0.391, 0.382, 0.4, 0.405, 0.38, 0.412, 0.405, 0.436, 0.425, 0.459, 0.465, 0.444, 0.471, 0.434, 0.411, 0.468, 0.489, 0.467, 0.486, 0.495, 0.522, 0.493, 0.475, 0.519, 0.498, 0.509, 0.48, 0.48, 0.514, 0.529, 0.527, 0.525, 0.532, 0.505, 0.481, 0.561, 0.537, 0.545, 0.481, 0.55, 0.499, 0.556, 0.513, 0.523, 0.503, 0.485, 0.506, 0.472, 0.514, 0.507, 0.49, 0.523, 0.467, 0.541, 0.551, 0.535, 0.558, 0.559, 0.538, 0.478, 0.542, 0.509, 0.54, 0.524, 0.502, 0.565, 0.432, 0.514, 0.556, 0.548, 0.541, 0.542, 0.539, 0.56, 0.539, 0.525, 0.506, 0.497, 0.573, 0.559, 0.504]
Train Loss: [1.1, 0.858, 0.747, 0.663, 0.588, 0.537, 0.494, 0.447, 0.402, 0.376, 0.362, 0.347, 0.332, 0.317, 0.305, 0.294, 0.277, 0.262, 0.25, 0.238, 0.228, 0.223, 0.213, 0.213, 0.205, 0.2, 0.195, 0.189, 0.187, 0.182, 0.18, 0.177, 0.175, 0.173, 0.171, 0.169, 0.167, 0.166, 0.166, 0.166, 0.163, 0.163, 0.161, 0.159, 0.159, 0.158, 0.157, 0.157, 0.156, 0.156, 0.155, 0.155, 0.154, 0.154, 0.154, 0.155, 0.155, 0.153, 0.154, 0.153, 0.153, 0.153, 0.153, 0.152, 0.153, 0.153, 0.152, 0.153, 0.152, 0.151, 0.151, 0.152, 0.151, 0.151, 0.151, 0.151, 0.151, 0.152, 0.151, 0.151, 0.151, 0.151, 0.151, 0.151, 0.151, 0.151, 0.151, 0.151, 0.151, 0.151, 0.151, 0.151, 0.151, 0.151, 0.151, 0.15, 0.15, 0.151, 0.151, 0.15]
Max test score: 0.616 found at epoch: 43
Max test score shapes: 0.489 found at epoch: 43
