FullySupervisedPercentage: 0.9
logic loss multiplier: 0.01
Active: OneHotloss True 15 
Active: MinSizeBackgroundloss True 1 
Active: MaxSizeBackgroundloss True 20 
Active: MinSizeShapesloss True 30 
Active: MaxSizeShapesloss True 1 

Test Scores: [0.242, 0.295, 0.353, 0.365, 0.469, 0.495, 0.523, 0.601, 0.601, 0.664, 0.637, 0.686, 0.707, 0.729, 0.63, 0.681, 0.772, 0.748, 0.8, 0.782, 0.778, 0.806, 0.81, 0.81, 0.773, 0.803, 0.784, 0.825, 0.864, 0.84, 0.84, 0.787, 0.814, 0.754, 0.868, 0.841, 0.786, 0.722, 0.812, 0.851, 0.817, 0.867, 0.845, 0.868, 0.79, 0.843, 0.813, 0.8, 0.878, 0.841, 0.888, 0.824, 0.826, 0.808, 0.853, 0.795, 0.828, 0.815, 0.885, 0.844, 0.876, 0.887, 0.847, 0.857, 0.848, 0.863, 0.855, 0.86, 0.833, 0.891, 0.815, 0.838, 0.853, 0.84, 0.844, 0.867, 0.832, 0.802, 0.86, 0.891, 0.792, 0.851, 0.866, 0.877, 0.877, 0.847, 0.86, 0.843, 0.86, 0.798, 0.886, 0.809, 0.863, 0.815, 0.869, 0.886, 0.801, 0.888, 0.883, 0.871]
Test Scores w/o background: [0.063, 0.101, 0.165, 0.173, 0.301, 0.335, 0.37, 0.474, 0.472, 0.556, 0.519, 0.584, 0.611, 0.64, 0.508, 0.576, 0.697, 0.665, 0.735, 0.71, 0.705, 0.742, 0.748, 0.748, 0.698, 0.738, 0.713, 0.767, 0.819, 0.787, 0.787, 0.717, 0.753, 0.673, 0.825, 0.789, 0.716, 0.63, 0.75, 0.801, 0.757, 0.823, 0.794, 0.824, 0.721, 0.791, 0.751, 0.734, 0.839, 0.789, 0.851, 0.766, 0.769, 0.745, 0.805, 0.727, 0.771, 0.753, 0.848, 0.793, 0.835, 0.85, 0.797, 0.81, 0.798, 0.818, 0.807, 0.814, 0.778, 0.855, 0.754, 0.784, 0.804, 0.788, 0.793, 0.824, 0.777, 0.737, 0.814, 0.855, 0.723, 0.802, 0.821, 0.836, 0.837, 0.796, 0.814, 0.792, 0.814, 0.732, 0.849, 0.746, 0.818, 0.753, 0.826, 0.849, 0.735, 0.851, 0.844, 0.828]
Train Scores: [0.245, 0.308, 0.349, 0.395, 0.507, 0.562, 0.604, 0.662, 0.713, 0.743, 0.763, 0.772, 0.796, 0.843, 0.783, 0.805, 0.884, 0.88, 0.884, 0.861, 0.87, 0.887, 0.896, 0.881, 0.844, 0.896, 0.892, 0.915, 0.924, 0.917, 0.913, 0.902, 0.911, 0.877, 0.924, 0.917, 0.884, 0.858, 0.905, 0.937, 0.935, 0.925, 0.923, 0.933, 0.898, 0.915, 0.92, 0.921, 0.943, 0.937, 0.948, 0.917, 0.93, 0.931, 0.927, 0.93, 0.908, 0.911, 0.944, 0.926, 0.945, 0.941, 0.94, 0.938, 0.938, 0.947, 0.934, 0.95, 0.941, 0.931, 0.922, 0.946, 0.943, 0.938, 0.948, 0.947, 0.943, 0.907, 0.941, 0.956, 0.928, 0.952, 0.944, 0.953, 0.96, 0.928, 0.955, 0.948, 0.955, 0.924, 0.952, 0.941, 0.955, 0.941, 0.961, 0.95, 0.923, 0.952, 0.956, 0.935]
Train Scores w/o background: [0.067, 0.118, 0.159, 0.212, 0.352, 0.423, 0.478, 0.556, 0.622, 0.66, 0.687, 0.699, 0.73, 0.792, 0.712, 0.741, 0.847, 0.841, 0.847, 0.815, 0.827, 0.85, 0.862, 0.842, 0.793, 0.861, 0.856, 0.888, 0.899, 0.89, 0.884, 0.869, 0.881, 0.836, 0.899, 0.89, 0.846, 0.811, 0.873, 0.916, 0.914, 0.901, 0.898, 0.911, 0.865, 0.887, 0.894, 0.895, 0.924, 0.916, 0.931, 0.889, 0.908, 0.909, 0.903, 0.907, 0.878, 0.882, 0.925, 0.902, 0.927, 0.921, 0.92, 0.918, 0.917, 0.93, 0.912, 0.933, 0.922, 0.908, 0.896, 0.928, 0.924, 0.918, 0.931, 0.929, 0.924, 0.877, 0.921, 0.941, 0.905, 0.937, 0.926, 0.938, 0.947, 0.904, 0.94, 0.931, 0.941, 0.898, 0.936, 0.922, 0.94, 0.922, 0.948, 0.933, 0.898, 0.936, 0.941, 0.914]
Train Loss: [2.081, 1.906, 1.814, 1.744, 1.675, 1.604, 1.533, 1.468, 1.407, 1.35, 1.296, 1.246, 1.197, 1.148, 1.101, 1.056, 1.012, 0.973, 0.933, 0.897, 0.864, 0.836, 0.809, 0.787, 0.766, 0.75, 0.736, 0.724, 0.715, 0.707, 0.701, 0.696, 0.691, 0.688, 0.686, 0.684, 0.684, 0.681, 0.68, 0.679, 0.678, 0.677, 0.677, 0.676, 0.676, 0.676, 0.675, 0.675, 0.675, 0.675, 0.675, 0.674, 0.674, 0.674, 0.674, 0.673, 0.674, 0.673, 0.673, 0.673, 0.673, 0.673, 0.673, 0.673, 0.673, 0.673, 0.673, 0.673, 0.673, 0.672, 0.672, 0.672, 0.672, 0.672, 0.672, 0.672, 0.672, 0.672, 0.672, 0.672, 0.672, 0.671, 0.671, 0.671, 0.671, 0.672, 0.672, 0.671, 0.672, 0.671, 0.671, 0.671, 0.671, 0.671, 0.671, 0.671, 0.671, 0.671, 0.671, 0.672]
Max test score: 0.891 found at epoch: 80
Max test score shapes: 0.855 found at epoch: 80
