FullySupervisedPercentage: 0.1
logic loss multiplier: 0.01
Active: OneHotloss True 15 
Active: MinSizeBackgroundloss True 1 
Active: MaxSizeBackgroundloss True 20 
Active: MinSizeShapesloss True 30 
Active: MaxSizeShapesloss True 1 

Test Scores: [0.24, 0.282, 0.313, 0.319, 0.321, 0.325, 0.343, 0.346, 0.357, 0.361, 0.357, 0.297, 0.305, 0.311, 0.321, 0.313, 0.32, 0.33, 0.34, 0.349, 0.338, 0.351, 0.349, 0.383, 0.373, 0.393, 0.38, 0.371, 0.403, 0.383, 0.412, 0.403, 0.407, 0.439, 0.439, 0.452, 0.432, 0.447, 0.443, 0.454, 0.474, 0.435, 0.496, 0.477, 0.457, 0.46, 0.473, 0.455, 0.473, 0.49, 0.497, 0.487, 0.506, 0.49, 0.49, 0.497, 0.482, 0.491, 0.472, 0.461, 0.466, 0.473, 0.472, 0.485, 0.517, 0.496, 0.484, 0.474, 0.5, 0.488, 0.505, 0.498, 0.508, 0.495, 0.502, 0.507, 0.495, 0.517, 0.482, 0.51, 0.503, 0.522, 0.525, 0.498, 0.492, 0.493, 0.508, 0.495, 0.517, 0.528, 0.512, 0.524, 0.528, 0.502, 0.529, 0.504, 0.511, 0.505, 0.485, 0.51]
Test Scores w/o background: [0.047, 0.077, 0.106, 0.117, 0.116, 0.119, 0.136, 0.137, 0.15, 0.155, 0.149, 0.077, 0.083, 0.09, 0.102, 0.091, 0.099, 0.109, 0.123, 0.134, 0.12, 0.137, 0.134, 0.18, 0.166, 0.193, 0.174, 0.162, 0.205, 0.178, 0.218, 0.205, 0.211, 0.254, 0.253, 0.271, 0.243, 0.263, 0.258, 0.273, 0.3, 0.247, 0.329, 0.304, 0.276, 0.281, 0.299, 0.275, 0.298, 0.322, 0.33, 0.316, 0.342, 0.321, 0.321, 0.33, 0.311, 0.322, 0.297, 0.283, 0.289, 0.298, 0.297, 0.314, 0.357, 0.328, 0.313, 0.3, 0.334, 0.319, 0.341, 0.332, 0.345, 0.328, 0.337, 0.344, 0.328, 0.357, 0.31, 0.347, 0.338, 0.364, 0.368, 0.331, 0.324, 0.325, 0.345, 0.328, 0.357, 0.371, 0.35, 0.367, 0.372, 0.336, 0.372, 0.339, 0.349, 0.341, 0.314, 0.347]
Train Scores: [0.247, 0.287, 0.318, 0.313, 0.308, 0.311, 0.324, 0.336, 0.351, 0.36, 0.362, 0.303, 0.32, 0.326, 0.337, 0.335, 0.341, 0.35, 0.354, 0.374, 0.388, 0.391, 0.388, 0.412, 0.406, 0.417, 0.413, 0.417, 0.433, 0.412, 0.442, 0.438, 0.449, 0.453, 0.458, 0.462, 0.466, 0.475, 0.487, 0.499, 0.497, 0.496, 0.534, 0.488, 0.476, 0.498, 0.491, 0.499, 0.482, 0.513, 0.526, 0.519, 0.526, 0.504, 0.507, 0.545, 0.522, 0.509, 0.486, 0.512, 0.501, 0.507, 0.486, 0.509, 0.513, 0.528, 0.512, 0.505, 0.518, 0.517, 0.503, 0.511, 0.534, 0.517, 0.518, 0.515, 0.513, 0.511, 0.514, 0.533, 0.511, 0.568, 0.56, 0.535, 0.513, 0.519, 0.52, 0.518, 0.543, 0.541, 0.522, 0.533, 0.55, 0.531, 0.544, 0.537, 0.525, 0.526, 0.507, 0.539]
Train Scores w/o background: [0.056, 0.083, 0.114, 0.108, 0.099, 0.1, 0.111, 0.124, 0.142, 0.153, 0.155, 0.085, 0.102, 0.11, 0.123, 0.121, 0.127, 0.137, 0.142, 0.168, 0.187, 0.19, 0.186, 0.219, 0.21, 0.225, 0.218, 0.225, 0.245, 0.217, 0.258, 0.252, 0.267, 0.272, 0.278, 0.284, 0.289, 0.301, 0.316, 0.334, 0.331, 0.329, 0.379, 0.318, 0.302, 0.331, 0.322, 0.333, 0.31, 0.352, 0.369, 0.359, 0.368, 0.34, 0.343, 0.394, 0.364, 0.346, 0.315, 0.35, 0.336, 0.344, 0.316, 0.346, 0.351, 0.371, 0.35, 0.34, 0.358, 0.357, 0.339, 0.349, 0.38, 0.356, 0.358, 0.354, 0.352, 0.348, 0.353, 0.378, 0.349, 0.425, 0.414, 0.38, 0.352, 0.359, 0.362, 0.358, 0.391, 0.388, 0.363, 0.378, 0.4, 0.375, 0.393, 0.383, 0.367, 0.369, 0.344, 0.386]
Train Loss: [0.958, 0.707, 0.591, 0.501, 0.425, 0.373, 0.329, 0.283, 0.239, 0.221, 0.211, 0.202, 0.194, 0.187, 0.179, 0.173, 0.167, 0.161, 0.155, 0.148, 0.14, 0.134, 0.128, 0.125, 0.118, 0.114, 0.109, 0.104, 0.102, 0.103, 0.098, 0.097, 0.098, 0.092, 0.09, 0.092, 0.088, 0.087, 0.087, 0.085, 0.085, 0.084, 0.083, 0.084, 0.082, 0.081, 0.082, 0.081, 0.081, 0.08, 0.08, 0.079, 0.08, 0.079, 0.079, 0.079, 0.079, 0.083, 0.078, 0.079, 0.078, 0.077, 0.077, 0.079, 0.078, 0.077, 0.077, 0.077, 0.077, 0.077, 0.077, 0.077, 0.076, 0.077, 0.077, 0.076, 0.077, 0.076, 0.076, 0.077, 0.077, 0.076, 0.076, 0.076, 0.076, 0.076, 0.077, 0.076, 0.076, 0.076, 0.076, 0.077, 0.076, 0.076, 0.076, 0.076, 0.076, 0.076, 0.076, 0.076]
Max test score: 0.529 found at epoch: 95
Max test score shapes: 0.372 found at epoch: 95
