FullySupervisedPercentage: 0.4
logic loss multiplier: 0.01
Active: OneHotloss True 15 
Active: MinSizeBackgroundloss True 1 
Active: MaxSizeBackgroundloss True 20 
Active: MinSizeShapesloss True 30 
Active: MaxSizeShapesloss True 1 

Test Scores: [0.239, 0.284, 0.321, 0.356, 0.353, 0.354, 0.422, 0.423, 0.48, 0.492, 0.522, 0.51, 0.56, 0.554, 0.555, 0.627, 0.631, 0.627, 0.618, 0.649, 0.634, 0.624, 0.645, 0.686, 0.647, 0.636, 0.635, 0.641, 0.703, 0.663, 0.671, 0.61, 0.619, 0.608, 0.642, 0.65, 0.678, 0.667, 0.677, 0.723, 0.708, 0.663, 0.688, 0.695, 0.625, 0.684, 0.665, 0.662, 0.713, 0.67, 0.695, 0.73, 0.713, 0.656, 0.662, 0.689, 0.705, 0.671, 0.68, 0.694, 0.663, 0.655, 0.695, 0.702, 0.677, 0.705, 0.713, 0.738, 0.68, 0.703, 0.692, 0.671, 0.654, 0.743, 0.68, 0.763, 0.688, 0.722, 0.749, 0.722, 0.694, 0.749, 0.733, 0.697, 0.713, 0.603, 0.69, 0.699, 0.743, 0.749, 0.708, 0.726, 0.702, 0.74, 0.702, 0.69, 0.702, 0.76, 0.715, 0.662]
Test Scores w/o background: [0.05, 0.083, 0.117, 0.156, 0.15, 0.152, 0.237, 0.237, 0.311, 0.328, 0.367, 0.352, 0.417, 0.408, 0.409, 0.504, 0.509, 0.504, 0.492, 0.533, 0.513, 0.5, 0.528, 0.583, 0.53, 0.516, 0.514, 0.523, 0.605, 0.552, 0.561, 0.481, 0.493, 0.478, 0.523, 0.534, 0.571, 0.557, 0.569, 0.632, 0.611, 0.552, 0.585, 0.594, 0.501, 0.579, 0.554, 0.55, 0.618, 0.561, 0.594, 0.64, 0.618, 0.542, 0.55, 0.586, 0.607, 0.562, 0.574, 0.593, 0.551, 0.541, 0.594, 0.604, 0.57, 0.607, 0.617, 0.651, 0.574, 0.605, 0.589, 0.561, 0.539, 0.658, 0.574, 0.684, 0.584, 0.63, 0.665, 0.63, 0.593, 0.666, 0.644, 0.597, 0.618, 0.471, 0.588, 0.599, 0.658, 0.666, 0.611, 0.635, 0.604, 0.654, 0.604, 0.587, 0.603, 0.68, 0.621, 0.55]
Train Scores: [0.245, 0.292, 0.329, 0.37, 0.366, 0.382, 0.442, 0.49, 0.546, 0.584, 0.605, 0.61, 0.663, 0.663, 0.672, 0.714, 0.728, 0.722, 0.718, 0.739, 0.723, 0.732, 0.735, 0.766, 0.757, 0.74, 0.727, 0.737, 0.777, 0.726, 0.75, 0.714, 0.721, 0.711, 0.745, 0.715, 0.745, 0.74, 0.754, 0.815, 0.794, 0.756, 0.785, 0.776, 0.7, 0.758, 0.769, 0.782, 0.786, 0.738, 0.767, 0.818, 0.795, 0.766, 0.756, 0.783, 0.798, 0.766, 0.801, 0.802, 0.771, 0.747, 0.804, 0.801, 0.766, 0.802, 0.838, 0.815, 0.763, 0.793, 0.771, 0.79, 0.764, 0.827, 0.775, 0.829, 0.812, 0.823, 0.834, 0.814, 0.811, 0.828, 0.828, 0.801, 0.839, 0.71, 0.823, 0.821, 0.847, 0.859, 0.835, 0.798, 0.791, 0.829, 0.795, 0.807, 0.803, 0.84, 0.808, 0.766]
Train Scores w/o background: [0.059, 0.094, 0.128, 0.176, 0.166, 0.188, 0.263, 0.327, 0.398, 0.45, 0.479, 0.485, 0.554, 0.554, 0.565, 0.621, 0.639, 0.631, 0.626, 0.654, 0.632, 0.644, 0.648, 0.689, 0.677, 0.654, 0.637, 0.65, 0.703, 0.636, 0.668, 0.619, 0.629, 0.616, 0.661, 0.621, 0.66, 0.654, 0.673, 0.754, 0.726, 0.675, 0.714, 0.702, 0.601, 0.678, 0.693, 0.71, 0.716, 0.652, 0.69, 0.758, 0.727, 0.689, 0.675, 0.712, 0.731, 0.689, 0.735, 0.737, 0.696, 0.664, 0.739, 0.735, 0.688, 0.736, 0.784, 0.753, 0.685, 0.724, 0.696, 0.72, 0.685, 0.77, 0.7, 0.773, 0.75, 0.764, 0.779, 0.752, 0.748, 0.771, 0.772, 0.735, 0.785, 0.614, 0.764, 0.762, 0.796, 0.813, 0.781, 0.731, 0.722, 0.773, 0.727, 0.743, 0.738, 0.788, 0.744, 0.689]
Train Loss: [1.384, 1.162, 1.056, 0.982, 0.914, 0.857, 0.81, 0.759, 0.705, 0.652, 0.619, 0.594, 0.573, 0.551, 0.53, 0.51, 0.492, 0.474, 0.458, 0.443, 0.428, 0.417, 0.404, 0.392, 0.381, 0.373, 0.364, 0.358, 0.351, 0.344, 0.339, 0.334, 0.331, 0.326, 0.323, 0.321, 0.318, 0.316, 0.315, 0.314, 0.312, 0.31, 0.309, 0.308, 0.307, 0.306, 0.306, 0.306, 0.305, 0.304, 0.305, 0.304, 0.303, 0.303, 0.303, 0.303, 0.303, 0.302, 0.303, 0.302, 0.302, 0.302, 0.302, 0.302, 0.302, 0.302, 0.302, 0.302, 0.302, 0.301, 0.302, 0.302, 0.302, 0.302, 0.302, 0.302, 0.301, 0.302, 0.301, 0.301, 0.301, 0.301, 0.301, 0.301, 0.301, 0.301, 0.301, 0.301, 0.301, 0.301, 0.301, 0.301, 0.301, 0.301, 0.301, 0.301, 0.301, 0.301, 0.301, 0.3]
Max test score: 0.763 found at epoch: 76
Max test score shapes: 0.684 found at epoch: 76
