FullySupervisedPercentage: 0.7
logic loss multiplier: 0.01
Active: OneHotloss True 15 
Active: MinSizeBackgroundloss True 1 
Active: MaxSizeBackgroundloss True 20 
Active: MinSizeShapesloss True 30 
Active: MaxSizeShapesloss True 1 

Test Scores: [0.241, 0.288, 0.329, 0.37, 0.438, 0.481, 0.533, 0.55, 0.596, 0.582, 0.623, 0.61, 0.651, 0.677, 0.577, 0.644, 0.724, 0.731, 0.714, 0.768, 0.676, 0.745, 0.711, 0.741, 0.726, 0.749, 0.742, 0.708, 0.763, 0.729, 0.749, 0.728, 0.689, 0.764, 0.774, 0.775, 0.766, 0.734, 0.745, 0.763, 0.754, 0.764, 0.765, 0.793, 0.697, 0.759, 0.77, 0.763, 0.776, 0.773, 0.773, 0.755, 0.819, 0.746, 0.809, 0.748, 0.742, 0.805, 0.807, 0.739, 0.805, 0.762, 0.839, 0.828, 0.797, 0.827, 0.817, 0.8, 0.755, 0.759, 0.779, 0.82, 0.804, 0.797, 0.786, 0.787, 0.805, 0.776, 0.757, 0.79, 0.816, 0.793, 0.778, 0.796, 0.799, 0.765, 0.822, 0.802, 0.761, 0.809, 0.806, 0.806, 0.769, 0.8, 0.808, 0.787, 0.748, 0.801, 0.805, 0.789]
Test Scores w/o background: [0.058, 0.089, 0.131, 0.177, 0.261, 0.315, 0.384, 0.406, 0.466, 0.446, 0.5, 0.482, 0.537, 0.571, 0.437, 0.527, 0.633, 0.643, 0.619, 0.692, 0.569, 0.661, 0.615, 0.655, 0.636, 0.666, 0.657, 0.611, 0.685, 0.64, 0.666, 0.637, 0.586, 0.685, 0.699, 0.7, 0.688, 0.646, 0.66, 0.685, 0.673, 0.686, 0.687, 0.725, 0.597, 0.679, 0.694, 0.684, 0.703, 0.698, 0.698, 0.674, 0.759, 0.661, 0.746, 0.664, 0.656, 0.741, 0.744, 0.652, 0.741, 0.684, 0.785, 0.771, 0.73, 0.77, 0.757, 0.734, 0.673, 0.68, 0.705, 0.761, 0.74, 0.729, 0.715, 0.716, 0.741, 0.702, 0.676, 0.721, 0.756, 0.724, 0.704, 0.728, 0.733, 0.687, 0.763, 0.737, 0.682, 0.746, 0.742, 0.742, 0.692, 0.734, 0.744, 0.716, 0.665, 0.735, 0.741, 0.719]
Train Scores: [0.244, 0.297, 0.341, 0.386, 0.471, 0.515, 0.603, 0.639, 0.687, 0.68, 0.72, 0.747, 0.762, 0.793, 0.727, 0.739, 0.81, 0.82, 0.815, 0.803, 0.784, 0.827, 0.832, 0.849, 0.833, 0.829, 0.855, 0.842, 0.86, 0.834, 0.867, 0.839, 0.821, 0.851, 0.866, 0.875, 0.869, 0.852, 0.867, 0.871, 0.863, 0.862, 0.853, 0.877, 0.816, 0.873, 0.884, 0.849, 0.886, 0.877, 0.881, 0.87, 0.893, 0.869, 0.894, 0.86, 0.845, 0.9, 0.9, 0.877, 0.892, 0.878, 0.916, 0.903, 0.899, 0.915, 0.916, 0.905, 0.883, 0.878, 0.9, 0.906, 0.909, 0.912, 0.914, 0.896, 0.919, 0.909, 0.903, 0.916, 0.912, 0.907, 0.901, 0.919, 0.914, 0.891, 0.924, 0.913, 0.881, 0.909, 0.917, 0.915, 0.899, 0.911, 0.912, 0.894, 0.879, 0.914, 0.907, 0.914]
Train Scores w/o background: [0.063, 0.102, 0.147, 0.199, 0.306, 0.36, 0.476, 0.526, 0.586, 0.576, 0.63, 0.665, 0.686, 0.726, 0.638, 0.653, 0.748, 0.76, 0.754, 0.738, 0.713, 0.771, 0.777, 0.8, 0.779, 0.772, 0.807, 0.79, 0.814, 0.779, 0.824, 0.785, 0.761, 0.802, 0.822, 0.834, 0.826, 0.804, 0.824, 0.829, 0.818, 0.816, 0.805, 0.836, 0.755, 0.831, 0.845, 0.8, 0.848, 0.836, 0.842, 0.827, 0.858, 0.825, 0.859, 0.814, 0.794, 0.867, 0.867, 0.836, 0.856, 0.838, 0.889, 0.871, 0.866, 0.888, 0.889, 0.874, 0.844, 0.837, 0.867, 0.875, 0.879, 0.883, 0.885, 0.861, 0.892, 0.878, 0.871, 0.889, 0.883, 0.876, 0.869, 0.892, 0.885, 0.855, 0.9, 0.884, 0.841, 0.879, 0.89, 0.887, 0.865, 0.882, 0.883, 0.86, 0.839, 0.886, 0.876, 0.885]
Train Loss: [1.8, 1.607, 1.51, 1.442, 1.372, 1.308, 1.246, 1.177, 1.119, 1.064, 1.02, 0.981, 0.944, 0.908, 0.873, 0.84, 0.807, 0.776, 0.747, 0.72, 0.695, 0.673, 0.652, 0.633, 0.616, 0.604, 0.59, 0.579, 0.57, 0.563, 0.556, 0.551, 0.546, 0.543, 0.54, 0.537, 0.535, 0.533, 0.532, 0.53, 0.529, 0.529, 0.528, 0.527, 0.527, 0.527, 0.526, 0.526, 0.526, 0.526, 0.525, 0.525, 0.524, 0.524, 0.525, 0.524, 0.524, 0.524, 0.524, 0.524, 0.524, 0.523, 0.524, 0.523, 0.523, 0.523, 0.523, 0.523, 0.523, 0.523, 0.523, 0.523, 0.522, 0.522, 0.522, 0.523, 0.522, 0.522, 0.522, 0.522, 0.522, 0.522, 0.522, 0.522, 0.522, 0.522, 0.522, 0.522, 0.522, 0.522, 0.522, 0.522, 0.522, 0.522, 0.522, 0.522, 0.522, 0.522, 0.522, 0.522]
Max test score: 0.839 found at epoch: 63
Max test score shapes: 0.785 found at epoch: 63
