FullySupervisedPercentage: 1
logic loss multiplier: 0.01
Active: OneHotloss True 15 
Active: MinSizeBackgroundloss True 1 
Active: MaxSizeBackgroundloss True 20 
Active: MinSizeShapesloss True 30 
Active: MaxSizeShapesloss True 1 

Test Scores: [0.24, 0.298, 0.356, 0.364, 0.472, 0.464, 0.57, 0.563, 0.612, 0.675, 0.659, 0.635, 0.759, 0.711, 0.664, 0.724, 0.788, 0.744, 0.682, 0.748, 0.784, 0.791, 0.749, 0.833, 0.774, 0.772, 0.731, 0.814, 0.794, 0.771, 0.781, 0.811, 0.816, 0.724, 0.752, 0.831, 0.756, 0.8, 0.834, 0.838, 0.816, 0.8, 0.793, 0.869, 0.802, 0.843, 0.792, 0.787, 0.86, 0.798, 0.89, 0.774, 0.775, 0.789, 0.804, 0.781, 0.819, 0.833, 0.781, 0.82, 0.817, 0.829, 0.839, 0.812, 0.853, 0.822, 0.78, 0.793, 0.817, 0.832, 0.872, 0.855, 0.832, 0.747, 0.842, 0.831, 0.797, 0.773, 0.833, 0.866, 0.803, 0.838, 0.847, 0.725, 0.862, 0.826, 0.866, 0.872, 0.817, 0.808, 0.855, 0.872, 0.829, 0.821, 0.838, 0.825, 0.762, 0.879, 0.868, 0.845]
Test Scores w/o background: [0.064, 0.105, 0.169, 0.171, 0.307, 0.295, 0.432, 0.423, 0.487, 0.57, 0.548, 0.515, 0.681, 0.616, 0.554, 0.633, 0.719, 0.66, 0.576, 0.665, 0.713, 0.722, 0.666, 0.778, 0.699, 0.697, 0.642, 0.753, 0.726, 0.695, 0.709, 0.749, 0.756, 0.632, 0.67, 0.775, 0.675, 0.734, 0.779, 0.785, 0.755, 0.734, 0.725, 0.826, 0.736, 0.792, 0.724, 0.716, 0.814, 0.731, 0.854, 0.699, 0.7, 0.719, 0.74, 0.708, 0.76, 0.778, 0.709, 0.76, 0.757, 0.773, 0.786, 0.75, 0.805, 0.763, 0.707, 0.725, 0.757, 0.776, 0.83, 0.807, 0.776, 0.663, 0.789, 0.775, 0.73, 0.698, 0.778, 0.822, 0.738, 0.785, 0.796, 0.634, 0.816, 0.768, 0.822, 0.83, 0.757, 0.744, 0.807, 0.83, 0.772, 0.762, 0.784, 0.767, 0.682, 0.839, 0.825, 0.794]
Train Scores: [0.245, 0.313, 0.364, 0.422, 0.545, 0.55, 0.656, 0.698, 0.754, 0.777, 0.809, 0.795, 0.856, 0.823, 0.831, 0.852, 0.897, 0.883, 0.835, 0.891, 0.898, 0.911, 0.911, 0.926, 0.903, 0.909, 0.879, 0.917, 0.934, 0.911, 0.914, 0.914, 0.917, 0.891, 0.911, 0.926, 0.883, 0.915, 0.934, 0.94, 0.935, 0.938, 0.934, 0.945, 0.911, 0.944, 0.931, 0.926, 0.948, 0.938, 0.952, 0.911, 0.915, 0.956, 0.952, 0.922, 0.933, 0.948, 0.923, 0.942, 0.93, 0.945, 0.948, 0.933, 0.952, 0.936, 0.942, 0.931, 0.934, 0.952, 0.947, 0.927, 0.949, 0.921, 0.96, 0.949, 0.931, 0.919, 0.954, 0.966, 0.941, 0.949, 0.96, 0.9, 0.962, 0.948, 0.961, 0.961, 0.953, 0.924, 0.963, 0.962, 0.95, 0.95, 0.959, 0.96, 0.922, 0.969, 0.963, 0.948]
Train Scores w/o background: [0.07, 0.125, 0.179, 0.248, 0.405, 0.409, 0.546, 0.603, 0.676, 0.706, 0.748, 0.728, 0.81, 0.766, 0.776, 0.804, 0.864, 0.845, 0.781, 0.855, 0.864, 0.882, 0.882, 0.902, 0.871, 0.879, 0.839, 0.889, 0.913, 0.881, 0.886, 0.885, 0.89, 0.855, 0.882, 0.902, 0.844, 0.888, 0.913, 0.92, 0.914, 0.918, 0.912, 0.928, 0.882, 0.925, 0.909, 0.902, 0.931, 0.917, 0.937, 0.882, 0.887, 0.941, 0.936, 0.896, 0.911, 0.931, 0.898, 0.923, 0.907, 0.926, 0.931, 0.911, 0.937, 0.915, 0.923, 0.908, 0.912, 0.936, 0.929, 0.903, 0.932, 0.895, 0.948, 0.932, 0.909, 0.893, 0.939, 0.955, 0.922, 0.932, 0.947, 0.867, 0.95, 0.93, 0.948, 0.948, 0.937, 0.899, 0.951, 0.95, 0.933, 0.933, 0.945, 0.946, 0.897, 0.958, 0.951, 0.931]
Train Loss: [2.22, 2.054, 1.962, 1.889, 1.813, 1.733, 1.664, 1.599, 1.541, 1.483, 1.426, 1.37, 1.315, 1.259, 1.206, 1.155, 1.106, 1.06, 1.017, 0.978, 0.943, 0.911, 0.883, 0.859, 0.839, 0.823, 0.808, 0.796, 0.787, 0.779, 0.774, 0.769, 0.765, 0.763, 0.76, 0.758, 0.756, 0.755, 0.754, 0.753, 0.752, 0.752, 0.752, 0.751, 0.751, 0.75, 0.75, 0.749, 0.75, 0.749, 0.749, 0.749, 0.749, 0.749, 0.748, 0.748, 0.748, 0.748, 0.748, 0.748, 0.748, 0.748, 0.748, 0.748, 0.748, 0.748, 0.748, 0.748, 0.748, 0.747, 0.747, 0.747, 0.747, 0.747, 0.747, 0.747, 0.747, 0.747, 0.747, 0.746, 0.747, 0.746, 0.746, 0.747, 0.747, 0.746, 0.747, 0.747, 0.747, 0.746, 0.746, 0.746, 0.746, 0.746, 0.746, 0.746, 0.746, 0.746, 0.746, 0.746]
Max test score: 0.89 found at epoch: 51
Max test score shapes: 0.854 found at epoch: 51
