FullySupervisedPercentage: 0.8
logic loss multiplier: 0.01
Active: OneHotloss True 15 
Active: MinSizeBackgroundloss True 1 
Active: MaxSizeBackgroundloss True 20 
Active: MinSizeShapesloss True 30 
Active: MaxSizeShapesloss True 1 

Test Scores: [0.24, 0.291, 0.333, 0.36, 0.457, 0.491, 0.516, 0.561, 0.622, 0.642, 0.624, 0.624, 0.714, 0.705, 0.625, 0.704, 0.735, 0.667, 0.706, 0.699, 0.706, 0.791, 0.719, 0.754, 0.75, 0.728, 0.721, 0.777, 0.773, 0.731, 0.68, 0.744, 0.71, 0.753, 0.772, 0.778, 0.795, 0.737, 0.748, 0.807, 0.746, 0.771, 0.769, 0.82, 0.752, 0.792, 0.801, 0.779, 0.825, 0.795, 0.84, 0.795, 0.805, 0.762, 0.828, 0.785, 0.859, 0.801, 0.784, 0.831, 0.786, 0.791, 0.822, 0.796, 0.778, 0.786, 0.825, 0.811, 0.745, 0.824, 0.754, 0.781, 0.765, 0.745, 0.823, 0.836, 0.833, 0.855, 0.725, 0.809, 0.752, 0.809, 0.828, 0.817, 0.822, 0.798, 0.822, 0.814, 0.83, 0.816, 0.813, 0.838, 0.811, 0.818, 0.838, 0.809, 0.839, 0.853, 0.795, 0.818]
Test Scores w/o background: [0.061, 0.097, 0.138, 0.165, 0.285, 0.328, 0.361, 0.421, 0.5, 0.526, 0.502, 0.501, 0.62, 0.609, 0.502, 0.607, 0.648, 0.557, 0.609, 0.6, 0.609, 0.722, 0.627, 0.673, 0.668, 0.638, 0.629, 0.703, 0.698, 0.641, 0.574, 0.659, 0.615, 0.671, 0.697, 0.704, 0.728, 0.65, 0.665, 0.743, 0.663, 0.695, 0.693, 0.76, 0.669, 0.723, 0.736, 0.706, 0.768, 0.727, 0.787, 0.727, 0.74, 0.684, 0.771, 0.714, 0.813, 0.736, 0.713, 0.776, 0.716, 0.722, 0.763, 0.728, 0.704, 0.715, 0.767, 0.749, 0.661, 0.766, 0.672, 0.709, 0.688, 0.66, 0.764, 0.781, 0.778, 0.808, 0.634, 0.746, 0.67, 0.745, 0.772, 0.756, 0.763, 0.731, 0.764, 0.752, 0.774, 0.755, 0.751, 0.784, 0.748, 0.758, 0.784, 0.745, 0.785, 0.804, 0.727, 0.758]
Train Scores: [0.243, 0.303, 0.34, 0.385, 0.496, 0.557, 0.587, 0.645, 0.68, 0.739, 0.725, 0.739, 0.802, 0.811, 0.799, 0.8, 0.855, 0.811, 0.82, 0.823, 0.829, 0.857, 0.844, 0.867, 0.885, 0.874, 0.875, 0.887, 0.889, 0.867, 0.805, 0.86, 0.825, 0.855, 0.889, 0.887, 0.888, 0.862, 0.874, 0.91, 0.894, 0.901, 0.912, 0.89, 0.861, 0.905, 0.878, 0.911, 0.925, 0.927, 0.912, 0.926, 0.915, 0.916, 0.924, 0.912, 0.927, 0.922, 0.92, 0.922, 0.908, 0.923, 0.913, 0.921, 0.914, 0.901, 0.909, 0.919, 0.904, 0.922, 0.904, 0.926, 0.891, 0.886, 0.924, 0.919, 0.923, 0.936, 0.9, 0.928, 0.906, 0.912, 0.933, 0.925, 0.93, 0.909, 0.922, 0.93, 0.937, 0.925, 0.924, 0.925, 0.918, 0.928, 0.937, 0.928, 0.939, 0.926, 0.923, 0.933]
Train Scores w/o background: [0.064, 0.112, 0.147, 0.198, 0.337, 0.416, 0.455, 0.533, 0.577, 0.656, 0.637, 0.654, 0.739, 0.749, 0.734, 0.735, 0.808, 0.749, 0.76, 0.764, 0.772, 0.81, 0.792, 0.824, 0.847, 0.833, 0.834, 0.85, 0.853, 0.823, 0.741, 0.814, 0.767, 0.807, 0.852, 0.849, 0.852, 0.816, 0.833, 0.881, 0.859, 0.869, 0.883, 0.854, 0.815, 0.874, 0.837, 0.882, 0.901, 0.903, 0.883, 0.902, 0.888, 0.889, 0.899, 0.883, 0.903, 0.897, 0.894, 0.897, 0.877, 0.898, 0.884, 0.895, 0.886, 0.868, 0.879, 0.893, 0.873, 0.896, 0.873, 0.902, 0.856, 0.849, 0.9, 0.893, 0.897, 0.916, 0.867, 0.904, 0.875, 0.884, 0.912, 0.9, 0.906, 0.879, 0.896, 0.907, 0.917, 0.901, 0.899, 0.9, 0.89, 0.905, 0.916, 0.905, 0.919, 0.901, 0.898, 0.911]
Train Loss: [1.941, 1.757, 1.661, 1.591, 1.523, 1.459, 1.387, 1.321, 1.262, 1.206, 1.158, 1.114, 1.071, 1.028, 0.986, 0.946, 0.908, 0.873, 0.839, 0.808, 0.78, 0.753, 0.731, 0.71, 0.691, 0.676, 0.662, 0.651, 0.642, 0.635, 0.628, 0.625, 0.619, 0.616, 0.613, 0.611, 0.61, 0.608, 0.606, 0.605, 0.603, 0.603, 0.602, 0.602, 0.602, 0.601, 0.6, 0.6, 0.6, 0.6, 0.6, 0.599, 0.599, 0.599, 0.599, 0.599, 0.598, 0.598, 0.598, 0.598, 0.598, 0.598, 0.598, 0.598, 0.598, 0.598, 0.598, 0.598, 0.598, 0.598, 0.597, 0.598, 0.597, 0.597, 0.597, 0.597, 0.597, 0.597, 0.597, 0.597, 0.597, 0.597, 0.597, 0.597, 0.597, 0.597, 0.596, 0.597, 0.597, 0.597, 0.597, 0.597, 0.596, 0.596, 0.596, 0.597, 0.597, 0.597, 0.596, 0.596]
Max test score: 0.859 found at epoch: 57
Max test score shapes: 0.813 found at epoch: 57
