seed 42
percentFullySupervised 0.2
Active:  BBox loss [True, False, 1] [True, 0.2] [False, 1] linear True False 0 
Active: Scribblesloss True 1 
domainLossMultiplier 0.01
Active: Adjacencyloss True True 30 0.0001 False False 
Active: Relationsloss True 2 True 0.1 False True False 
Active: OneHotloss True 20 
Active: Smoothnessloss True 100 
Active: MinSizeShapesloss True 1 0.5 0.0035 0.015 
Active: MaxSizeShapesloss True 1 0.98 0.2 0.42 

Test Scores: [0.426, 0.44, 0.416, 0.502, 0.494, 0.519, 0.534, 0.535, 0.532, 0.515, 0.503, 0.518, 0.512, 0.507, 0.56, 0.511, 0.569, 0.537, 0.567, 0.509, 0.573, 0.53, 0.534, 0.539, 0.512, 0.523, 0.558, 0.546, 0.536, 0.538, 0.486, 0.538, 0.57, 0.547, 0.521, 0.562, 0.553, 0.523, 0.525, 0.546, 0.481, 0.539, 0.535, 0.562, 0.496, 0.532, 0.552, 0.533, 0.505, 0.56, 0.538, 0.499, 0.548, 0.539, 0.577, 0.488, 0.536, 0.501, 0.574, 0.573, 0.556, 0.565, 0.549, 0.514, 0.552, 0.565, 0.566, 0.544, 0.521, 0.5, 0.519, 0.58, 0.572, 0.561, 0.548, 0.525, 0.536, 0.536, 0.5, 0.537, 0.535, 0.567, 0.55, 0.547, 0.564, 0.51, 0.561, 0.527, 0.529, 0.532, 0.531, 0.547, 0.554, 0.556, 0.576, 0.533, 0.601, 0.575, 0.553, 0.585, 0.565, 0.558, 0.564, 0.562, 0.537, 0.513, 0.564, 0.558, 0.547, 0.568, 0.54, 0.557, 0.578, 0.535, 0.564, 0.577, 0.55, 0.541, 0.579, 0.564]
Test Scores w/o background: [0.295, 0.317, 0.285, 0.368, 0.343, 0.364, 0.386, 0.385, 0.377, 0.356, 0.339, 0.354, 0.345, 0.333, 0.41, 0.344, 0.419, 0.381, 0.419, 0.338, 0.43, 0.365, 0.372, 0.378, 0.343, 0.365, 0.402, 0.39, 0.373, 0.379, 0.306, 0.374, 0.421, 0.388, 0.357, 0.411, 0.401, 0.357, 0.354, 0.39, 0.295, 0.375, 0.371, 0.412, 0.318, 0.369, 0.395, 0.364, 0.331, 0.407, 0.374, 0.324, 0.386, 0.376, 0.432, 0.303, 0.371, 0.325, 0.426, 0.424, 0.403, 0.412, 0.389, 0.343, 0.396, 0.413, 0.415, 0.386, 0.354, 0.323, 0.349, 0.433, 0.422, 0.408, 0.391, 0.356, 0.374, 0.374, 0.322, 0.375, 0.372, 0.416, 0.394, 0.389, 0.412, 0.339, 0.407, 0.36, 0.365, 0.37, 0.371, 0.388, 0.4, 0.402, 0.428, 0.371, 0.469, 0.428, 0.397, 0.44, 0.411, 0.404, 0.415, 0.409, 0.373, 0.342, 0.414, 0.403, 0.39, 0.421, 0.379, 0.401, 0.432, 0.372, 0.412, 0.432, 0.393, 0.383, 0.438, 0.412]
Train Scores: [0.439, 0.464, 0.442, 0.512, 0.515, 0.552, 0.533, 0.544, 0.549, 0.536, 0.528, 0.534, 0.531, 0.548, 0.586, 0.539, 0.591, 0.554, 0.579, 0.532, 0.586, 0.557, 0.554, 0.575, 0.547, 0.547, 0.591, 0.567, 0.577, 0.562, 0.527, 0.567, 0.601, 0.56, 0.539, 0.599, 0.585, 0.559, 0.545, 0.585, 0.525, 0.568, 0.581, 0.593, 0.539, 0.573, 0.553, 0.566, 0.527, 0.595, 0.573, 0.547, 0.576, 0.58, 0.596, 0.526, 0.565, 0.548, 0.622, 0.6, 0.601, 0.605, 0.569, 0.554, 0.592, 0.598, 0.608, 0.59, 0.571, 0.536, 0.556, 0.607, 0.614, 0.594, 0.58, 0.569, 0.574, 0.58, 0.541, 0.579, 0.566, 0.598, 0.587, 0.583, 0.602, 0.549, 0.601, 0.564, 0.567, 0.575, 0.575, 0.582, 0.586, 0.592, 0.604, 0.57, 0.635, 0.602, 0.581, 0.612, 0.603, 0.595, 0.603, 0.589, 0.585, 0.565, 0.603, 0.597, 0.586, 0.592, 0.581, 0.59, 0.612, 0.569, 0.598, 0.611, 0.573, 0.58, 0.608, 0.602]
Train Scores w/o background: [0.31, 0.333, 0.311, 0.374, 0.365, 0.405, 0.38, 0.393, 0.401, 0.385, 0.367, 0.373, 0.363, 0.384, 0.437, 0.381, 0.446, 0.401, 0.434, 0.363, 0.448, 0.401, 0.397, 0.425, 0.391, 0.398, 0.442, 0.414, 0.425, 0.407, 0.358, 0.411, 0.457, 0.401, 0.375, 0.456, 0.442, 0.403, 0.382, 0.438, 0.351, 0.41, 0.429, 0.448, 0.37, 0.416, 0.389, 0.403, 0.356, 0.449, 0.418, 0.384, 0.421, 0.428, 0.452, 0.357, 0.406, 0.385, 0.485, 0.456, 0.457, 0.46, 0.41, 0.392, 0.444, 0.452, 0.466, 0.443, 0.416, 0.368, 0.394, 0.467, 0.474, 0.448, 0.428, 0.411, 0.421, 0.427, 0.372, 0.428, 0.41, 0.455, 0.44, 0.434, 0.458, 0.385, 0.456, 0.405, 0.41, 0.422, 0.426, 0.43, 0.437, 0.446, 0.46, 0.414, 0.508, 0.461, 0.43, 0.472, 0.458, 0.449, 0.461, 0.438, 0.431, 0.407, 0.463, 0.449, 0.438, 0.45, 0.428, 0.44, 0.472, 0.413, 0.453, 0.472, 0.418, 0.429, 0.471, 0.459]
Train Loss: [6.599, 3.507, 2.571, 2.097, 1.795, 1.57, 1.363, 1.268, 1.106, 1.319, 1.152, 1.483, 1.111, 1.079, 0.717, 0.747, 0.653, 0.443, 0.479, 0.467, 0.317, 0.294, 0.319, 0.368, 0.352, 0.319, 0.203, 0.238, 0.161, 0.182, 0.317, 0.201, 0.256, 0.311, 0.13, 0.116, 0.13, 0.283, 0.248, 0.108, 0.14, 0.308, 0.327, 0.266, 0.299, 0.188, 0.268, 0.305, 0.211, 0.195, 0.059, 0.117, 0.121, 0.086, 0.122, 0.238, 0.289, 0.22, 0.092, 0.101, 0.044, 0.097, 0.071, 0.073, 0.093, 0.097, 0.068, 0.067, 0.088, 0.102, 0.056, 0.086, 0.099, 0.039, 0.07, 0.106, 0.055, 0.113, 0.042, 0.101, 0.083, 0.059, 0.027, 0.064, 0.068, 0.082, 0.04, 0.036, 0.073, 0.075, 0.029, 0.057, 0.041, 0.028, 0.052, 0.04, 0.056, 0.046, 0.122, 0.019, 0.061, 0.035, 0.084, 0.049, 0.134, 0.106, 0.093, 0.033, 0.054, 0.03, 0.022, 0.083, 0.057, 0.045, 0.024, 0.051, 0.027, 0.068, 0.026, 0.038]
Max test score: 0.601 found at epoch: 97
Max test score shapes: 0.469 found at epoch: 97
Avg generalisation ratio: 0.908
Avg generalisation diff: 0.039