seed 42
percentFullySupervised 0.2
Active:  BBox loss [True, True, 1] [True, 0.2] [False, 1] linear False False 0 
Active: Scribblesloss True 1 
domainLossMultiplier 0.01
Active: Adjacencyloss True True 30 0.0001 False False 
Active: Relationsloss True 2 True 0.1 False True False 
Active: OneHotloss True 20 
Active: Smoothnessloss True 100 
Active: MinSizeShapesloss True 1 0.5 0.0035 0.015 
Active: MaxSizeShapesloss True 1 0.98 0.2 0.42 

Test Scores: [0.309, 0.39, 0.481, 0.546, 0.525, 0.562, 0.557, 0.554, 0.569, 0.558, 0.579, 0.561, 0.523, 0.596, 0.608, 0.56, 0.577, 0.585, 0.603, 0.602, 0.577, 0.599, 0.539, 0.606, 0.602, 0.59, 0.629, 0.616, 0.539, 0.62, 0.607, 0.622, 0.617, 0.594, 0.584, 0.604, 0.581, 0.555, 0.633, 0.634, 0.599, 0.623, 0.609, 0.606, 0.591, 0.626, 0.607, 0.599, 0.619, 0.62, 0.611, 0.608, 0.621, 0.618, 0.621, 0.606, 0.601, 0.589, 0.607, 0.614, 0.616, 0.614, 0.573, 0.585, 0.619, 0.614, 0.619, 0.611, 0.611, 0.61, 0.592, 0.637, 0.613, 0.614, 0.626, 0.62, 0.612, 0.613, 0.622, 0.608, 0.606, 0.617, 0.612, 0.625, 0.611, 0.626, 0.617, 0.606, 0.612, 0.608, 0.625, 0.611, 0.616, 0.627, 0.629, 0.629, 0.634, 0.62, 0.601, 0.641, 0.633, 0.627, 0.629, 0.604, 0.613, 0.609, 0.627, 0.589, 0.585, 0.624, 0.617, 0.63, 0.64, 0.6, 0.624, 0.614, 0.617, 0.621, 0.614, 0.627]
Test Scores w/o background: [0.226, 0.265, 0.341, 0.411, 0.386, 0.416, 0.41, 0.398, 0.418, 0.403, 0.434, 0.409, 0.357, 0.457, 0.471, 0.402, 0.428, 0.439, 0.464, 0.461, 0.425, 0.456, 0.376, 0.467, 0.459, 0.44, 0.499, 0.478, 0.373, 0.487, 0.465, 0.485, 0.48, 0.447, 0.435, 0.475, 0.429, 0.39, 0.504, 0.505, 0.455, 0.491, 0.47, 0.47, 0.444, 0.497, 0.468, 0.454, 0.482, 0.485, 0.473, 0.465, 0.487, 0.481, 0.484, 0.464, 0.458, 0.44, 0.466, 0.473, 0.477, 0.479, 0.421, 0.436, 0.484, 0.477, 0.481, 0.47, 0.471, 0.469, 0.448, 0.507, 0.475, 0.474, 0.49, 0.485, 0.472, 0.471, 0.485, 0.473, 0.463, 0.476, 0.474, 0.495, 0.47, 0.493, 0.481, 0.465, 0.473, 0.463, 0.49, 0.473, 0.477, 0.492, 0.495, 0.496, 0.502, 0.482, 0.455, 0.512, 0.502, 0.493, 0.495, 0.461, 0.471, 0.467, 0.495, 0.441, 0.434, 0.496, 0.48, 0.496, 0.509, 0.455, 0.488, 0.474, 0.476, 0.483, 0.475, 0.495]
Train Scores: [0.305, 0.404, 0.497, 0.567, 0.54, 0.587, 0.569, 0.581, 0.578, 0.602, 0.616, 0.575, 0.559, 0.615, 0.637, 0.588, 0.624, 0.614, 0.632, 0.62, 0.614, 0.634, 0.577, 0.64, 0.618, 0.619, 0.642, 0.633, 0.574, 0.651, 0.632, 0.65, 0.66, 0.618, 0.6, 0.617, 0.613, 0.581, 0.655, 0.67, 0.616, 0.647, 0.644, 0.614, 0.628, 0.658, 0.645, 0.624, 0.649, 0.646, 0.629, 0.634, 0.639, 0.651, 0.653, 0.643, 0.626, 0.63, 0.647, 0.652, 0.656, 0.659, 0.599, 0.611, 0.662, 0.66, 0.667, 0.644, 0.644, 0.651, 0.622, 0.671, 0.658, 0.658, 0.666, 0.663, 0.669, 0.661, 0.661, 0.648, 0.648, 0.646, 0.653, 0.671, 0.661, 0.665, 0.667, 0.651, 0.658, 0.653, 0.668, 0.65, 0.647, 0.68, 0.676, 0.669, 0.68, 0.664, 0.646, 0.676, 0.671, 0.663, 0.673, 0.638, 0.645, 0.653, 0.67, 0.637, 0.635, 0.67, 0.657, 0.666, 0.685, 0.645, 0.666, 0.665, 0.663, 0.669, 0.665, 0.668]
Train Scores w/o background: [0.236, 0.277, 0.357, 0.427, 0.4, 0.439, 0.423, 0.425, 0.425, 0.457, 0.474, 0.419, 0.397, 0.477, 0.502, 0.432, 0.485, 0.471, 0.495, 0.481, 0.473, 0.499, 0.42, 0.506, 0.477, 0.476, 0.51, 0.497, 0.414, 0.525, 0.493, 0.521, 0.533, 0.48, 0.452, 0.49, 0.467, 0.423, 0.529, 0.547, 0.475, 0.522, 0.513, 0.483, 0.489, 0.536, 0.514, 0.486, 0.519, 0.518, 0.496, 0.498, 0.507, 0.526, 0.522, 0.509, 0.487, 0.492, 0.517, 0.525, 0.528, 0.537, 0.45, 0.468, 0.538, 0.533, 0.544, 0.514, 0.516, 0.521, 0.48, 0.552, 0.533, 0.532, 0.542, 0.54, 0.548, 0.534, 0.536, 0.525, 0.517, 0.516, 0.525, 0.556, 0.536, 0.54, 0.546, 0.521, 0.531, 0.523, 0.546, 0.52, 0.516, 0.563, 0.558, 0.55, 0.564, 0.54, 0.513, 0.557, 0.55, 0.539, 0.552, 0.501, 0.514, 0.524, 0.551, 0.501, 0.5, 0.556, 0.532, 0.543, 0.567, 0.512, 0.545, 0.54, 0.538, 0.547, 0.542, 0.549]
Train Loss: [7.93, 4.896, 3.721, 3.212, 2.666, 2.284, 1.927, 1.715, 1.69, 1.408, 1.355, 1.208, 1.113, 1.018, 0.841, 0.812, 0.68, 0.804, 0.653, 0.63, 0.576, 0.742, 0.655, 0.6, 0.661, 0.574, 0.675, 0.493, 0.607, 0.42, 0.489, 0.366, 0.382, 0.36, 0.416, 0.387, 0.327, 0.424, 0.296, 0.326, 0.271, 0.23, 0.229, 0.247, 0.263, 0.293, 0.227, 0.241, 0.23, 0.21, 0.191, 0.218, 0.216, 0.17, 0.235, 0.176, 0.192, 0.207, 0.206, 0.128, 0.256, 0.163, 0.162, 0.157, 0.158, 0.193, 0.148, 0.142, 0.157, 0.179, 0.132, 0.184, 0.153, 0.186, 0.151, 0.152, 0.144, 0.209, 0.186, 0.14, 0.192, 0.129, 0.14, 0.141, 0.153, 0.193, 0.124, 0.141, 0.124, 0.105, 0.105, 0.108, 0.122, 0.099, 0.111, 0.1, 0.1, 0.117, 0.103, 0.123, 0.12, 0.219, 0.123, 0.125, 0.142, 0.143, 0.117, 0.129, 0.114, 0.1, 0.117, 0.116, 0.115, 0.126, 0.126, 0.097, 0.094, 0.085, 0.094, 0.087]
Max test score: 0.641 found at epoch: 100
Max test score shapes: 0.512 found at epoch: 100
Avg generalisation ratio: 0.916
Avg generalisation diff: 0.043