seed 42
percentFullySupervised 0.2
Active:  BBox loss [True, True, 1] [True, 0.2] [False, 1] linear False False 0 
domainLossMultiplier 0.01
Active: Adjacencyloss True True 30 0.0001 False False 
Active: Relationsloss True 2 True 0.1 False True False 
Active: OneHotloss True 20 
Active: Smoothnessloss True 100 
Active: MinSizeShapesloss True 1 0.5 0.0035 0.015 
Active: MaxSizeShapesloss True 1 0.98 0.2 0.42 

Test Scores: [0.263, 0.409, 0.383, 0.418, 0.404, 0.399, 0.42, 0.425, 0.457, 0.449, 0.471, 0.477, 0.479, 0.495, 0.487, 0.472, 0.49, 0.521, 0.512, 0.502, 0.521, 0.491, 0.497, 0.512, 0.524, 0.524, 0.503, 0.468, 0.464, 0.524, 0.504, 0.481, 0.506, 0.505, 0.526, 0.521, 0.498, 0.478, 0.53, 0.515, 0.5, 0.525, 0.508, 0.494, 0.491, 0.52, 0.508, 0.533, 0.507, 0.522, 0.508, 0.489, 0.511, 0.517, 0.528, 0.522, 0.5, 0.518, 0.53, 0.518, 0.527, 0.526, 0.51, 0.528, 0.538, 0.502, 0.529, 0.529, 0.51, 0.53, 0.511, 0.533, 0.543, 0.534, 0.528, 0.526, 0.534, 0.531, 0.513, 0.528, 0.522, 0.523, 0.538, 0.539, 0.539, 0.537, 0.532, 0.535, 0.516, 0.532, 0.532, 0.533, 0.541, 0.546, 0.53, 0.54, 0.524, 0.534, 0.531, 0.545, 0.52, 0.544, 0.542, 0.537, 0.518, 0.521, 0.524, 0.522, 0.551, 0.545, 0.526, 0.536, 0.542, 0.523, 0.526, 0.537, 0.536, 0.533, 0.541, 0.531]
Test Scores w/o background: [0.163, 0.223, 0.21, 0.218, 0.203, 0.212, 0.229, 0.228, 0.269, 0.266, 0.292, 0.298, 0.3, 0.317, 0.321, 0.294, 0.315, 0.359, 0.349, 0.331, 0.359, 0.313, 0.325, 0.342, 0.365, 0.367, 0.339, 0.288, 0.272, 0.367, 0.336, 0.292, 0.345, 0.34, 0.36, 0.359, 0.345, 0.293, 0.371, 0.347, 0.319, 0.371, 0.34, 0.315, 0.305, 0.35, 0.332, 0.371, 0.334, 0.352, 0.345, 0.31, 0.349, 0.345, 0.369, 0.358, 0.32, 0.345, 0.368, 0.35, 0.366, 0.369, 0.332, 0.364, 0.377, 0.325, 0.368, 0.368, 0.336, 0.363, 0.338, 0.375, 0.387, 0.383, 0.362, 0.361, 0.381, 0.374, 0.341, 0.365, 0.354, 0.354, 0.378, 0.388, 0.377, 0.373, 0.371, 0.373, 0.353, 0.368, 0.378, 0.372, 0.379, 0.39, 0.365, 0.381, 0.375, 0.378, 0.373, 0.389, 0.347, 0.388, 0.381, 0.376, 0.353, 0.353, 0.362, 0.354, 0.4, 0.395, 0.358, 0.375, 0.387, 0.355, 0.363, 0.376, 0.373, 0.373, 0.39, 0.366]
Train Scores: [0.28, 0.454, 0.404, 0.44, 0.442, 0.426, 0.444, 0.457, 0.475, 0.486, 0.479, 0.493, 0.494, 0.512, 0.52, 0.503, 0.519, 0.531, 0.523, 0.487, 0.522, 0.5, 0.53, 0.527, 0.53, 0.535, 0.524, 0.482, 0.509, 0.537, 0.509, 0.503, 0.538, 0.53, 0.528, 0.533, 0.529, 0.5, 0.547, 0.538, 0.516, 0.527, 0.513, 0.537, 0.525, 0.535, 0.523, 0.554, 0.545, 0.539, 0.532, 0.522, 0.53, 0.538, 0.54, 0.534, 0.522, 0.543, 0.549, 0.532, 0.519, 0.532, 0.536, 0.535, 0.545, 0.519, 0.54, 0.549, 0.536, 0.539, 0.522, 0.567, 0.551, 0.539, 0.544, 0.53, 0.544, 0.546, 0.547, 0.555, 0.546, 0.547, 0.549, 0.565, 0.563, 0.559, 0.559, 0.558, 0.539, 0.557, 0.555, 0.558, 0.553, 0.559, 0.556, 0.554, 0.548, 0.556, 0.553, 0.572, 0.541, 0.568, 0.571, 0.537, 0.529, 0.538, 0.548, 0.539, 0.563, 0.56, 0.543, 0.542, 0.566, 0.547, 0.543, 0.567, 0.569, 0.539, 0.568, 0.552]
Train Scores w/o background: [0.179, 0.277, 0.234, 0.25, 0.257, 0.249, 0.263, 0.267, 0.29, 0.315, 0.301, 0.314, 0.313, 0.339, 0.356, 0.331, 0.351, 0.367, 0.358, 0.309, 0.354, 0.321, 0.369, 0.362, 0.371, 0.375, 0.362, 0.306, 0.331, 0.376, 0.344, 0.321, 0.379, 0.371, 0.36, 0.372, 0.377, 0.323, 0.391, 0.376, 0.342, 0.366, 0.343, 0.371, 0.352, 0.366, 0.35, 0.395, 0.381, 0.374, 0.377, 0.352, 0.37, 0.371, 0.381, 0.371, 0.346, 0.377, 0.391, 0.367, 0.354, 0.375, 0.368, 0.371, 0.386, 0.348, 0.38, 0.393, 0.371, 0.376, 0.35, 0.416, 0.394, 0.391, 0.386, 0.368, 0.391, 0.391, 0.383, 0.397, 0.384, 0.382, 0.389, 0.417, 0.407, 0.401, 0.404, 0.404, 0.385, 0.401, 0.406, 0.402, 0.394, 0.407, 0.398, 0.401, 0.402, 0.407, 0.403, 0.424, 0.377, 0.422, 0.419, 0.375, 0.369, 0.375, 0.394, 0.374, 0.415, 0.416, 0.379, 0.384, 0.418, 0.384, 0.383, 0.414, 0.415, 0.383, 0.423, 0.396]
Train Loss: [3.944, 2.332, 1.721, 1.322, 1.083, 0.924, 0.867, 0.684, 0.608, 0.582, 0.534, 0.51, 0.457, 0.459, 0.403, 0.436, 0.371, 0.338, 0.309, 0.285, 0.299, 0.304, 0.289, 0.255, 0.253, 0.225, 0.228, 0.223, 0.218, 0.251, 0.219, 0.251, 0.224, 0.211, 0.189, 0.192, 0.197, 0.202, 0.227, 0.218, 0.208, 0.245, 0.187, 0.177, 0.173, 0.172, 0.213, 0.2, 0.167, 0.16, 0.136, 0.145, 0.146, 0.14, 0.155, 0.132, 0.134, 0.147, 0.151, 0.138, 0.17, 0.18, 0.153, 0.154, 0.137, 0.17, 0.154, 0.158, 0.155, 0.137, 0.13, 0.168, 0.148, 0.141, 0.148, 0.137, 0.15, 0.163, 0.126, 0.127, 0.122, 0.112, 0.115, 0.114, 0.104, 0.094, 0.103, 0.101, 0.105, 0.103, 0.1, 0.116, 0.125, 0.112, 0.111, 0.105, 0.095, 0.08, 0.085, 0.101, 0.09, 0.095, 0.103, 0.101, 0.088, 0.091, 0.086, 0.093, 0.088, 0.088, 0.086, 0.09, 0.098, 0.107, 0.095, 0.096, 0.097, 0.085, 0.076, 0.076]
Max test score: 0.551 found at epoch: 109
Max test score shapes: 0.4 found at epoch: 109
Avg generalisation ratio: 0.934
Avg generalisation diff: 0.024