seed 42
percentFullySupervised 0.2
Active:  BBox loss [True, False, 1] [True, 0.2] [False, 1] linear False False 0 
domainLossMultiplier 0.01
Active: Adjacencyloss True True 30 0.0001 False False 
Active: Relationsloss True 2 True 0.1 False True False 
Active: OneHotloss True 20 
Active: Smoothnessloss True 100 
Active: MinSizeShapesloss True 1 0.5 0.0035 0.015 
Active: MaxSizeShapesloss True 1 0.98 0.2 0.42 

Test Scores: [0.296, 0.346, 0.387, 0.434, 0.46, 0.446, 0.466, 0.471, 0.476, 0.435, 0.415, 0.424, 0.374, 0.399, 0.378, 0.362, 0.411, 0.368, 0.358, 0.419, 0.487, 0.381, 0.386, 0.426, 0.431, 0.427, 0.403, 0.388, 0.391, 0.449, 0.43, 0.394, 0.437, 0.395, 0.386, 0.42, 0.41, 0.368, 0.421, 0.429, 0.39, 0.441, 0.372, 0.381, 0.361, 0.381, 0.355, 0.373, 0.358, 0.349, 0.42, 0.373, 0.426, 0.394, 0.459, 0.383, 0.392, 0.367, 0.42, 0.423, 0.435, 0.453, 0.394, 0.368, 0.399, 0.355, 0.339, 0.382, 0.376, 0.372, 0.355, 0.444, 0.39, 0.415, 0.414, 0.433, 0.449, 0.451, 0.357, 0.41, 0.408, 0.386, 0.356, 0.403, 0.396, 0.344, 0.36, 0.352, 0.395, 0.389, 0.429, 0.414, 0.401, 0.455, 0.452, 0.399, 0.49, 0.443, 0.391, 0.446, 0.417, 0.449, 0.419, 0.338, 0.345, 0.375, 0.457, 0.355, 0.382, 0.427, 0.399, 0.413, 0.439, 0.383, 0.425, 0.409, 0.38, 0.372, 0.427, 0.413]
Test Scores w/o background: [0.134, 0.206, 0.247, 0.252, 0.285, 0.261, 0.288, 0.285, 0.294, 0.235, 0.206, 0.221, 0.147, 0.189, 0.156, 0.133, 0.203, 0.144, 0.129, 0.215, 0.314, 0.159, 0.166, 0.222, 0.239, 0.23, 0.197, 0.168, 0.169, 0.258, 0.232, 0.174, 0.242, 0.179, 0.169, 0.219, 0.198, 0.141, 0.216, 0.226, 0.169, 0.242, 0.146, 0.16, 0.134, 0.159, 0.123, 0.148, 0.126, 0.113, 0.216, 0.148, 0.225, 0.177, 0.271, 0.159, 0.176, 0.137, 0.211, 0.213, 0.232, 0.257, 0.176, 0.138, 0.183, 0.12, 0.099, 0.16, 0.152, 0.147, 0.122, 0.249, 0.172, 0.213, 0.206, 0.236, 0.253, 0.257, 0.127, 0.2, 0.197, 0.165, 0.125, 0.191, 0.182, 0.109, 0.128, 0.115, 0.176, 0.167, 0.225, 0.205, 0.183, 0.26, 0.257, 0.18, 0.313, 0.242, 0.17, 0.251, 0.206, 0.253, 0.207, 0.096, 0.111, 0.151, 0.271, 0.122, 0.159, 0.228, 0.185, 0.205, 0.242, 0.16, 0.223, 0.201, 0.156, 0.145, 0.225, 0.2]
Train Scores: [0.313, 0.345, 0.397, 0.446, 0.466, 0.465, 0.481, 0.468, 0.499, 0.462, 0.459, 0.472, 0.391, 0.434, 0.443, 0.406, 0.436, 0.402, 0.402, 0.44, 0.495, 0.433, 0.43, 0.451, 0.435, 0.452, 0.442, 0.424, 0.431, 0.48, 0.445, 0.444, 0.45, 0.446, 0.431, 0.433, 0.449, 0.408, 0.443, 0.471, 0.44, 0.468, 0.431, 0.438, 0.421, 0.424, 0.395, 0.424, 0.414, 0.403, 0.454, 0.42, 0.449, 0.45, 0.482, 0.427, 0.428, 0.418, 0.448, 0.46, 0.461, 0.476, 0.432, 0.4, 0.433, 0.4, 0.396, 0.427, 0.433, 0.409, 0.404, 0.471, 0.428, 0.45, 0.453, 0.46, 0.468, 0.469, 0.405, 0.454, 0.462, 0.439, 0.411, 0.457, 0.443, 0.398, 0.411, 0.397, 0.427, 0.428, 0.467, 0.445, 0.44, 0.478, 0.477, 0.444, 0.518, 0.477, 0.435, 0.478, 0.444, 0.459, 0.453, 0.39, 0.387, 0.428, 0.497, 0.408, 0.431, 0.457, 0.433, 0.454, 0.479, 0.437, 0.463, 0.454, 0.428, 0.419, 0.47, 0.449]
Train Scores w/o background: [0.145, 0.203, 0.258, 0.269, 0.29, 0.289, 0.306, 0.28, 0.327, 0.274, 0.263, 0.286, 0.17, 0.23, 0.242, 0.192, 0.236, 0.188, 0.184, 0.24, 0.32, 0.226, 0.225, 0.251, 0.249, 0.268, 0.25, 0.216, 0.224, 0.297, 0.254, 0.24, 0.258, 0.246, 0.226, 0.236, 0.25, 0.191, 0.243, 0.281, 0.234, 0.273, 0.226, 0.235, 0.214, 0.215, 0.176, 0.214, 0.201, 0.185, 0.258, 0.209, 0.254, 0.253, 0.299, 0.218, 0.222, 0.205, 0.247, 0.264, 0.269, 0.291, 0.225, 0.178, 0.227, 0.18, 0.176, 0.223, 0.229, 0.197, 0.186, 0.283, 0.224, 0.257, 0.258, 0.273, 0.281, 0.279, 0.189, 0.261, 0.269, 0.235, 0.199, 0.263, 0.247, 0.181, 0.197, 0.175, 0.218, 0.221, 0.276, 0.248, 0.237, 0.294, 0.292, 0.241, 0.352, 0.286, 0.229, 0.292, 0.242, 0.273, 0.26, 0.167, 0.17, 0.225, 0.32, 0.193, 0.229, 0.273, 0.233, 0.26, 0.294, 0.232, 0.27, 0.26, 0.22, 0.207, 0.283, 0.252]
Train Loss: [3.13, 1.401, 0.926, 0.653, 0.447, 0.315, 0.253, 0.169, 0.152, 0.111, 0.076, 0.069, 0.066, 0.047, 0.045, 0.034, 0.04, 0.03, 0.02, 0.02, 0.019, 0.019, 0.017, 0.021, 0.036, 0.025, 0.015, 0.016, 0.011, 0.009, 0.026, 0.009, 0.014, 0.022, 0.008, 0.015, 0.011, 0.005, 0.009, 0.006, 0.012, 0.016, 0.007, 0.004, 0.008, 0.006, 0.004, 0.01, 0.003, 0.011, 0.004, 0.005, 0.006, 0.002, 0.016, 0.006, 0.003, 0.012, 0.004, 0.011, 0.002, 0.003, 0.003, 0.004, 0.001, 0.005, 0.021, 0.006, 0.001, 0.005, 0.002, 0.007, 0.007, 0.011, 0.008, 0.008, 0.003, 0.006, 0.005, 0.005, 0.013, 0.002, 0.007, 0.003, 0.005, 0.007, 0.001, 0.004, 0.004, 0.002, 0.001, 0.005, 0.004, inf, 0.008, 0.006, inf, 0.003, 0.001, 0.001, 0.001, 0.011, 0.002, 0.011, 0.01, 0.004, 0.005, 0.002, 0.002, 0.002, 0.002, 0.001, 0.001, 0.0, 0.003, 0.005, inf, inf, 0.003, 0.002]
Max test score: 0.49 found at epoch: 97
Max test score shapes: 0.314 found at epoch: 21
Avg generalisation ratio: 0.788
Avg generalisation diff: 0.049