seed 42
percentFullySupervised 0.2
Active: ImageLevelloss True True False 2 
Active: Scribblesloss True 1 
domainLossMultiplier 0.01
Active: Adjacencyloss True True 30 0.0001 False False 
Active: Relationsloss True 2 True 0.1 False True False 
Active: OneHotloss True 20 
Active: Smoothnessloss True 100 
Active: MinSizeShapesloss True 1 0.5 0.0035 0.015 
Active: MaxSizeShapesloss True 1 0.98 0.2 0.42 

Test Scores: [0.375, 0.433, 0.435, 0.506, 0.514, 0.507, 0.499, 0.502, 0.501, 0.51, 0.536, 0.513, 0.5, 0.535, 0.56, 0.568, 0.565, 0.569, 0.575, 0.567, 0.587, 0.569, 0.547, 0.562, 0.594, 0.604, 0.562, 0.541, 0.559, 0.578, 0.6, 0.571, 0.61, 0.566, 0.564, 0.592, 0.571, 0.571, 0.605, 0.615, 0.578, 0.594, 0.584, 0.583, 0.565, 0.61, 0.587, 0.588, 0.593, 0.6, 0.577, 0.592, 0.599, 0.59, 0.59, 0.592, 0.531, 0.585, 0.6, 0.613, 0.591, 0.598, 0.569, 0.542, 0.579, 0.592, 0.586, 0.589, 0.601, 0.587, 0.583, 0.606, 0.612, 0.621, 0.61, 0.598, 0.589, 0.597, 0.593, 0.591, 0.611, 0.605, 0.601, 0.588, 0.582, 0.573, 0.597, 0.576, 0.591, 0.586, 0.619, 0.593, 0.613, 0.609, 0.607, 0.615, 0.604, 0.599, 0.615, 0.617, 0.587, 0.625, 0.617, 0.573, 0.616, 0.586, 0.603, 0.591, 0.566, 0.604, 0.574, 0.625, 0.598, 0.577, 0.625, 0.6, 0.569, 0.59, 0.591, 0.605]
Test Scores w/o background: [0.261, 0.311, 0.303, 0.345, 0.349, 0.334, 0.325, 0.321, 0.319, 0.332, 0.369, 0.337, 0.317, 0.367, 0.398, 0.417, 0.407, 0.418, 0.419, 0.411, 0.445, 0.415, 0.38, 0.402, 0.448, 0.466, 0.404, 0.374, 0.398, 0.431, 0.454, 0.413, 0.471, 0.412, 0.411, 0.443, 0.416, 0.417, 0.463, 0.478, 0.426, 0.448, 0.438, 0.438, 0.406, 0.473, 0.439, 0.441, 0.444, 0.456, 0.426, 0.446, 0.458, 0.443, 0.441, 0.448, 0.36, 0.433, 0.453, 0.472, 0.442, 0.459, 0.413, 0.376, 0.427, 0.445, 0.435, 0.44, 0.457, 0.439, 0.434, 0.463, 0.474, 0.486, 0.47, 0.454, 0.442, 0.453, 0.446, 0.442, 0.471, 0.462, 0.455, 0.449, 0.432, 0.414, 0.448, 0.423, 0.447, 0.439, 0.483, 0.447, 0.475, 0.468, 0.462, 0.474, 0.463, 0.455, 0.477, 0.481, 0.439, 0.493, 0.483, 0.42, 0.477, 0.437, 0.46, 0.443, 0.41, 0.46, 0.417, 0.491, 0.452, 0.421, 0.49, 0.454, 0.412, 0.44, 0.445, 0.463]
Train Scores: [0.385, 0.457, 0.46, 0.532, 0.542, 0.515, 0.508, 0.53, 0.525, 0.537, 0.565, 0.55, 0.552, 0.567, 0.573, 0.601, 0.588, 0.585, 0.612, 0.597, 0.613, 0.589, 0.576, 0.59, 0.622, 0.63, 0.607, 0.587, 0.587, 0.607, 0.639, 0.607, 0.629, 0.61, 0.583, 0.618, 0.598, 0.604, 0.632, 0.651, 0.616, 0.613, 0.617, 0.631, 0.61, 0.651, 0.6, 0.63, 0.632, 0.632, 0.623, 0.634, 0.645, 0.641, 0.64, 0.637, 0.578, 0.627, 0.637, 0.649, 0.632, 0.636, 0.61, 0.592, 0.633, 0.627, 0.631, 0.624, 0.655, 0.63, 0.63, 0.652, 0.643, 0.664, 0.651, 0.635, 0.631, 0.645, 0.624, 0.631, 0.646, 0.637, 0.642, 0.626, 0.626, 0.611, 0.64, 0.626, 0.633, 0.625, 0.659, 0.644, 0.655, 0.654, 0.647, 0.651, 0.642, 0.639, 0.642, 0.655, 0.631, 0.652, 0.648, 0.613, 0.665, 0.628, 0.649, 0.641, 0.625, 0.654, 0.623, 0.654, 0.639, 0.619, 0.661, 0.635, 0.618, 0.639, 0.639, 0.648]
Train Scores w/o background: [0.27, 0.326, 0.327, 0.371, 0.381, 0.339, 0.332, 0.354, 0.346, 0.364, 0.404, 0.381, 0.385, 0.405, 0.412, 0.459, 0.435, 0.435, 0.468, 0.446, 0.474, 0.438, 0.418, 0.433, 0.48, 0.498, 0.458, 0.429, 0.434, 0.462, 0.502, 0.458, 0.494, 0.467, 0.432, 0.475, 0.447, 0.454, 0.495, 0.52, 0.471, 0.476, 0.48, 0.499, 0.463, 0.521, 0.451, 0.493, 0.495, 0.495, 0.482, 0.497, 0.514, 0.505, 0.506, 0.503, 0.417, 0.489, 0.502, 0.52, 0.495, 0.507, 0.463, 0.438, 0.494, 0.487, 0.493, 0.486, 0.525, 0.494, 0.493, 0.521, 0.511, 0.539, 0.52, 0.503, 0.495, 0.514, 0.49, 0.498, 0.515, 0.506, 0.508, 0.503, 0.491, 0.464, 0.505, 0.485, 0.495, 0.489, 0.531, 0.509, 0.529, 0.526, 0.512, 0.519, 0.517, 0.508, 0.512, 0.533, 0.496, 0.53, 0.524, 0.469, 0.538, 0.49, 0.519, 0.508, 0.484, 0.523, 0.483, 0.532, 0.506, 0.478, 0.536, 0.497, 0.475, 0.506, 0.509, 0.518]
Train Loss: [9.404, 5.853, 4.43, 3.511, 2.885, 2.507, 2.224, 1.934, 1.581, 1.369, 1.052, 1.058, 0.999, 0.882, 0.842, 0.69, 0.825, 0.554, 0.578, 0.479, 0.469, 0.499, 0.441, 0.403, 0.49, 0.344, 0.352, 0.416, 0.424, 0.342, 0.384, 0.322, 0.265, 0.274, 0.349, 0.283, 0.241, 0.205, 0.21, 0.192, 0.181, 0.192, 0.193, 0.208, 0.186, 0.22, 0.227, 0.196, 0.183, 0.147, 0.116, 0.182, 0.13, 0.167, 0.206, 0.2, 0.192, 0.17, 0.129, 0.139, 0.178, 0.133, 0.137, 0.125, 0.117, 0.107, 0.118, 0.101, 0.09, 0.101, 0.084, 0.108, 0.119, 0.097, 0.098, 0.156, 0.143, 0.166, 0.12, 0.154, 0.138, 0.142, 0.167, 0.103, 0.119, 0.107, 0.11, 0.138, 0.106, 0.086, 0.089, 0.16, 0.084, 0.092, 0.101, 0.094, 0.101, 0.088, 0.1, 0.099, 0.088, 0.089, 0.105, 0.074, 0.087, 0.08, 0.072, 0.082, 0.074, 0.073, 0.074, 0.076, 0.071, 0.072, 0.062, 0.073, 0.073, 0.064, 0.065, 0.056]
Max test score: 0.625 found at epoch: 102
Max test score shapes: 0.493 found at epoch: 102
Avg generalisation ratio: 0.904
Avg generalisation diff: 0.046