seed 42
percentFullySupervised 0.2
domainLossMultiplier 0.01

Test Scores: [0.445, 0.489, 0.508, 0.576, 0.535, 0.562, 0.556, 0.519, 0.52, 0.539, 0.577, 0.549, 0.587, 0.597, 0.612, 0.615, 0.619, 0.608, 0.606, 0.619, 0.635, 0.615, 0.586, 0.605, 0.631, 0.618, 0.625, 0.631, 0.57, 0.64, 0.577, 0.617, 0.63, 0.633, 0.608, 0.652, 0.596, 0.558, 0.608, 0.61, 0.622, 0.607, 0.6, 0.58, 0.576, 0.575, 0.602, 0.612, 0.599, 0.618, 0.615, 0.583, 0.57, 0.644, 0.595, 0.613, 0.554, 0.6, 0.601, 0.61, 0.627, 0.594, 0.569, 0.577, 0.635, 0.596, 0.606, 0.621, 0.585, 0.551, 0.618, 0.618, 0.612, 0.565, 0.608, 0.601, 0.622, 0.613, 0.573, 0.607, 0.594, 0.601, 0.62, 0.61, 0.588, 0.618, 0.613, 0.607, 0.64, 0.577, 0.617, 0.603, 0.593, 0.627, 0.595, 0.599, 0.636, 0.618, 0.608, 0.636, 0.62, 0.633, 0.601, 0.564, 0.609, 0.586, 0.634, 0.594, 0.61, 0.639, 0.58, 0.616, 0.635, 0.597, 0.634, 0.627, 0.593, 0.591, 0.596, 0.6]
Test Scores w/o background: [0.304, 0.351, 0.363, 0.422, 0.378, 0.398, 0.391, 0.344, 0.341, 0.365, 0.419, 0.38, 0.438, 0.447, 0.468, 0.473, 0.48, 0.461, 0.462, 0.48, 0.506, 0.474, 0.435, 0.463, 0.494, 0.479, 0.489, 0.499, 0.411, 0.51, 0.422, 0.474, 0.496, 0.499, 0.466, 0.525, 0.446, 0.395, 0.466, 0.467, 0.485, 0.463, 0.461, 0.428, 0.417, 0.419, 0.459, 0.471, 0.451, 0.478, 0.474, 0.427, 0.413, 0.512, 0.443, 0.471, 0.389, 0.45, 0.457, 0.468, 0.49, 0.445, 0.408, 0.423, 0.499, 0.445, 0.461, 0.486, 0.432, 0.387, 0.481, 0.476, 0.469, 0.407, 0.464, 0.457, 0.482, 0.472, 0.414, 0.462, 0.444, 0.455, 0.481, 0.466, 0.437, 0.477, 0.472, 0.461, 0.508, 0.421, 0.481, 0.461, 0.441, 0.489, 0.442, 0.453, 0.504, 0.475, 0.464, 0.504, 0.478, 0.497, 0.454, 0.405, 0.466, 0.433, 0.499, 0.447, 0.465, 0.508, 0.425, 0.475, 0.501, 0.449, 0.501, 0.491, 0.44, 0.438, 0.451, 0.452]
Train Scores: [0.472, 0.532, 0.544, 0.602, 0.567, 0.589, 0.577, 0.533, 0.546, 0.568, 0.596, 0.558, 0.615, 0.616, 0.65, 0.643, 0.656, 0.641, 0.64, 0.643, 0.666, 0.656, 0.601, 0.647, 0.662, 0.659, 0.663, 0.68, 0.619, 0.676, 0.617, 0.651, 0.682, 0.683, 0.64, 0.691, 0.651, 0.597, 0.639, 0.635, 0.648, 0.653, 0.639, 0.614, 0.618, 0.623, 0.644, 0.656, 0.642, 0.656, 0.647, 0.63, 0.613, 0.674, 0.63, 0.663, 0.598, 0.643, 0.648, 0.648, 0.667, 0.643, 0.62, 0.612, 0.686, 0.637, 0.65, 0.659, 0.629, 0.597, 0.671, 0.66, 0.659, 0.617, 0.653, 0.649, 0.671, 0.66, 0.621, 0.658, 0.652, 0.658, 0.68, 0.67, 0.636, 0.665, 0.657, 0.651, 0.692, 0.635, 0.671, 0.649, 0.644, 0.674, 0.647, 0.656, 0.696, 0.67, 0.668, 0.692, 0.676, 0.682, 0.652, 0.609, 0.665, 0.639, 0.689, 0.643, 0.665, 0.696, 0.63, 0.669, 0.693, 0.654, 0.688, 0.687, 0.639, 0.645, 0.646, 0.65]
Train Scores w/o background: [0.336, 0.4, 0.41, 0.456, 0.414, 0.432, 0.417, 0.363, 0.375, 0.398, 0.447, 0.395, 0.467, 0.473, 0.517, 0.504, 0.526, 0.503, 0.504, 0.508, 0.547, 0.524, 0.454, 0.513, 0.532, 0.528, 0.535, 0.558, 0.473, 0.556, 0.468, 0.518, 0.565, 0.563, 0.505, 0.579, 0.516, 0.441, 0.502, 0.496, 0.515, 0.525, 0.503, 0.47, 0.47, 0.482, 0.509, 0.526, 0.503, 0.523, 0.512, 0.488, 0.468, 0.552, 0.487, 0.534, 0.444, 0.505, 0.515, 0.516, 0.539, 0.509, 0.474, 0.465, 0.567, 0.498, 0.516, 0.531, 0.488, 0.442, 0.546, 0.532, 0.532, 0.474, 0.521, 0.516, 0.546, 0.532, 0.475, 0.529, 0.52, 0.528, 0.559, 0.546, 0.498, 0.537, 0.526, 0.517, 0.577, 0.495, 0.55, 0.517, 0.507, 0.551, 0.511, 0.527, 0.587, 0.545, 0.54, 0.577, 0.554, 0.563, 0.517, 0.462, 0.536, 0.5, 0.574, 0.508, 0.54, 0.586, 0.489, 0.543, 0.576, 0.524, 0.571, 0.568, 0.503, 0.511, 0.518, 0.517]
Train Loss: [1.619, 1.366, 1.229, 1.107, 0.997, 0.91, 0.857, 0.808, 0.783, 0.769, 0.752, 0.739, 0.727, 0.721, 0.712, 0.708, 0.705, 0.696, 0.69, 0.684, 0.685, 0.681, 0.678, 0.677, 0.671, 0.668, 0.664, 0.661, 0.659, 0.659, 0.657, 0.652, 0.65, 0.647, 0.646, 0.644, 0.643, 0.642, 0.64, 0.638, 0.636, 0.635, 0.635, 0.633, 0.634, 0.635, 0.633, 0.63, 0.629, 0.628, 0.628, 0.628, 0.626, 0.624, 0.623, 0.62, 0.62, 0.619, 0.619, 0.617, 0.616, 0.617, 0.615, 0.614, 0.614, 0.613, 0.613, 0.612, 0.611, 0.61, 0.61, 0.609, 0.609, 0.608, 0.607, 0.606, 0.606, 0.607, 0.607, 0.606, 0.605, 0.605, 0.604, 0.603, 0.603, 0.603, 0.602, 0.601, 0.601, 0.6, 0.6, 0.6, 0.599, 0.598, 0.598, 0.597, 0.597, 0.596, 0.596, 0.595, 0.595, 0.595, 0.595, 0.594, 0.594, 0.593, 0.593, 0.593, 0.593, 0.593, 0.593, 0.593, 0.592, 0.593, 0.592, 0.592, 0.591, 0.59, 0.59, 0.59]
Max test score: 0.652 found at epoch: 36
Max test score shapes: 0.525 found at epoch: 36
Avg generalisation ratio: 0.893
Avg generalisation diff: 0.055