Active: Arealoss True True 1 10 False 
Active: Relationsloss True 2 False 0.1 
Active: OneHotloss True 10 
Active: MinSizeBackgroundloss True 1 

Test Scores: [0.118, 0.14, 0.123, 0.123, 0.139, 0.151, 0.143, 0.158, 0.165, 0.187, 0.185, 0.197, 0.198, 0.245, 0.261, 0.239, 0.265, 0.263, 0.246, 0.267, 0.272, 0.259, 0.255, 0.264, 0.272, 0.276, 0.26, 0.264, 0.286, 0.292, 0.284, 0.278, 0.288, 0.278, 0.283, 0.279, 0.289, 0.286, 0.29, 0.309, 0.3, 0.301, 0.305, 0.303, 0.322, 0.304, 0.294, 0.331, 0.331, 0.316, 0.321, 0.338, 0.344, 0.329, 0.346, 0.33, 0.357, 0.363, 0.386, 0.401, 0.39, 0.393, 0.394, 0.425, 0.415, 0.434, 0.47, 0.45, 0.461, 0.494, 0.498, 0.465, 0.459, 0.496, 0.496, 0.524, 0.526, 0.539, 0.566, 0.554, 0.531, 0.546, 0.518, 0.603, 0.617, 0.616, 0.67, 0.653, 0.579, 0.638, 0.621, 0.666, 0.668, 0.681, 0.667, 0.637, 0.643, 0.676, 0.678, 0.669, 0.686, 0.684, 0.672, 0.703, 0.693, 0.715, 0.699, 0.695, 0.745, 0.651, 0.729, 0.626, 0.745, 0.704, 0.728, 0.746, 0.689, 0.728, 0.686, 0.741, 0.689, 0.717, 0.738, 0.708, 0.725, 0.739, 0.69, 0.696, 0.735, 0.727, 0.752, 0.727, 0.68, 0.705, 0.747, 0.697, 0.709, 0.752, 0.736, 0.713, 0.755, 0.723, 0.729, 0.741, 0.731, 0.748, 0.761, 0.713, 0.732, 0.71, 0.744, 0.746, 0.764, 0.772, 0.701, 0.745, 0.738, 0.754, 0.745, 0.745, 0.744, 0.765, 0.732, 0.771, 0.75, 0.712, 0.738, 0.675, 0.764, 0.731, 0.772, 0.767, 0.759, 0.735, 0.757, 0.734, 0.751, 0.751, 0.765, 0.76, 0.766, 0.746, 0.723, 0.782, 0.75, 0.705, 0.708, 0.781, 0.755, 0.787, 0.744, 0.735, 0.777, 0.767, 0.755, 0.745, 0.745, 0.729, 0.714, 0.718, 0.786, 0.752, 0.769, 0.728, 0.749, 0.741, 0.739, 0.743, 0.751, 0.775, 0.741, 0.738, 0.772, 0.739, 0.796, 0.742, 0.759, 0.775, 0.734, 0.758]
Test Scores w/o background: [0.032, 0.028, 0.0, 0.0, 0.001, 0.0, 0.001, 0.012, 0.013, 0.028, 0.021, 0.014, 0.013, 0.032, 0.041, 0.015, 0.045, 0.042, 0.023, 0.05, 0.054, 0.04, 0.034, 0.044, 0.053, 0.06, 0.038, 0.042, 0.07, 0.076, 0.067, 0.061, 0.074, 0.061, 0.066, 0.063, 0.073, 0.069, 0.074, 0.099, 0.087, 0.087, 0.094, 0.089, 0.114, 0.091, 0.078, 0.126, 0.127, 0.105, 0.111, 0.135, 0.14, 0.121, 0.145, 0.124, 0.158, 0.166, 0.196, 0.215, 0.201, 0.204, 0.205, 0.245, 0.233, 0.256, 0.304, 0.277, 0.291, 0.334, 0.339, 0.295, 0.288, 0.336, 0.336, 0.372, 0.376, 0.392, 0.428, 0.412, 0.381, 0.401, 0.363, 0.476, 0.495, 0.494, 0.565, 0.542, 0.443, 0.521, 0.499, 0.559, 0.562, 0.578, 0.561, 0.52, 0.527, 0.572, 0.575, 0.563, 0.586, 0.582, 0.566, 0.607, 0.594, 0.623, 0.602, 0.596, 0.663, 0.538, 0.643, 0.505, 0.663, 0.609, 0.641, 0.664, 0.588, 0.641, 0.584, 0.658, 0.588, 0.626, 0.653, 0.614, 0.637, 0.654, 0.59, 0.597, 0.65, 0.639, 0.672, 0.639, 0.576, 0.61, 0.665, 0.599, 0.616, 0.673, 0.651, 0.62, 0.676, 0.633, 0.641, 0.658, 0.644, 0.667, 0.684, 0.62, 0.645, 0.617, 0.662, 0.664, 0.688, 0.699, 0.604, 0.662, 0.654, 0.675, 0.663, 0.663, 0.662, 0.69, 0.645, 0.697, 0.67, 0.618, 0.654, 0.569, 0.688, 0.645, 0.698, 0.692, 0.681, 0.65, 0.679, 0.648, 0.671, 0.671, 0.69, 0.683, 0.69, 0.664, 0.633, 0.712, 0.67, 0.609, 0.614, 0.711, 0.676, 0.719, 0.661, 0.649, 0.705, 0.692, 0.677, 0.662, 0.663, 0.642, 0.622, 0.627, 0.717, 0.672, 0.694, 0.641, 0.668, 0.657, 0.655, 0.66, 0.671, 0.703, 0.657, 0.653, 0.699, 0.654, 0.731, 0.659, 0.681, 0.703, 0.649, 0.68]
Train Scores: [0.103, 0.128, 0.116, 0.115, 0.124, 0.138, 0.129, 0.139, 0.153, 0.17, 0.173, 0.185, 0.188, 0.242, 0.256, 0.239, 0.254, 0.256, 0.246, 0.26, 0.27, 0.255, 0.258, 0.262, 0.27, 0.272, 0.263, 0.271, 0.286, 0.293, 0.29, 0.287, 0.3, 0.301, 0.307, 0.291, 0.309, 0.303, 0.308, 0.328, 0.317, 0.312, 0.318, 0.326, 0.34, 0.331, 0.329, 0.351, 0.347, 0.351, 0.349, 0.36, 0.371, 0.36, 0.37, 0.362, 0.379, 0.391, 0.42, 0.42, 0.419, 0.436, 0.422, 0.455, 0.448, 0.488, 0.494, 0.501, 0.506, 0.541, 0.544, 0.53, 0.52, 0.558, 0.574, 0.584, 0.607, 0.608, 0.618, 0.633, 0.621, 0.616, 0.633, 0.679, 0.68, 0.707, 0.743, 0.74, 0.701, 0.72, 0.714, 0.756, 0.745, 0.769, 0.748, 0.738, 0.747, 0.782, 0.757, 0.757, 0.763, 0.777, 0.76, 0.786, 0.787, 0.795, 0.783, 0.788, 0.817, 0.765, 0.812, 0.761, 0.823, 0.781, 0.8, 0.804, 0.795, 0.82, 0.762, 0.823, 0.79, 0.813, 0.806, 0.812, 0.805, 0.807, 0.806, 0.796, 0.796, 0.815, 0.825, 0.816, 0.777, 0.784, 0.829, 0.807, 0.8, 0.826, 0.833, 0.812, 0.837, 0.813, 0.805, 0.822, 0.784, 0.821, 0.835, 0.827, 0.811, 0.802, 0.826, 0.829, 0.833, 0.84, 0.817, 0.832, 0.826, 0.822, 0.809, 0.831, 0.831, 0.837, 0.811, 0.843, 0.828, 0.809, 0.828, 0.775, 0.838, 0.832, 0.831, 0.841, 0.841, 0.842, 0.849, 0.831, 0.83, 0.833, 0.845, 0.833, 0.849, 0.838, 0.821, 0.853, 0.835, 0.798, 0.82, 0.848, 0.822, 0.854, 0.835, 0.842, 0.859, 0.843, 0.844, 0.838, 0.81, 0.828, 0.811, 0.826, 0.85, 0.839, 0.849, 0.838, 0.843, 0.82, 0.842, 0.826, 0.809, 0.844, 0.814, 0.835, 0.854, 0.828, 0.863, 0.834, 0.837, 0.852, 0.828, 0.841]
Train Scores w/o background: [0.017, 0.019, 0.0, 0.001, 0.001, 0.001, 0.001, 0.009, 0.015, 0.022, 0.025, 0.015, 0.016, 0.033, 0.032, 0.012, 0.029, 0.03, 0.02, 0.039, 0.048, 0.032, 0.036, 0.039, 0.049, 0.052, 0.04, 0.05, 0.069, 0.077, 0.074, 0.072, 0.087, 0.09, 0.096, 0.077, 0.098, 0.091, 0.097, 0.123, 0.109, 0.101, 0.109, 0.12, 0.137, 0.126, 0.124, 0.151, 0.147, 0.152, 0.149, 0.164, 0.177, 0.163, 0.177, 0.166, 0.187, 0.202, 0.24, 0.24, 0.239, 0.26, 0.242, 0.285, 0.276, 0.328, 0.335, 0.345, 0.351, 0.397, 0.4, 0.382, 0.369, 0.419, 0.438, 0.453, 0.483, 0.484, 0.497, 0.517, 0.5, 0.494, 0.516, 0.577, 0.578, 0.615, 0.662, 0.659, 0.606, 0.631, 0.623, 0.679, 0.665, 0.697, 0.668, 0.654, 0.666, 0.713, 0.679, 0.679, 0.688, 0.706, 0.684, 0.719, 0.72, 0.731, 0.714, 0.72, 0.759, 0.69, 0.753, 0.685, 0.768, 0.712, 0.737, 0.742, 0.731, 0.763, 0.686, 0.767, 0.723, 0.754, 0.744, 0.752, 0.743, 0.746, 0.745, 0.731, 0.732, 0.756, 0.77, 0.758, 0.706, 0.715, 0.776, 0.745, 0.737, 0.771, 0.781, 0.753, 0.786, 0.754, 0.742, 0.766, 0.715, 0.764, 0.783, 0.772, 0.751, 0.739, 0.771, 0.775, 0.78, 0.789, 0.758, 0.778, 0.771, 0.765, 0.748, 0.777, 0.778, 0.786, 0.75, 0.794, 0.773, 0.748, 0.773, 0.702, 0.787, 0.779, 0.778, 0.79, 0.791, 0.793, 0.802, 0.777, 0.776, 0.78, 0.796, 0.781, 0.802, 0.787, 0.764, 0.807, 0.783, 0.733, 0.762, 0.8, 0.765, 0.808, 0.782, 0.792, 0.815, 0.794, 0.795, 0.787, 0.749, 0.773, 0.751, 0.77, 0.803, 0.788, 0.801, 0.786, 0.794, 0.763, 0.792, 0.771, 0.748, 0.795, 0.755, 0.783, 0.808, 0.773, 0.82, 0.781, 0.786, 0.805, 0.773, 0.791]
Train Loss: [735.756, 547.826, 441.356, 372.695, 323.992, 285.863, 258.259, 233.496, 208.464, 190.223, 170.758, 154.726, 141.98, 130.579, 119.696, 115.501, 110.263, 101.153, 96.305, 88.903, 83.471, 78.685, 72.203, 67.987, 65.483, 61.24, 59.308, 55.13, 52.253, 49.932, 48.761, 47.149, 44.738, 42.866, 41.609, 39.425, 38.389, 36.815, 36.916, 35.009, 32.71, 33.413, 32.121, 30.579, 28.756, 29.115, 28.772, 27.714, 27.517, 27.904, 26.6, 25.955, 24.416, 23.463, 21.999, 23.47, 22.337, 23.059, 21.695, 20.671, 19.769, 20.024, 19.653, 18.711, 17.082, 16.354, 15.619, 14.964, 15.41, 15.593, 14.731, 14.3, 13.631, 12.78, 12.176, 11.446, 11.292, 10.931, 10.372, 10.044, 9.674, 9.811, 9.8, 8.811, 8.326, 7.805, 7.207, 6.725, 6.453, 6.453, 6.095, 5.654, 5.513, 5.775, 5.612, 4.824, 4.532, 4.225, 4.338, 4.058, 3.852, 3.817, 3.745, 3.511, 3.143, 3.378, 3.418, 3.313, 3.199, 3.106, 3.032, 2.723, 2.641, 2.529, 2.485, 2.487, 2.474, 2.452, 2.332, 2.345, 2.296, 2.336, 2.235, 2.205, 2.346, 2.368, 2.913, 2.221, 2.143, 2.471, 2.063, 1.805, 1.866, 1.892, 1.867, 1.735, 1.713, 1.806, 1.633, 1.631, 1.626, 1.415, 1.509, 1.58, 1.639, 1.593, 1.578, 1.506, 1.575, 1.381, 1.302, 1.39, 1.424, 1.36, 1.353, 1.341, 1.349, 1.312, 1.353, 1.562, 1.361, 1.378, 1.38, 1.216, 1.293, 1.287, 1.26, 1.165, 1.107, 1.101, 1.073, 1.049, 1.068, 1.089, 1.046, 1.059, 1.089, 1.098, 1.012, 0.995, 1.133, 1.195, 1.144, 0.973, 1.054, 1.025, 1.035, 1.151, 1.054, 1.041, 0.925, 0.957, 0.948, 0.951, 0.969, 1.044, 1.075, 1.204, 1.021, 0.899, 0.978, 0.95, 0.945, 0.847, 0.865, 0.811, 0.87, 0.831, 0.787, 0.775, 0.79, 0.755, 0.787, 0.778, 0.791, 0.822, 0.731, 0.713, 0.726, 0.729]
Test Loss: [742.705, 567.55, 468.972, 401.676, 354.042, 315.045, 286.924, 265.324, 240.209, 216.905, 198.776, 186.732, 164.938, 155.35, 146.12, 135.556, 131.071, 115.061, 112.141, 107.114, 103.804, 99.152, 93.697, 90.418, 88.664, 80.564, 80.428, 76.312, 76.632, 74.648, 73.785, 70.625, 67.072, 68.746, 67.148, 67.25, 67.152, 65.467, 66.955, 65.887, 64.249, 64.143, 62.38, 60.461, 60.882, 58.191, 58.365, 57.956, 56.555, 52.823, 53.079, 56.355, 49.848, 50.026, 48.927, 47.977, 51.306, 47.268, 44.172, 45.458, 48.764, 46.96, 45.026, 40.082, 42.144, 38.645, 37.882, 39.229, 39.538, 41.886, 36.389, 38.342, 31.329, 33.817, 33.771, 35.292, 31.078, 33.475, 28.122, 26.838, 30.33, 32.539, 28.934, 29.337, 27.018, 25.11, 22.364, 24.81, 23.373, 23.437, 24.156, 21.656, 19.065, 19.558, 19.293, 19.533, 21.125, 20.723, 24.745, 23.949, 19.079, 24.191, 18.07, 21.084, 23.421, 21.902, 18.435, 16.582, 15.756, 11.588, 15.454, 14.71, 17.054, 17.021, 17.819, 21.382, 16.05, 15.917, 14.404, 18.63, 20.338, 14.313, 15.73, 14.085, 16.244, 12.632, 18.188, 14.198, 14.276, 22.771, 12.316, 17.195, 16.262, 12.514, 11.412, 17.562, 19.805, 19.895, 12.457, 18.852, 16.717, 12.36, 11.36, 11.546, 11.159, 14.199, 11.64, 18.968, 15.585, 16.853, 11.658, 16.026, 13.364, 10.227, 15.32, 16.007, 10.664, 12.422, 10.806, 15.665, 12.249, 12.635, 16.681, 13.167, 10.866, 15.405, 18.078, 19.058, 16.854, 11.673, 10.78, 8.594, 11.513, 18.009, 14.108, 12.558, 20.578, 12.229, 9.448, 12.534, 16.753, 11.773, 21.533, 11.979, 13.733, 18.707, 23.171, 13.356, 10.944, 12.742, 11.724, 18.538, 14.652, 14.916, 11.312, 18.021, 12.525, 15.794, 22.892, 16.53, 13.622, 9.948, 11.436, 12.765, 15.169, 12.137, 16.185, 15.636, 13.045, 11.598, 11.991, 14.177, 12.317, 15.649, 12.277, 12.961, 15.497, 11.607, 9.36, 12.139]
Max test score: 0.796 found at epoch: 215
Max test score shapes: 0.731 found at epoch: 215
