Active: ImageLevelloss True True True 0.2 
Active: Adjacencyloss True True 30 0.0001 True 
Active: Relationsloss True 2 False 0.1 
Active: OneHotloss True 10 
Active: MinSizeBackgroundloss True 1 

Test Scores: [0.076, 0.202, 0.227, 0.218, 0.238, 0.258, 0.279, 0.264, 0.25, 0.248, 0.253, 0.29, 0.294, 0.261, 0.232, 0.202, 0.19, 0.198, 0.195, 0.193, 0.193, 0.195, 0.19, 0.189, 0.189, 0.191, 0.191, 0.194, 0.187, 0.191, 0.194, 0.196, 0.193, 0.194, 0.194, 0.195, 0.194, 0.19, 0.194, 0.2, 0.199, 0.196, 0.2, 0.199, 0.209, 0.201, 0.203, 0.203, 0.206, 0.201, 0.205, 0.201, 0.201, 0.206, 0.208, 0.206, 0.2, 0.204, 0.209, 0.2, 0.206, 0.203, 0.203, 0.203, 0.207, 0.205, 0.199, 0.207, 0.205, 0.207, 0.224, 0.208, 0.203, 0.21, 0.213, 0.218, 0.226, 0.204, 0.217, 0.222, 0.211, 0.222, 0.211, 0.228, 0.219, 0.219, 0.218, 0.215, 0.23, 0.229, 0.229, 0.227, 0.224, 0.239, 0.242, 0.23, 0.242, 0.234, 0.238, 0.239, 0.25, 0.242, 0.24, 0.235, 0.246, 0.231, 0.229, 0.236, 0.231, 0.227, 0.226, 0.212, 0.216, 0.209, 0.219, 0.225, 0.228, 0.215, 0.22, 0.206, 0.211, 0.224, 0.218, 0.218, 0.232, 0.224, 0.223, 0.223, 0.218, 0.216, 0.215, 0.219, 0.227, 0.239, 0.246, 0.252, 0.238, 0.229, 0.232, 0.251, 0.263, 0.256, 0.234, 0.231, 0.229, 0.249, 0.262, 0.279, 0.272, 0.267, 0.246, 0.244, 0.267, 0.284, 0.269, 0.267, 0.27, 0.257, 0.243, 0.225, 0.225, 0.228, 0.21, 0.21, 0.22, 0.213, 0.205, 0.21, 0.212, 0.212, 0.212, 0.214, 0.215, 0.212, 0.224, 0.223, 0.223, 0.221, 0.226, 0.225, 0.224, 0.223, 0.225, 0.221, 0.221, 0.221, 0.218, 0.218, 0.213, 0.223, 0.218, 0.221, 0.229, 0.226, 0.23, 0.228, 0.228, 0.227, 0.224, 0.233, 0.227, 0.229, 0.225, 0.224, 0.22, 0.23, 0.23, 0.226, 0.231, 0.227, 0.225, 0.227, 0.228, 0.233, 0.234, 0.231, 0.234, 0.235, 0.229, 0.231]
Test Scores w/o background: [0.043, 0.061, 0.065, 0.078, 0.087, 0.069, 0.063, 0.039, 0.023, 0.02, 0.026, 0.067, 0.073, 0.046, 0.029, 0.012, 0.006, 0.01, 0.009, 0.007, 0.009, 0.01, 0.009, 0.009, 0.01, 0.012, 0.015, 0.016, 0.013, 0.014, 0.019, 0.021, 0.019, 0.019, 0.018, 0.019, 0.016, 0.014, 0.018, 0.023, 0.022, 0.021, 0.024, 0.021, 0.033, 0.026, 0.025, 0.027, 0.03, 0.024, 0.03, 0.028, 0.027, 0.033, 0.034, 0.031, 0.028, 0.03, 0.038, 0.029, 0.034, 0.032, 0.031, 0.032, 0.036, 0.034, 0.027, 0.035, 0.03, 0.038, 0.058, 0.037, 0.03, 0.041, 0.044, 0.046, 0.056, 0.033, 0.047, 0.049, 0.039, 0.052, 0.04, 0.062, 0.055, 0.053, 0.051, 0.046, 0.058, 0.059, 0.062, 0.063, 0.056, 0.072, 0.075, 0.059, 0.074, 0.068, 0.074, 0.075, 0.086, 0.071, 0.066, 0.063, 0.079, 0.061, 0.059, 0.064, 0.06, 0.056, 0.054, 0.041, 0.047, 0.037, 0.045, 0.05, 0.056, 0.039, 0.051, 0.035, 0.04, 0.061, 0.048, 0.046, 0.052, 0.041, 0.053, 0.049, 0.046, 0.041, 0.037, 0.048, 0.061, 0.066, 0.073, 0.08, 0.062, 0.051, 0.05, 0.069, 0.082, 0.081, 0.063, 0.061, 0.06, 0.078, 0.089, 0.097, 0.092, 0.091, 0.07, 0.071, 0.089, 0.109, 0.09, 0.086, 0.101, 0.087, 0.075, 0.054, 0.054, 0.064, 0.045, 0.044, 0.051, 0.043, 0.033, 0.042, 0.041, 0.034, 0.037, 0.039, 0.037, 0.032, 0.049, 0.052, 0.049, 0.05, 0.05, 0.05, 0.047, 0.044, 0.049, 0.042, 0.044, 0.045, 0.044, 0.038, 0.038, 0.046, 0.041, 0.042, 0.056, 0.05, 0.052, 0.05, 0.052, 0.047, 0.045, 0.056, 0.048, 0.054, 0.046, 0.043, 0.039, 0.056, 0.057, 0.05, 0.06, 0.052, 0.051, 0.052, 0.053, 0.059, 0.061, 0.06, 0.059, 0.06, 0.055, 0.059]
Train Scores: [0.062, 0.206, 0.231, 0.223, 0.248, 0.261, 0.277, 0.267, 0.252, 0.249, 0.256, 0.296, 0.3, 0.267, 0.234, 0.202, 0.189, 0.199, 0.196, 0.195, 0.195, 0.196, 0.192, 0.19, 0.19, 0.191, 0.19, 0.194, 0.187, 0.191, 0.194, 0.194, 0.192, 0.193, 0.194, 0.195, 0.195, 0.192, 0.196, 0.2, 0.2, 0.197, 0.2, 0.199, 0.208, 0.2, 0.205, 0.202, 0.208, 0.202, 0.205, 0.201, 0.202, 0.206, 0.206, 0.205, 0.201, 0.205, 0.21, 0.204, 0.21, 0.205, 0.205, 0.207, 0.211, 0.212, 0.204, 0.212, 0.207, 0.21, 0.222, 0.214, 0.207, 0.214, 0.215, 0.221, 0.23, 0.208, 0.22, 0.229, 0.214, 0.222, 0.218, 0.225, 0.215, 0.22, 0.215, 0.214, 0.232, 0.232, 0.226, 0.225, 0.228, 0.233, 0.239, 0.235, 0.239, 0.236, 0.235, 0.235, 0.252, 0.244, 0.24, 0.233, 0.243, 0.237, 0.234, 0.237, 0.234, 0.231, 0.232, 0.224, 0.222, 0.212, 0.218, 0.224, 0.226, 0.218, 0.218, 0.205, 0.208, 0.216, 0.22, 0.224, 0.233, 0.227, 0.223, 0.222, 0.215, 0.217, 0.215, 0.217, 0.214, 0.23, 0.242, 0.253, 0.237, 0.232, 0.237, 0.254, 0.259, 0.248, 0.23, 0.23, 0.224, 0.24, 0.26, 0.281, 0.27, 0.266, 0.251, 0.243, 0.266, 0.285, 0.272, 0.274, 0.275, 0.256, 0.241, 0.226, 0.231, 0.228, 0.211, 0.205, 0.216, 0.212, 0.204, 0.211, 0.213, 0.216, 0.215, 0.216, 0.216, 0.215, 0.22, 0.218, 0.219, 0.217, 0.222, 0.223, 0.224, 0.223, 0.225, 0.223, 0.223, 0.222, 0.218, 0.22, 0.216, 0.225, 0.224, 0.227, 0.228, 0.228, 0.232, 0.231, 0.231, 0.23, 0.231, 0.234, 0.231, 0.23, 0.231, 0.228, 0.225, 0.227, 0.227, 0.226, 0.226, 0.228, 0.228, 0.226, 0.225, 0.228, 0.227, 0.226, 0.229, 0.231, 0.229, 0.227]
Train Scores w/o background: [0.025, 0.059, 0.066, 0.086, 0.099, 0.07, 0.06, 0.043, 0.024, 0.021, 0.028, 0.075, 0.081, 0.053, 0.033, 0.013, 0.008, 0.013, 0.011, 0.011, 0.012, 0.013, 0.013, 0.013, 0.013, 0.015, 0.017, 0.017, 0.015, 0.016, 0.02, 0.021, 0.019, 0.02, 0.02, 0.021, 0.02, 0.019, 0.023, 0.024, 0.024, 0.024, 0.027, 0.023, 0.033, 0.026, 0.029, 0.028, 0.032, 0.027, 0.032, 0.03, 0.03, 0.033, 0.032, 0.033, 0.031, 0.033, 0.041, 0.037, 0.041, 0.037, 0.036, 0.039, 0.043, 0.045, 0.036, 0.044, 0.036, 0.044, 0.058, 0.047, 0.038, 0.049, 0.049, 0.053, 0.064, 0.04, 0.054, 0.061, 0.046, 0.054, 0.052, 0.06, 0.051, 0.057, 0.05, 0.048, 0.063, 0.064, 0.062, 0.063, 0.062, 0.065, 0.072, 0.068, 0.072, 0.072, 0.072, 0.071, 0.09, 0.074, 0.067, 0.063, 0.075, 0.07, 0.066, 0.067, 0.066, 0.061, 0.063, 0.058, 0.056, 0.042, 0.044, 0.049, 0.055, 0.045, 0.05, 0.035, 0.038, 0.05, 0.051, 0.054, 0.054, 0.046, 0.053, 0.051, 0.045, 0.044, 0.04, 0.047, 0.045, 0.057, 0.071, 0.085, 0.063, 0.056, 0.057, 0.074, 0.076, 0.072, 0.06, 0.063, 0.056, 0.069, 0.088, 0.1, 0.089, 0.09, 0.076, 0.068, 0.086, 0.109, 0.097, 0.098, 0.108, 0.087, 0.073, 0.054, 0.061, 0.064, 0.048, 0.04, 0.05, 0.045, 0.035, 0.046, 0.044, 0.042, 0.044, 0.045, 0.042, 0.039, 0.047, 0.049, 0.047, 0.048, 0.047, 0.05, 0.05, 0.048, 0.051, 0.048, 0.05, 0.048, 0.047, 0.043, 0.044, 0.05, 0.049, 0.05, 0.055, 0.053, 0.056, 0.055, 0.057, 0.053, 0.055, 0.059, 0.055, 0.056, 0.055, 0.05, 0.048, 0.054, 0.054, 0.052, 0.055, 0.055, 0.056, 0.053, 0.052, 0.054, 0.053, 0.054, 0.054, 0.056, 0.056, 0.055]
Train Loss: [86.882, 62.876, 51.034, 43.85, 37.982, 32.791, 28.535, 24.437, 20.407, 16.458, 12.895, 11.832, 11.26, 10.69, 9.957, 9.345, 8.984, 8.759, 8.583, 8.458, 8.336, 8.238, 8.121, 7.982, 7.88, 7.881, 7.807, 7.766, 7.715, 7.654, 7.583, 7.599, 7.505, 7.416, 7.403, 7.371, 7.334, 7.262, 7.161, 7.049, 6.901, 6.81, 6.718, 6.792, 6.506, 6.458, 6.348, 6.33, 6.308, 6.36, 6.128, 6.112, 5.877, 5.985, 6.08, 5.543, 5.352, 5.149, 5.014, 4.847, 4.504, 4.656, 4.313, 4.026, 4.775, 3.991, 4.193, 4.965, 4.741, 4.205, 4.499, 4.07, 4.473, 5.91, 4.719, 5.761, 5.276, 6.252, 5.864, 5.402, 4.189, 5.264, 5.694, 5.076, 4.485, 4.597, 4.68, 4.18, 4.067, 4.369, 6.498, 4.921, 4.57, 5.52, 6.755, 5.414, 7.099, 6.088, 6.729, 6.065, 5.616, 5.708, 8.752, 7.299, 5.858, 5.839, 5.051, 7.685, 5.879, 6.112, 6.341, 5.436, 7.353, 5.496, 5.501, 7.345, 6.268, 9.17, 13.771, 5.27, 5.309, 8.622, 8.728, 9.053, 7.824, 7.676, 5.951, 8.763, 7.88, 6.409, 6.768, 8.903, 7.24, 9.186, 11.45, 12.612, 7.954, 10.806, 8.82, 6.378, 7.07, 6.407, 6.076, 6.446, 10.308, 8.9, 8.056, 6.042, 15.984, 8.974, 5.689, 11.819, 11.41, 5.375, 4.416, 11.535, 6.703, 5.08, 5.814, 8.165, 7.232, 7.571, 7.412, 8.355, 5.836, 3.15, 3.158, 3.025, 4.677, 3.884, 3.455, 3.031, 2.893, 1.918, 1.771, 2.031, 1.872, 2.461, 2.3, 1.786, 1.76, 1.929, 1.591, 1.392, 1.506, 1.821, 1.899, 1.455, 1.533, 1.616, 1.456, 1.304, 1.287, 1.413, 1.049, 1.222, 1.155, 1.574, 1.44, 1.498, 1.521, 1.384, 1.434, 1.716, 1.701, 1.495, 1.422, 1.662, 1.68, 1.443, 1.381, 1.227, 1.374, 1.485, 2.078, 2.224, 2.322, 2.758, 2.712, 2.409]
Test Loss: [85.863, 62.273, 51.508, 43.387, 37.582, 32.534, 28.242, 24.147, 20.123, 16.29, 12.56, 11.481, 10.871, 10.321, 9.647, 9.078, 8.713, 8.535, 8.372, 8.255, 8.13, 8.041, 7.94, 7.831, 7.783, 7.783, 7.73, 7.692, 7.714, 7.667, 7.644, 7.776, 7.607, 7.711, 7.754, 7.814, 7.822, 7.955, 8.035, 7.845, 7.946, 8.214, 8.49, 8.556, 8.136, 8.887, 8.546, 8.961, 9.45, 9.23, 8.687, 8.79, 9.31, 10.366, 9.721, 9.15, 8.987, 8.536, 9.145, 8.069, 8.725, 9.312, 8.162, 9.615, 8.248, 8.957, 11.271, 10.176, 11.044, 11.563, 11.942, 10.722, 10.692, 15.029, 10.761, 12.878, 11.012, 18.584, 12.798, 13.749, 14.699, 12.723, 14.223, 15.241, 13.999, 16.959, 12.577, 11.821, 14.716, 12.183, 19.365, 12.452, 13.946, 16.979, 16.148, 12.832, 11.561, 13.493, 13.654, 18.414, 12.735, 16.444, 21.163, 16.504, 15.629, 13.33, 12.711, 16.677, 15.239, 13.788, 13.2, 13.825, 18.594, 14.414, 14.234, 15.999, 13.853, 16.251, 17.099, 14.58, 17.789, 15.416, 17.258, 16.837, 15.132, 17.586, 15.553, 15.049, 15.344, 11.669, 16.248, 16.307, 13.726, 10.982, 16.6, 19.42, 16.283, 17.383, 17.647, 13.877, 13.807, 16.631, 15.708, 16.239, 14.132, 15.182, 15.505, 11.072, 17.192, 14.784, 14.035, 21.194, 20.676, 16.923, 15.588, 17.77, 12.65, 13.747, 12.02, 12.682, 10.718, 10.744, 11.743, 13.09, 12.264, 12.074, 13.306, 13.39, 14.242, 12.764, 12.688, 12.71, 12.349, 11.729, 11.266, 11.84, 10.427, 9.853, 9.882, 9.003, 8.435, 8.647, 9.43, 9.15, 10.523, 12.523, 10.91, 10.784, 10.095, 9.639, 10.576, 8.897, 10.141, 9.555, 9.481, 8.862, 10.632, 11.294, 10.869, 10.994, 11.938, 12.34, 11.261, 12.205, 12.93, 12.332, 12.732, 13.183, 12.855, 11.977, 11.323, 12.723, 12.392, 13.288, 13.617, 14.73, 13.99, 17.095, 16.178, 15.229]
Max test score: 0.294 found at epoch: 13
Max test score shapes: 0.109 found at epoch: 154
