Active: Arealoss True True 1 10 False 
Active: Adjacencyloss True True 30 0.0001 True 
Active: Relationsloss True 2 False 0.1 
Active: OneHotloss True 10 
Active: MinSizeBackgroundloss True 1 

Test Scores: [0.118, 0.14, 0.123, 0.124, 0.139, 0.15, 0.143, 0.158, 0.165, 0.205, 0.18, 0.203, 0.204, 0.247, 0.27, 0.265, 0.251, 0.247, 0.253, 0.235, 0.271, 0.26, 0.252, 0.252, 0.254, 0.258, 0.262, 0.281, 0.264, 0.263, 0.27, 0.294, 0.273, 0.255, 0.276, 0.28, 0.294, 0.275, 0.282, 0.298, 0.279, 0.302, 0.298, 0.287, 0.333, 0.32, 0.31, 0.31, 0.31, 0.327, 0.335, 0.345, 0.356, 0.328, 0.337, 0.33, 0.341, 0.382, 0.364, 0.376, 0.387, 0.394, 0.386, 0.394, 0.386, 0.418, 0.398, 0.434, 0.448, 0.424, 0.469, 0.438, 0.415, 0.465, 0.468, 0.469, 0.477, 0.496, 0.513, 0.534, 0.563, 0.608, 0.575, 0.659, 0.649, 0.637, 0.672, 0.664, 0.602, 0.685, 0.638, 0.695, 0.662, 0.706, 0.679, 0.708, 0.707, 0.729, 0.734, 0.634, 0.717, 0.693, 0.7, 0.715, 0.74, 0.674, 0.758, 0.708, 0.747, 0.743, 0.709, 0.741, 0.728, 0.752, 0.666, 0.779, 0.743, 0.732, 0.723, 0.727, 0.73, 0.787, 0.752, 0.725, 0.736, 0.711, 0.715, 0.702, 0.766, 0.742, 0.754, 0.769, 0.689, 0.746, 0.764, 0.764, 0.74, 0.747, 0.73, 0.724, 0.742, 0.749, 0.755, 0.74, 0.714, 0.785, 0.731, 0.742, 0.729, 0.741, 0.757, 0.768, 0.737, 0.761, 0.757, 0.74, 0.791, 0.75, 0.789, 0.724, 0.751, 0.74, 0.758, 0.757, 0.721, 0.78, 0.785, 0.727, 0.752, 0.777, 0.755, 0.777, 0.765, 0.756, 0.762, 0.762, 0.762, 0.751, 0.746, 0.776, 0.774, 0.772, 0.742, 0.77, 0.763, 0.775, 0.759, 0.77, 0.737, 0.771, 0.757, 0.748, 0.777, 0.758, 0.778, 0.76, 0.748, 0.77, 0.723, 0.76, 0.774, 0.766, 0.767, 0.748, 0.758, 0.752, 0.769, 0.747, 0.73, 0.76, 0.779, 0.774, 0.778, 0.752, 0.763, 0.762, 0.774, 0.78, 0.751, 0.758]
Test Scores w/o background: [0.032, 0.028, 0.0, 0.0, 0.0, 0.0, 0.001, 0.013, 0.012, 0.054, 0.021, 0.028, 0.017, 0.033, 0.052, 0.047, 0.027, 0.023, 0.031, 0.009, 0.051, 0.041, 0.03, 0.029, 0.031, 0.037, 0.04, 0.065, 0.042, 0.041, 0.051, 0.079, 0.053, 0.033, 0.058, 0.063, 0.078, 0.058, 0.065, 0.086, 0.061, 0.089, 0.084, 0.07, 0.128, 0.111, 0.099, 0.099, 0.098, 0.121, 0.13, 0.144, 0.157, 0.122, 0.134, 0.126, 0.138, 0.191, 0.168, 0.183, 0.196, 0.205, 0.194, 0.206, 0.192, 0.236, 0.21, 0.256, 0.274, 0.243, 0.302, 0.259, 0.23, 0.295, 0.3, 0.302, 0.313, 0.336, 0.359, 0.387, 0.425, 0.483, 0.438, 0.55, 0.536, 0.521, 0.567, 0.556, 0.474, 0.583, 0.521, 0.597, 0.553, 0.612, 0.576, 0.614, 0.613, 0.642, 0.648, 0.516, 0.626, 0.594, 0.604, 0.623, 0.656, 0.568, 0.681, 0.614, 0.665, 0.66, 0.615, 0.657, 0.641, 0.673, 0.558, 0.709, 0.66, 0.646, 0.634, 0.639, 0.644, 0.719, 0.673, 0.636, 0.651, 0.617, 0.623, 0.606, 0.691, 0.658, 0.675, 0.695, 0.589, 0.664, 0.688, 0.688, 0.657, 0.665, 0.643, 0.635, 0.659, 0.668, 0.677, 0.656, 0.622, 0.716, 0.645, 0.659, 0.642, 0.657, 0.678, 0.694, 0.652, 0.684, 0.679, 0.656, 0.724, 0.67, 0.722, 0.635, 0.67, 0.656, 0.68, 0.678, 0.631, 0.709, 0.716, 0.638, 0.672, 0.706, 0.676, 0.705, 0.69, 0.677, 0.685, 0.686, 0.686, 0.67, 0.664, 0.704, 0.701, 0.698, 0.659, 0.696, 0.687, 0.703, 0.682, 0.696, 0.652, 0.697, 0.679, 0.667, 0.705, 0.68, 0.706, 0.683, 0.667, 0.696, 0.633, 0.682, 0.702, 0.691, 0.692, 0.667, 0.681, 0.673, 0.695, 0.665, 0.642, 0.683, 0.708, 0.701, 0.707, 0.673, 0.687, 0.686, 0.701, 0.71, 0.671, 0.68]
Train Scores: [0.103, 0.128, 0.116, 0.115, 0.124, 0.137, 0.13, 0.139, 0.149, 0.175, 0.167, 0.188, 0.197, 0.241, 0.26, 0.256, 0.252, 0.256, 0.261, 0.241, 0.269, 0.263, 0.256, 0.254, 0.259, 0.261, 0.262, 0.288, 0.283, 0.286, 0.279, 0.308, 0.286, 0.282, 0.301, 0.297, 0.316, 0.3, 0.302, 0.326, 0.31, 0.323, 0.324, 0.315, 0.357, 0.353, 0.343, 0.349, 0.35, 0.347, 0.36, 0.368, 0.368, 0.364, 0.375, 0.356, 0.372, 0.395, 0.384, 0.4, 0.405, 0.409, 0.422, 0.418, 0.434, 0.449, 0.443, 0.468, 0.482, 0.476, 0.497, 0.499, 0.475, 0.504, 0.52, 0.529, 0.525, 0.543, 0.551, 0.559, 0.596, 0.658, 0.639, 0.714, 0.704, 0.692, 0.744, 0.74, 0.708, 0.751, 0.744, 0.783, 0.743, 0.776, 0.775, 0.784, 0.782, 0.798, 0.797, 0.765, 0.786, 0.756, 0.785, 0.802, 0.804, 0.759, 0.821, 0.771, 0.815, 0.803, 0.79, 0.814, 0.795, 0.817, 0.775, 0.831, 0.809, 0.811, 0.817, 0.816, 0.812, 0.835, 0.827, 0.819, 0.82, 0.789, 0.812, 0.792, 0.838, 0.828, 0.822, 0.85, 0.776, 0.822, 0.841, 0.831, 0.82, 0.802, 0.829, 0.797, 0.817, 0.828, 0.826, 0.806, 0.794, 0.835, 0.817, 0.81, 0.816, 0.813, 0.831, 0.84, 0.816, 0.829, 0.831, 0.806, 0.849, 0.836, 0.852, 0.812, 0.841, 0.809, 0.833, 0.84, 0.813, 0.841, 0.851, 0.807, 0.835, 0.848, 0.837, 0.848, 0.836, 0.844, 0.848, 0.846, 0.843, 0.836, 0.844, 0.852, 0.852, 0.842, 0.839, 0.85, 0.838, 0.843, 0.841, 0.85, 0.826, 0.843, 0.846, 0.843, 0.841, 0.836, 0.853, 0.845, 0.819, 0.847, 0.821, 0.826, 0.851, 0.846, 0.843, 0.841, 0.847, 0.819, 0.843, 0.833, 0.798, 0.846, 0.849, 0.849, 0.853, 0.834, 0.834, 0.844, 0.851, 0.854, 0.834, 0.844]
Train Scores w/o background: [0.016, 0.019, 0.0, 0.0, 0.0, 0.001, 0.002, 0.01, 0.011, 0.032, 0.021, 0.025, 0.021, 0.028, 0.037, 0.032, 0.026, 0.032, 0.04, 0.016, 0.047, 0.043, 0.033, 0.03, 0.036, 0.038, 0.038, 0.073, 0.065, 0.069, 0.063, 0.096, 0.068, 0.066, 0.089, 0.084, 0.106, 0.089, 0.09, 0.121, 0.1, 0.115, 0.118, 0.106, 0.159, 0.155, 0.142, 0.149, 0.15, 0.146, 0.163, 0.173, 0.173, 0.168, 0.183, 0.159, 0.179, 0.208, 0.195, 0.215, 0.22, 0.226, 0.242, 0.238, 0.258, 0.278, 0.27, 0.302, 0.321, 0.312, 0.34, 0.342, 0.312, 0.348, 0.369, 0.382, 0.377, 0.4, 0.411, 0.421, 0.469, 0.551, 0.524, 0.624, 0.61, 0.595, 0.663, 0.658, 0.615, 0.671, 0.662, 0.715, 0.661, 0.705, 0.703, 0.715, 0.713, 0.733, 0.733, 0.69, 0.718, 0.678, 0.716, 0.74, 0.742, 0.681, 0.764, 0.697, 0.756, 0.74, 0.723, 0.755, 0.729, 0.759, 0.703, 0.777, 0.749, 0.75, 0.759, 0.757, 0.752, 0.783, 0.772, 0.761, 0.763, 0.721, 0.752, 0.725, 0.787, 0.773, 0.765, 0.803, 0.705, 0.765, 0.791, 0.777, 0.763, 0.739, 0.775, 0.732, 0.759, 0.773, 0.771, 0.743, 0.729, 0.782, 0.759, 0.749, 0.757, 0.753, 0.778, 0.789, 0.757, 0.775, 0.777, 0.744, 0.802, 0.784, 0.806, 0.752, 0.791, 0.748, 0.78, 0.789, 0.754, 0.791, 0.804, 0.745, 0.783, 0.8, 0.785, 0.801, 0.785, 0.795, 0.801, 0.797, 0.793, 0.785, 0.795, 0.805, 0.806, 0.792, 0.789, 0.803, 0.787, 0.794, 0.791, 0.802, 0.77, 0.793, 0.797, 0.794, 0.791, 0.784, 0.806, 0.796, 0.761, 0.799, 0.764, 0.77, 0.804, 0.798, 0.793, 0.79, 0.799, 0.762, 0.793, 0.78, 0.733, 0.797, 0.801, 0.801, 0.807, 0.781, 0.782, 0.795, 0.803, 0.808, 0.781, 0.794]
Train Loss: [738.472, 550.178, 443.318, 374.094, 324.802, 288.141, 259.901, 234.125, 208.668, 189.929, 171.372, 155.378, 140.677, 130.229, 120.998, 116.664, 108.66, 99.981, 96.057, 89.329, 82.042, 79.242, 75.576, 71.434, 66.717, 61.888, 59.212, 56.735, 55.569, 51.368, 50.04, 48.051, 46.406, 43.635, 42.694, 39.83, 38.161, 36.645, 36.497, 36.215, 33.83, 33.24, 32.318, 31.167, 29.244, 28.14, 27.188, 26.967, 25.523, 25.401, 25.177, 25.274, 24.167, 23.227, 22.539, 22.341, 20.943, 20.633, 20.078, 19.374, 18.409, 18.364, 18.16, 17.715, 17.183, 15.857, 14.368, 14.654, 13.497, 13.061, 12.634, 12.485, 12.028, 11.345, 10.872, 10.504, 9.911, 9.548, 9.827, 9.546, 8.806, 8.773, 8.395, 7.258, 7.714, 7.15, 7.323, 7.054, 6.329, 5.567, 5.477, 5.157, 5.406, 4.914, 5.022, 4.635, 4.811, 5.114, 4.769, 5.148, 4.467, 4.159, 4.165, 4.126, 3.373, 3.572, 3.094, 3.187, 3.184, 3.239, 3.02, 2.997, 2.595, 2.648, 2.675, 2.76, 2.806, 2.876, 2.505, 2.445, 2.298, 2.416, 2.283, 2.298, 2.213, 2.111, 2.05, 1.86, 1.86, 1.829, 1.721, 1.734, 1.783, 1.877, 1.953, 2.136, 2.244, 2.116, 1.971, 1.896, 1.719, 1.548, 1.578, 1.491, 1.459, 1.591, 1.606, 1.766, 1.489, 1.375, 1.224, 1.288, 1.429, 1.346, 1.516, 1.354, 1.252, 1.138, 1.106, 1.161, 1.168, 1.287, 1.211, 1.11, 1.044, 1.142, 1.132, 1.012, 1.044, 0.979, 0.828, 0.73, 0.661, 0.594, 0.539, 0.516, 0.476, 0.462, 0.426, 0.407, 0.406, 0.393, 0.386, 0.371, 0.377, 0.365, 0.375, 0.366, 0.365, 0.375, 0.364, 0.351, 0.357, 0.368, 0.354, 0.354, 0.351, 0.366, 0.348, 0.346, 0.354, 0.352, 0.353, 0.346, 0.352, 0.338, 0.341, 0.356, 0.362, 0.357, 0.355, 0.344, 0.34, 0.343, 0.336, 0.34, 0.329, 0.324, 0.323, 0.317]
Test Loss: [745.347, 569.663, 470.644, 402.816, 354.382, 316.59, 289.428, 265.614, 240.171, 216.648, 197.161, 181.802, 166.233, 155.521, 149.066, 139.331, 130.327, 116.381, 114.865, 109.146, 101.879, 97.403, 95.204, 90.14, 86.763, 82.266, 80.519, 75.41, 77.098, 76.35, 71.603, 71.231, 69.019, 66.627, 65.38, 68.883, 65.101, 65.217, 63.981, 64.761, 62.272, 60.31, 61.364, 57.846, 58.109, 55.13, 54.315, 54.444, 49.025, 55.814, 53.798, 53.995, 48.221, 48.02, 49.588, 44.946, 46.453, 47.957, 44.532, 38.951, 42.028, 43.05, 41.839, 39.92, 41.693, 39.431, 37.696, 40.923, 33.05, 38.78, 33.01, 38.019, 35.665, 33.77, 30.99, 37.273, 29.509, 28.959, 32.924, 31.269, 26.667, 30.672, 30.568, 24.107, 24.525, 23.162, 22.567, 20.912, 21.877, 28.575, 24.405, 20.154, 21.677, 26.369, 25.112, 20.701, 23.5, 21.721, 18.094, 26.348, 19.073, 25.301, 18.739, 15.297, 18.38, 18.373, 15.023, 16.126, 14.475, 17.506, 15.707, 22.57, 14.274, 15.125, 19.392, 19.488, 12.093, 14.193, 23.095, 21.228, 15.992, 13.108, 13.553, 17.134, 14.075, 22.281, 13.273, 19.478, 19.484, 20.105, 14.945, 15.815, 16.838, 21.814, 16.313, 17.35, 13.993, 23.807, 11.715, 19.959, 15.028, 13.762, 13.064, 15.009, 15.355, 12.805, 13.821, 17.221, 11.22, 10.057, 10.058, 12.459, 15.334, 14.001, 8.652, 16.346, 9.778, 12.81, 10.814, 12.145, 11.081, 13.954, 11.175, 9.097, 13.246, 9.864, 8.643, 16.765, 16.372, 14.698, 14.833, 16.093, 17.409, 17.146, 16.849, 17.78, 18.619, 17.812, 17.488, 17.626, 17.802, 17.043, 17.785, 18.083, 18.027, 17.739, 18.049, 17.478, 17.355, 17.009, 17.252, 17.01, 16.355, 17.207, 17.001, 16.218, 16.174, 17.699, 16.918, 16.79, 16.954, 16.516, 16.481, 17.087, 17.503, 15.925, 15.55, 16.695, 16.295, 16.781, 15.851, 15.467, 16.267, 16.629, 15.98, 15.027, 16.041, 15.454, 15.293, 14.957]
Max test score: 0.791 found at epoch: 157
Max test score shapes: 0.724 found at epoch: 157
