Active: Adjacencyloss True True 30 0.0001 True 
Active: Relationsloss True 2 False 0.1 
Active: OneHotloss True 10 
Active: MinSizeBackgroundloss True 1 
Active: MinSizeShapesloss True 30 

Test Scores: [0.076, 0.197, 0.214, 0.222, 0.249, 0.267, 0.267, 0.257, 0.247, 0.246, 0.258, 0.288, 0.279, 0.228, 0.22, 0.2, 0.196, 0.204, 0.195, 0.194, 0.187, 0.19, 0.184, 0.179, 0.189, 0.19, 0.191, 0.188, 0.188, 0.187, 0.182, 0.191, 0.187, 0.19, 0.188, 0.184, 0.19, 0.186, 0.194, 0.19, 0.19, 0.185, 0.189, 0.18, 0.187, 0.191, 0.201, 0.205, 0.216, 0.237, 0.213, 0.22, 0.231, 0.221, 0.212, 0.208, 0.199, 0.203, 0.195, 0.207, 0.191, 0.19, 0.201, 0.199, 0.197, 0.199, 0.195, 0.187, 0.198, 0.2, 0.202, 0.198, 0.199, 0.207, 0.209, 0.201, 0.203, 0.207, 0.216, 0.206, 0.21, 0.208, 0.189, 0.19, 0.182, 0.179, 0.182, 0.186, 0.187, 0.187, 0.193, 0.199, 0.2, 0.202, 0.208, 0.211, 0.199, 0.196, 0.198, 0.194, 0.193, 0.19, 0.183, 0.187, 0.183, 0.183, 0.186, 0.187, 0.201, 0.203, 0.191, 0.181, 0.182, 0.178, 0.18, 0.181, 0.178, 0.177, 0.177, 0.177, 0.185, 0.195, 0.21, 0.212, 0.224, 0.228, 0.217, 0.223, 0.196, 0.189, 0.179, 0.18, 0.181, 0.18, 0.18, 0.18, 0.183, 0.179, 0.173, 0.169, 0.171, 0.177, 0.173, 0.19, 0.214, 0.215, 0.22, 0.208, 0.207, 0.209, 0.207, 0.216, 0.218, 0.207, 0.194, 0.182, 0.182, 0.175, 0.173, 0.175, 0.176, 0.176, 0.183, 0.188, 0.187, 0.188, 0.199, 0.202, 0.204, 0.194, 0.201, 0.196, 0.192, 0.196, 0.194, 0.193, 0.196, 0.195, 0.193, 0.191, 0.191, 0.194, 0.191, 0.191, 0.188, 0.188, 0.19, 0.193, 0.196, 0.189, 0.187, 0.194, 0.194, 0.199, 0.198, 0.198, 0.197, 0.198, 0.2, 0.194, 0.197, 0.189, 0.197, 0.2, 0.197, 0.193, 0.194, 0.197, 0.195, 0.193, 0.19, 0.192, 0.192, 0.19, 0.19, 0.193, 0.19, 0.19, 0.198, 0.194]
Test Scores w/o background: [0.043, 0.058, 0.045, 0.076, 0.085, 0.077, 0.049, 0.032, 0.018, 0.017, 0.031, 0.066, 0.06, 0.029, 0.024, 0.014, 0.012, 0.015, 0.011, 0.01, 0.008, 0.008, 0.007, 0.005, 0.006, 0.007, 0.007, 0.007, 0.008, 0.008, 0.008, 0.009, 0.009, 0.009, 0.008, 0.006, 0.009, 0.008, 0.008, 0.009, 0.007, 0.01, 0.009, 0.01, 0.01, 0.015, 0.021, 0.031, 0.047, 0.062, 0.045, 0.053, 0.056, 0.047, 0.034, 0.031, 0.023, 0.023, 0.024, 0.026, 0.017, 0.018, 0.022, 0.021, 0.019, 0.02, 0.018, 0.015, 0.018, 0.02, 0.02, 0.018, 0.019, 0.02, 0.02, 0.018, 0.02, 0.023, 0.025, 0.022, 0.02, 0.018, 0.013, 0.01, 0.009, 0.007, 0.005, 0.007, 0.007, 0.007, 0.01, 0.013, 0.017, 0.021, 0.021, 0.023, 0.017, 0.013, 0.012, 0.015, 0.017, 0.017, 0.013, 0.013, 0.009, 0.006, 0.01, 0.012, 0.016, 0.017, 0.012, 0.008, 0.007, 0.008, 0.006, 0.006, 0.007, 0.007, 0.005, 0.003, 0.005, 0.011, 0.02, 0.025, 0.029, 0.03, 0.026, 0.027, 0.013, 0.007, 0.005, 0.002, 0.002, 0.001, 0.002, 0.002, 0.002, 0.001, 0.001, 0.0, 0.0, 0.001, 0.001, 0.009, 0.023, 0.027, 0.028, 0.023, 0.022, 0.022, 0.022, 0.024, 0.024, 0.018, 0.01, 0.003, 0.002, 0.002, 0.001, 0.003, 0.001, 0.001, 0.002, 0.002, 0.002, 0.003, 0.008, 0.004, 0.005, 0.005, 0.004, 0.003, 0.003, 0.003, 0.003, 0.003, 0.002, 0.002, 0.002, 0.002, 0.001, 0.001, 0.002, 0.002, 0.001, 0.001, 0.001, 0.001, 0.001, 0.001, 0.002, 0.002, 0.001, 0.002, 0.002, 0.002, 0.002, 0.003, 0.002, 0.003, 0.002, 0.002, 0.002, 0.002, 0.002, 0.002, 0.002, 0.002, 0.001, 0.002, 0.001, 0.001, 0.001, 0.001, 0.001, 0.001, 0.001, 0.001, 0.001, 0.002]
Train Scores: [0.062, 0.2, 0.22, 0.229, 0.259, 0.265, 0.267, 0.26, 0.25, 0.249, 0.264, 0.293, 0.284, 0.234, 0.224, 0.201, 0.198, 0.206, 0.196, 0.196, 0.19, 0.193, 0.188, 0.183, 0.191, 0.191, 0.193, 0.191, 0.19, 0.191, 0.186, 0.196, 0.19, 0.192, 0.19, 0.187, 0.193, 0.189, 0.196, 0.193, 0.192, 0.189, 0.193, 0.184, 0.191, 0.194, 0.202, 0.211, 0.223, 0.247, 0.228, 0.232, 0.242, 0.231, 0.219, 0.218, 0.202, 0.208, 0.202, 0.209, 0.195, 0.195, 0.204, 0.204, 0.201, 0.201, 0.197, 0.19, 0.201, 0.205, 0.209, 0.203, 0.204, 0.211, 0.211, 0.203, 0.207, 0.21, 0.218, 0.208, 0.211, 0.209, 0.193, 0.193, 0.183, 0.178, 0.182, 0.187, 0.189, 0.19, 0.199, 0.204, 0.205, 0.205, 0.212, 0.217, 0.205, 0.202, 0.204, 0.199, 0.197, 0.192, 0.185, 0.188, 0.185, 0.185, 0.187, 0.189, 0.202, 0.203, 0.192, 0.183, 0.184, 0.18, 0.182, 0.184, 0.18, 0.177, 0.176, 0.176, 0.185, 0.198, 0.211, 0.213, 0.227, 0.23, 0.22, 0.227, 0.201, 0.191, 0.18, 0.18, 0.18, 0.178, 0.176, 0.178, 0.181, 0.178, 0.172, 0.168, 0.17, 0.177, 0.174, 0.189, 0.213, 0.217, 0.221, 0.207, 0.205, 0.207, 0.206, 0.215, 0.216, 0.204, 0.19, 0.181, 0.181, 0.175, 0.174, 0.176, 0.177, 0.176, 0.184, 0.188, 0.188, 0.189, 0.2, 0.201, 0.203, 0.193, 0.201, 0.196, 0.191, 0.195, 0.193, 0.193, 0.196, 0.195, 0.193, 0.191, 0.191, 0.194, 0.191, 0.191, 0.188, 0.187, 0.19, 0.193, 0.196, 0.189, 0.187, 0.194, 0.194, 0.199, 0.198, 0.197, 0.197, 0.198, 0.201, 0.194, 0.198, 0.188, 0.198, 0.2, 0.198, 0.193, 0.193, 0.197, 0.195, 0.193, 0.19, 0.192, 0.192, 0.19, 0.19, 0.193, 0.19, 0.189, 0.198, 0.194]
Train Scores w/o background: [0.025, 0.057, 0.051, 0.084, 0.099, 0.073, 0.048, 0.034, 0.021, 0.02, 0.038, 0.073, 0.065, 0.034, 0.029, 0.016, 0.013, 0.017, 0.013, 0.013, 0.01, 0.011, 0.009, 0.007, 0.008, 0.009, 0.009, 0.009, 0.009, 0.01, 0.011, 0.011, 0.01, 0.011, 0.01, 0.008, 0.011, 0.011, 0.011, 0.011, 0.01, 0.012, 0.012, 0.013, 0.013, 0.016, 0.022, 0.039, 0.056, 0.075, 0.062, 0.07, 0.07, 0.06, 0.045, 0.045, 0.029, 0.031, 0.033, 0.032, 0.023, 0.024, 0.028, 0.027, 0.024, 0.024, 0.021, 0.017, 0.023, 0.025, 0.026, 0.024, 0.024, 0.025, 0.024, 0.021, 0.024, 0.028, 0.03, 0.027, 0.023, 0.02, 0.015, 0.011, 0.01, 0.009, 0.007, 0.009, 0.009, 0.009, 0.015, 0.016, 0.022, 0.025, 0.025, 0.029, 0.023, 0.017, 0.018, 0.019, 0.021, 0.019, 0.014, 0.014, 0.01, 0.008, 0.012, 0.014, 0.018, 0.019, 0.013, 0.009, 0.009, 0.01, 0.009, 0.009, 0.008, 0.008, 0.006, 0.005, 0.007, 0.014, 0.022, 0.028, 0.033, 0.034, 0.029, 0.03, 0.018, 0.011, 0.009, 0.005, 0.003, 0.003, 0.002, 0.003, 0.003, 0.002, 0.002, 0.001, 0.001, 0.001, 0.002, 0.01, 0.025, 0.03, 0.031, 0.026, 0.024, 0.024, 0.023, 0.026, 0.026, 0.018, 0.009, 0.004, 0.003, 0.003, 0.003, 0.004, 0.002, 0.003, 0.003, 0.003, 0.003, 0.005, 0.01, 0.005, 0.006, 0.006, 0.005, 0.005, 0.005, 0.004, 0.004, 0.005, 0.004, 0.004, 0.004, 0.004, 0.003, 0.003, 0.003, 0.004, 0.004, 0.004, 0.003, 0.003, 0.003, 0.004, 0.004, 0.004, 0.004, 0.004, 0.004, 0.004, 0.004, 0.005, 0.004, 0.005, 0.005, 0.004, 0.004, 0.004, 0.004, 0.004, 0.004, 0.003, 0.004, 0.004, 0.003, 0.003, 0.003, 0.003, 0.003, 0.003, 0.003, 0.003, 0.003, 0.003]
Train Loss: [86.899, 62.88, 50.938, 43.744, 37.632, 32.528, 28.272, 24.181, 20.071, 16.026, 12.725, 11.848, 11.248, 10.475, 9.682, 9.063, 8.678, 8.476, 8.278, 8.144, 8.066, 7.963, 8.186, 9.642, 8.014, 7.817, 7.719, 7.844, 7.741, 7.823, 7.953, 7.804, 7.739, 7.61, 7.642, 8.073, 7.894, 7.516, 7.888, 7.332, 7.383, 8.165, 7.274, 6.857, 6.606, 6.204, 6.095, 5.509, 5.01, 4.405, 4.184, 3.849, 3.83, 3.452, 3.319, 3.516, 2.949, 3.864, 3.694, 3.664, 3.965, 3.592, 3.865, 3.1, 4.097, 3.244, 2.929, 3.931, 3.739, 3.515, 3.344, 4.713, 3.04, 2.996, 4.063, 4.29, 3.916, 7.477, 8.325, 9.104, 6.119, 5.812, 6.234, 3.564, 3.818, 3.664, 3.642, 2.784, 4.05, 3.672, 4.48, 4.893, 6.678, 5.43, 4.062, 4.154, 7.485, 5.611, 5.077, 3.122, 5.736, 5.464, 3.76, 4.015, 3.564, 3.786, 4.326, 6.947, 8.098, 3.987, 2.823, 5.255, 4.017, 6.47, 7.622, 6.125, 4.523, 4.519, 6.62, 5.179, 4.772, 4.759, 4.728, 5.035, 4.424, 4.496, 5.987, 5.12, 5.327, 10.679, 9.633, 14.675, 8.848, 7.623, 5.214, 4.773, 6.619, 12.399, 6.05, 7.809, 4.894, 5.369, 5.126, 3.375, 6.263, 8.615, 9.063, 7.351, 6.056, 7.284, 6.295, 8.275, 6.83, 5.802, 6.654, 5.433, 4.575, 4.71, 7.599, 6.085, 5.307, 7.948, 4.176, 6.28, 5.137, 4.114, 8.112, 6.644, 8.604, 10.224, 8.971, 6.765, 4.096, 2.931, 2.8, 3.05, 2.513, 2.819, 2.583, 2.474, 2.789, 2.944, 3.514, 2.538, 2.373, 2.072, 2.106, 2.302, 2.288, 2.068, 2.058, 1.758, 1.573, 1.584, 1.769, 1.343, 1.404, 1.464, 1.232, 1.065, 0.945, 0.948, 1.091, 0.909, 0.819, 1.077, 0.976, 0.918, 0.802, 1.13, 1.005, 1.317, 1.612, 1.049, 0.976, 1.187, 1.057, 0.96, 1.278, 0.92]
Test Loss: [85.857, 62.25, 51.423, 43.282, 37.21, 32.223, 27.934, 23.813, 19.739, 15.705, 12.361, 11.46, 10.828, 10.077, 9.264, 8.698, 8.3, 8.093, 7.948, 7.796, 7.695, 7.644, 7.674, 8.283, 7.626, 7.469, 7.533, 7.923, 7.585, 7.779, 8.1, 7.982, 7.994, 7.834, 8.023, 8.379, 8.497, 8.095, 8.972, 8.061, 8.724, 9.316, 9.357, 8.658, 7.75, 7.969, 7.94, 7.716, 6.874, 6.262, 7.846, 7.849, 7.612, 7.946, 7.661, 9.328, 8.774, 7.838, 10.191, 7.81, 11.763, 10.673, 9.795, 7.544, 10.265, 7.832, 11.242, 11.51, 9.661, 13.18, 12.778, 14.01, 9.579, 11.054, 14.32, 12.278, 13.848, 17.972, 16.456, 14.933, 16.406, 16.396, 16.897, 11.869, 11.165, 12.182, 10.013, 8.785, 10.063, 11.223, 12.196, 11.264, 14.175, 14.405, 12.789, 8.894, 13.273, 6.975, 9.781, 7.527, 10.792, 8.557, 6.7, 7.833, 12.798, 13.949, 13.525, 11.008, 13.118, 10.273, 9.45, 7.037, 6.143, 14.5, 17.517, 8.572, 7.467, 6.331, 7.766, 10.8, 10.159, 10.407, 6.07, 8.94, 11.993, 10.874, 7.761, 10.082, 14.254, 12.248, 15.694, 17.499, 12.556, 12.983, 11.825, 11.876, 12.359, 23.937, 12.283, 13.936, 11.602, 8.716, 8.939, 9.302, 14.015, 14.609, 12.218, 12.809, 13.293, 13.996, 14.46, 16.55, 11.109, 15.503, 15.895, 12.989, 10.564, 7.631, 12.175, 12.56, 10.034, 12.33, 10.214, 11.129, 7.499, 11.244, 11.847, 8.597, 11.892, 12.828, 12.547, 11.961, 9.585, 6.043, 4.681, 6.103, 5.983, 5.042, 4.017, 5.109, 6.665, 6.75, 7.619, 7.172, 6.472, 5.185, 6.694, 7.597, 7.064, 6.152, 6.014, 5.512, 5.567, 6.854, 7.099, 6.35, 7.71, 8.01, 6.319, 5.96, 6.907, 7.296, 5.183, 7.625, 4.904, 5.297, 7.148, 8.082, 6.997, 8.049, 7.699, 8.867, 8.32, 8.657, 8.147, 6.798, 7.843, 6.535, 7.812, 5.64]
Max test score: 0.288 found at epoch: 12
Max test score shapes: 0.085 found at epoch: 5
