percentFullySupervised0.2
domainLossMultiplier0.001

2 x 10 fully FullySupervised

Test Scores: [0.175, 0.293, 0.295, 0.334, 0.358, 0.391, 0.394, 0.422, 0.466, 0.405, 0.492, 0.491, 0.48, 0.497, 0.514, 0.524, 0.494, 0.513, 0.502, 0.532, 0.511, 0.509, 0.512, 0.518, 0.483, 0.501, 0.55, 0.47, 0.502, 0.498, 0.523, 0.502, 0.509, 0.504, 0.512, 0.5, 0.507, 0.535, 0.507, 0.504, 0.52, 0.512, 0.543, 0.532, 0.514, 0.535, 0.528, 0.525, 0.516, 0.504, 0.502, 0.503, 0.508, 0.539, 0.535, 0.515, 0.517, 0.535, 0.516, 0.519, 0.537, 0.536, 0.502, 0.522, 0.51, 0.508, 0.448, 0.479, 0.486, 0.532, 0.558, 0.524, 0.52, 0.531, 0.526, 0.507, 0.506, 0.527, 0.543, 0.527, 0.527, 0.52, 0.509, 0.523, 0.505, 0.529, 0.531, 0.531, 0.489, 0.522, 0.522, 0.516, 0.512, 0.512, 0.52, 0.514, 0.53, 0.519, 0.524, 0.531, 0.511, 0.532, 0.521, 0.525, 0.531, 0.52, 0.535, 0.535, 0.535, 0.507, 0.516, 0.534, 0.531, 0.517, 0.517, 0.537, 0.524, 0.514, 0.526, 0.531]
Test Scores w/o background: [0.142, 0.202, 0.211, 0.25, 0.251, 0.251, 0.261, 0.27, 0.316, 0.265, 0.329, 0.323, 0.334, 0.34, 0.369, 0.371, 0.341, 0.355, 0.338, 0.38, 0.368, 0.362, 0.385, 0.376, 0.336, 0.366, 0.404, 0.315, 0.361, 0.363, 0.385, 0.37, 0.339, 0.356, 0.373, 0.361, 0.348, 0.39, 0.369, 0.345, 0.368, 0.362, 0.392, 0.377, 0.353, 0.384, 0.381, 0.375, 0.356, 0.329, 0.354, 0.348, 0.346, 0.382, 0.385, 0.366, 0.362, 0.378, 0.36, 0.367, 0.386, 0.386, 0.362, 0.362, 0.362, 0.35, 0.302, 0.337, 0.345, 0.391, 0.41, 0.365, 0.36, 0.38, 0.372, 0.353, 0.347, 0.382, 0.392, 0.368, 0.364, 0.363, 0.362, 0.373, 0.345, 0.377, 0.379, 0.376, 0.337, 0.371, 0.371, 0.361, 0.366, 0.346, 0.367, 0.362, 0.376, 0.362, 0.375, 0.393, 0.355, 0.378, 0.357, 0.367, 0.378, 0.366, 0.384, 0.376, 0.38, 0.357, 0.363, 0.38, 0.391, 0.365, 0.369, 0.381, 0.371, 0.375, 0.378, 0.387]
Train Scores: [0.192, 0.317, 0.31, 0.34, 0.376, 0.394, 0.392, 0.431, 0.486, 0.412, 0.509, 0.495, 0.496, 0.506, 0.51, 0.532, 0.493, 0.531, 0.52, 0.541, 0.533, 0.525, 0.515, 0.523, 0.494, 0.505, 0.541, 0.469, 0.49, 0.517, 0.53, 0.5, 0.534, 0.504, 0.514, 0.512, 0.512, 0.536, 0.514, 0.508, 0.526, 0.522, 0.547, 0.547, 0.539, 0.561, 0.543, 0.544, 0.54, 0.522, 0.526, 0.527, 0.53, 0.551, 0.556, 0.526, 0.534, 0.548, 0.538, 0.541, 0.543, 0.551, 0.527, 0.53, 0.524, 0.522, 0.463, 0.488, 0.51, 0.546, 0.557, 0.535, 0.526, 0.556, 0.545, 0.532, 0.529, 0.548, 0.564, 0.546, 0.546, 0.538, 0.514, 0.531, 0.522, 0.543, 0.552, 0.549, 0.519, 0.539, 0.546, 0.538, 0.531, 0.525, 0.526, 0.515, 0.537, 0.525, 0.54, 0.527, 0.507, 0.548, 0.533, 0.546, 0.547, 0.543, 0.546, 0.546, 0.551, 0.53, 0.535, 0.552, 0.542, 0.526, 0.529, 0.548, 0.536, 0.527, 0.539, 0.536]
Train Scores w/o background: [0.163, 0.229, 0.243, 0.263, 0.275, 0.261, 0.266, 0.282, 0.328, 0.267, 0.349, 0.331, 0.345, 0.347, 0.362, 0.376, 0.339, 0.377, 0.359, 0.383, 0.387, 0.376, 0.383, 0.378, 0.348, 0.371, 0.392, 0.319, 0.344, 0.381, 0.384, 0.356, 0.368, 0.345, 0.37, 0.373, 0.355, 0.39, 0.373, 0.345, 0.371, 0.376, 0.396, 0.389, 0.384, 0.417, 0.399, 0.398, 0.381, 0.349, 0.38, 0.375, 0.373, 0.396, 0.41, 0.379, 0.381, 0.394, 0.386, 0.394, 0.396, 0.404, 0.39, 0.373, 0.381, 0.366, 0.318, 0.345, 0.368, 0.402, 0.403, 0.375, 0.367, 0.405, 0.388, 0.375, 0.37, 0.399, 0.413, 0.388, 0.381, 0.384, 0.367, 0.374, 0.368, 0.392, 0.403, 0.394, 0.366, 0.39, 0.396, 0.381, 0.384, 0.36, 0.368, 0.363, 0.385, 0.368, 0.393, 0.384, 0.353, 0.393, 0.37, 0.39, 0.396, 0.391, 0.398, 0.388, 0.399, 0.381, 0.385, 0.402, 0.402, 0.375, 0.384, 0.396, 0.38, 0.384, 0.389, 0.389]
Train Loss: [0.091, 0.061, 0.055, 0.051, 0.046, 0.043, 0.041, 0.039, 0.036, 0.035, 0.033, 0.031, 0.03, 0.028, 0.027, 0.026, 0.025, 0.024, 0.024, 0.023, 0.022, 0.021, 0.021, 0.02, 0.02, 0.02, 0.019, 0.019, 0.019, 0.018, 0.018, 0.018, 0.018, 0.018, 0.018, 0.017, 0.017, 0.017, 0.017, 0.017, 0.017, 0.017, 0.017, 0.016, 0.016, 0.016, 0.016, 0.016, 0.016, 0.016, 0.016, 0.016, 0.016, 0.016, 0.016, 0.016, 0.016, 0.016, 0.016, 0.016, 0.016, 0.016, 0.016, 0.016, 0.016, 0.016, 0.015, 0.016, 0.015, 0.016, 0.016, 0.015, 0.015, 0.015, 0.015, 0.015, 0.015, 0.015, 0.015, 0.015, 0.015, 0.015, 0.015, 0.015, 0.015, 0.015, 0.015, 0.015, 0.015, 0.015, 0.015, 0.015, 0.015, 0.015, 0.015, 0.015, 0.015, 0.015, 0.015, 0.015, 0.015, 0.015, 0.015, 0.015, 0.015, 0.015, 0.015, 0.015, 0.015, 0.015, 0.015, 0.015, 0.015, 0.015, 0.015, 0.015, 0.015, 0.015, 0.014, 0.014]
Max test score: 0.558 found at epoch: 71
Max test score shapes: 0.41 found at epoch: 71
