percentFullySupervised0.2
domainLossMultiplier0.001
Active: Adjacencyloss True True 30 0.0001 False False 
Active: Relationsloss True 2 True 0.1 False True False 
Active: OneHotloss True 20 
Active: MinSizeShapesloss True 1 0.5 0.0035 0.015 
Active: MaxSizeShapesloss True 1 0.98 0.2 0.42 

domloss on other 120 normal imgaes only

Test Scores: [0.191, 0.3, 0.322, 0.356, 0.384, 0.388, 0.385, 0.448, 0.425, 0.44, 0.491, 0.461, 0.47, 0.476, 0.47, 0.447, 0.468, 0.469, 0.481, 0.437, 0.493, 0.503, 0.472, 0.494, 0.468, 0.471, 0.48, 0.484, 0.49, 0.495, 0.538, 0.521, 0.517, 0.483, 0.498, 0.462, 0.475, 0.515, 0.502, 0.468, 0.519, 0.528, 0.52, 0.511, 0.514, 0.534, 0.536, 0.516, 0.494, 0.496, 0.471, 0.498, 0.488, 0.512, 0.501, 0.51, 0.516, 0.515, 0.517, 0.502, 0.506, 0.517, 0.514, 0.515, 0.514, 0.474, 0.458, 0.497, 0.489, 0.486, 0.502, 0.52, 0.497, 0.493, 0.526, 0.513, 0.477, 0.509, 0.52, 0.516, 0.497, 0.522, 0.522, 0.515, 0.503, 0.505, 0.527, 0.527, 0.493, 0.515, 0.506, 0.487, 0.474, 0.532, 0.523, 0.534, 0.533, 0.512, 0.51, 0.518, 0.521, 0.531, 0.544, 0.54, 0.503, 0.527, 0.526, 0.534, 0.523, 0.504, 0.515, 0.52, 0.508, 0.518, 0.514, 0.519, 0.522, 0.522, 0.526, 0.531]
Test Scores w/o background: [0.132, 0.203, 0.215, 0.216, 0.244, 0.248, 0.249, 0.286, 0.275, 0.31, 0.338, 0.308, 0.327, 0.326, 0.335, 0.288, 0.325, 0.317, 0.326, 0.288, 0.353, 0.353, 0.331, 0.344, 0.309, 0.328, 0.335, 0.329, 0.339, 0.358, 0.391, 0.381, 0.357, 0.34, 0.346, 0.319, 0.319, 0.373, 0.35, 0.305, 0.364, 0.381, 0.373, 0.359, 0.355, 0.384, 0.39, 0.364, 0.332, 0.334, 0.319, 0.342, 0.333, 0.365, 0.34, 0.351, 0.364, 0.355, 0.366, 0.349, 0.339, 0.364, 0.369, 0.352, 0.368, 0.316, 0.317, 0.344, 0.341, 0.341, 0.346, 0.37, 0.343, 0.343, 0.38, 0.369, 0.335, 0.357, 0.373, 0.362, 0.34, 0.369, 0.378, 0.356, 0.347, 0.358, 0.38, 0.385, 0.342, 0.362, 0.356, 0.338, 0.332, 0.382, 0.368, 0.383, 0.379, 0.354, 0.352, 0.374, 0.365, 0.38, 0.397, 0.394, 0.353, 0.375, 0.374, 0.382, 0.366, 0.355, 0.361, 0.364, 0.364, 0.366, 0.367, 0.356, 0.363, 0.368, 0.38, 0.379]
Train Scores: [0.204, 0.335, 0.333, 0.359, 0.396, 0.395, 0.404, 0.479, 0.455, 0.443, 0.498, 0.479, 0.489, 0.499, 0.486, 0.461, 0.482, 0.498, 0.5, 0.446, 0.516, 0.519, 0.491, 0.509, 0.483, 0.474, 0.485, 0.491, 0.497, 0.505, 0.558, 0.537, 0.537, 0.496, 0.513, 0.486, 0.483, 0.522, 0.514, 0.487, 0.538, 0.552, 0.535, 0.531, 0.534, 0.544, 0.56, 0.545, 0.522, 0.529, 0.504, 0.529, 0.511, 0.529, 0.534, 0.539, 0.534, 0.542, 0.538, 0.522, 0.52, 0.535, 0.527, 0.538, 0.537, 0.473, 0.468, 0.51, 0.52, 0.503, 0.53, 0.536, 0.52, 0.515, 0.548, 0.54, 0.491, 0.525, 0.542, 0.537, 0.517, 0.538, 0.543, 0.542, 0.523, 0.528, 0.549, 0.552, 0.527, 0.539, 0.539, 0.516, 0.512, 0.556, 0.552, 0.558, 0.564, 0.544, 0.544, 0.537, 0.552, 0.556, 0.56, 0.558, 0.517, 0.558, 0.549, 0.56, 0.549, 0.527, 0.531, 0.549, 0.529, 0.543, 0.524, 0.554, 0.56, 0.545, 0.549, 0.555]
Train Scores w/o background: [0.148, 0.237, 0.226, 0.221, 0.256, 0.263, 0.27, 0.321, 0.311, 0.31, 0.346, 0.331, 0.346, 0.349, 0.351, 0.306, 0.341, 0.351, 0.349, 0.302, 0.378, 0.367, 0.349, 0.36, 0.327, 0.332, 0.339, 0.338, 0.347, 0.369, 0.412, 0.395, 0.38, 0.35, 0.364, 0.344, 0.333, 0.381, 0.36, 0.327, 0.384, 0.404, 0.385, 0.373, 0.376, 0.394, 0.412, 0.395, 0.36, 0.374, 0.357, 0.379, 0.362, 0.379, 0.375, 0.383, 0.383, 0.385, 0.388, 0.373, 0.358, 0.383, 0.378, 0.377, 0.389, 0.316, 0.329, 0.36, 0.374, 0.362, 0.378, 0.382, 0.365, 0.363, 0.398, 0.395, 0.352, 0.377, 0.4, 0.384, 0.36, 0.387, 0.399, 0.379, 0.371, 0.383, 0.403, 0.407, 0.377, 0.39, 0.394, 0.37, 0.374, 0.407, 0.401, 0.412, 0.414, 0.392, 0.392, 0.395, 0.4, 0.404, 0.412, 0.413, 0.375, 0.408, 0.4, 0.406, 0.394, 0.381, 0.38, 0.397, 0.387, 0.394, 0.379, 0.399, 0.403, 0.395, 0.405, 0.407]
Train Loss: [0.116, 0.076, 0.065, 0.058, 0.054, 0.05, 0.046, 0.044, 0.041, 0.039, 0.036, 0.035, 0.032, 0.031, 0.029, 0.028, 0.027, 0.027, 0.026, 0.024, 0.024, 0.023, 0.022, 0.021, 0.021, 0.02, 0.02, 0.02, 0.02, 0.019, 0.019, 0.019, 0.019, 0.018, 0.018, 0.018, 0.018, 0.018, 0.018, 0.018, 0.018, 0.018, 0.018, 0.017, 0.017, 0.017, 0.017, 0.017, 0.017, 0.017, 0.017, 0.017, 0.017, 0.016, 0.017, 0.017, 0.016, 0.016, 0.016, 0.016, 0.016, 0.016, 0.016, 0.016, 0.016, 0.016, 0.016, 0.016, 0.016, 0.016, 0.016, 0.016, 0.016, 0.016, 0.016, 0.016, 0.016, 0.016, 0.016, 0.016, 0.016, 0.016, 0.016, 0.016, 0.016, 0.016, 0.016, 0.016, 0.016, 0.015, 0.016, 0.016, 0.016, 0.016, 0.016, 0.016, 0.015, 0.015, 0.015, 0.015, 0.015, 0.015, 0.015, 0.015, 0.015, 0.015, 0.015, 0.015, 0.015, 0.015, 0.015, 0.015, 0.015, 0.015, 0.015, 0.015, 0.015, 0.015, 0.015, 0.015]
Max test score: 0.544 found at epoch: 103
Max test score shapes: 0.397 found at epoch: 103
Avg generalisation ratio: 0.939
Avg generalisation diff: 0.022