percentFullySupervised0.2
domainLossMultiplier0.001
Active: Adjacencyloss True True 30 0.0001 False False 
Active: Relationsloss True 2 True 0.1 False True False 
Active: OneHotloss True 20 
Active: MinSizeShapesloss True 1 0.5 0.0035 0.015 
Active: MaxSizeShapesloss True 1 0.98 0.2 0.42 

2x10 superVised NONE domAug but all the other (2 x) 120 base images are domain loss

Test Scores: [0.227, 0.299, 0.385, 0.415, 0.445, 0.447, 0.396, 0.461, 0.481, 0.486, 0.521, 0.517, 0.529, 0.519, 0.555, 0.525, 0.547, 0.499, 0.524, 0.534, 0.554, 0.526, 0.567, 0.558, 0.525, 0.547, 0.553, 0.521, 0.559, 0.525, 0.549, 0.562, 0.53, 0.518, 0.549, 0.562, 0.552, 0.551, 0.532, 0.527, 0.538, 0.54, 0.546, 0.521, 0.54, 0.504, 0.549, 0.526, 0.542, 0.489, 0.53, 0.556, 0.54, 0.58, 0.557, 0.524, 0.549, 0.573, 0.516, 0.553, 0.553, 0.557, 0.559, 0.521, 0.532, 0.469, 0.535, 0.556, 0.568, 0.568, 0.553, 0.539, 0.547, 0.542, 0.574, 0.54, 0.534, 0.57, 0.565, 0.545, 0.521, 0.541, 0.56, 0.573, 0.532, 0.566, 0.557, 0.556, 0.542, 0.538, 0.568, 0.55, 0.559, 0.55, 0.54, 0.554, 0.54, 0.554, 0.545, 0.554, 0.573, 0.551, 0.523, 0.553, 0.554, 0.567, 0.563, 0.55, 0.535, 0.554, 0.517, 0.545, 0.549, 0.54, 0.548, 0.529, 0.548, 0.567, 0.555, 0.537]
Test Scores w/o background: [0.128, 0.154, 0.197, 0.243, 0.279, 0.297, 0.237, 0.306, 0.326, 0.355, 0.364, 0.361, 0.381, 0.362, 0.411, 0.365, 0.392, 0.339, 0.358, 0.377, 0.41, 0.369, 0.419, 0.403, 0.358, 0.398, 0.41, 0.356, 0.416, 0.378, 0.393, 0.419, 0.373, 0.365, 0.403, 0.423, 0.399, 0.399, 0.382, 0.359, 0.374, 0.398, 0.398, 0.375, 0.393, 0.347, 0.399, 0.37, 0.389, 0.317, 0.393, 0.407, 0.39, 0.437, 0.406, 0.36, 0.41, 0.435, 0.364, 0.408, 0.399, 0.407, 0.416, 0.35, 0.389, 0.293, 0.387, 0.408, 0.434, 0.431, 0.397, 0.376, 0.394, 0.385, 0.434, 0.4, 0.39, 0.426, 0.422, 0.391, 0.359, 0.385, 0.417, 0.433, 0.371, 0.423, 0.405, 0.409, 0.397, 0.386, 0.427, 0.402, 0.418, 0.388, 0.383, 0.405, 0.382, 0.401, 0.39, 0.405, 0.423, 0.397, 0.351, 0.395, 0.404, 0.417, 0.417, 0.397, 0.375, 0.399, 0.351, 0.388, 0.398, 0.375, 0.397, 0.359, 0.391, 0.425, 0.41, 0.375]
Train Scores: [0.239, 0.298, 0.398, 0.454, 0.475, 0.472, 0.432, 0.495, 0.493, 0.504, 0.528, 0.523, 0.536, 0.536, 0.55, 0.538, 0.548, 0.495, 0.529, 0.537, 0.543, 0.511, 0.567, 0.569, 0.542, 0.554, 0.553, 0.528, 0.564, 0.541, 0.57, 0.571, 0.547, 0.521, 0.564, 0.581, 0.558, 0.563, 0.545, 0.533, 0.549, 0.546, 0.549, 0.543, 0.549, 0.51, 0.553, 0.535, 0.545, 0.501, 0.547, 0.569, 0.551, 0.583, 0.571, 0.54, 0.562, 0.573, 0.536, 0.564, 0.562, 0.574, 0.575, 0.536, 0.55, 0.463, 0.544, 0.557, 0.567, 0.572, 0.563, 0.551, 0.555, 0.555, 0.586, 0.555, 0.55, 0.577, 0.568, 0.554, 0.529, 0.554, 0.571, 0.58, 0.546, 0.581, 0.569, 0.563, 0.557, 0.545, 0.573, 0.558, 0.555, 0.553, 0.547, 0.561, 0.546, 0.561, 0.558, 0.566, 0.577, 0.555, 0.532, 0.565, 0.56, 0.57, 0.574, 0.556, 0.539, 0.559, 0.518, 0.547, 0.561, 0.541, 0.551, 0.53, 0.547, 0.568, 0.562, 0.534]
Train Scores w/o background: [0.13, 0.153, 0.213, 0.289, 0.308, 0.323, 0.275, 0.343, 0.339, 0.369, 0.374, 0.369, 0.389, 0.384, 0.404, 0.38, 0.393, 0.337, 0.364, 0.381, 0.395, 0.354, 0.419, 0.414, 0.376, 0.404, 0.403, 0.363, 0.412, 0.39, 0.417, 0.424, 0.387, 0.367, 0.416, 0.441, 0.407, 0.414, 0.393, 0.363, 0.386, 0.398, 0.396, 0.394, 0.402, 0.355, 0.403, 0.376, 0.388, 0.326, 0.402, 0.415, 0.4, 0.433, 0.416, 0.375, 0.417, 0.426, 0.382, 0.416, 0.407, 0.425, 0.43, 0.368, 0.402, 0.282, 0.392, 0.406, 0.426, 0.426, 0.407, 0.388, 0.398, 0.394, 0.44, 0.413, 0.407, 0.43, 0.42, 0.397, 0.364, 0.394, 0.421, 0.433, 0.384, 0.436, 0.414, 0.412, 0.408, 0.393, 0.429, 0.408, 0.407, 0.39, 0.388, 0.408, 0.388, 0.406, 0.401, 0.415, 0.423, 0.398, 0.361, 0.407, 0.408, 0.416, 0.424, 0.398, 0.375, 0.4, 0.349, 0.386, 0.404, 0.371, 0.397, 0.359, 0.384, 0.42, 0.412, 0.365]
Train Loss: [0.134, 0.075, 0.061, 0.054, 0.049, 0.044, 0.041, 0.037, 0.034, 0.032, 0.03, 0.028, 0.027, 0.025, 0.025, 0.024, 0.023, 0.023, 0.023, 0.022, 0.021, 0.02, 0.02, 0.02, 0.02, 0.019, 0.019, 0.019, 0.019, 0.019, 0.02, 0.019, 0.019, 0.019, 0.018, 0.018, 0.018, 0.018, 0.018, 0.018, 0.018, 0.018, 0.018, 0.018, 0.017, 0.018, 0.017, 0.018, 0.018, 0.017, 0.018, 0.017, 0.017, 0.017, 0.017, 0.017, 0.017, 0.017, 0.017, 0.017, 0.017, 0.017, 0.016, 0.016, 0.016, 0.017, 0.016, 0.016, 0.016, 0.016, 0.016, 0.016, 0.016, 0.016, 0.017, 0.016, 0.016, 0.016, 0.016, 0.016, 0.016, 0.016, 0.016, 0.016, 0.016, 0.016, 0.016, 0.016, 0.016, 0.016, 0.016, 0.016, 0.016, 0.015, 0.015, 0.015, 0.015, 0.016, 0.016, 0.016, 0.016, 0.016, 0.015, 0.016, 0.015, 0.015, 0.016, 0.015, 0.015, 0.015, 0.015, 0.015, 0.015, 0.016, 0.015, 0.015, 0.015, 0.015, 0.015, 0.015]
Max test score: 0.58 found at epoch: 54
Max test score shapes: 0.437 found at epoch: 54
