percentFullySupervised0.2
domainLossMultiplier0.001
Active: Adjacencyloss True True 30 0.0001 False False 
Active: Relationsloss True 2 True 0.1 False True False 
Active: OneHotloss True 20 
Active: MinSizeShapesloss True 1 0.5 0.0035 0.015 
Active: MaxSizeShapesloss True 1 0.98 0.2 0.42 

2 x 10 fully FullySupervised
50% of domainaug images domloss

Test Scores: [0.211, 0.293, 0.338, 0.341, 0.38, 0.39, 0.417, 0.437, 0.473, 0.435, 0.482, 0.452, 0.495, 0.474, 0.476, 0.503, 0.49, 0.514, 0.529, 0.506, 0.506, 0.517, 0.509, 0.497, 0.484, 0.487, 0.505, 0.492, 0.478, 0.472, 0.509, 0.514, 0.522, 0.525, 0.533, 0.484, 0.511, 0.524, 0.521, 0.53, 0.532, 0.528, 0.541, 0.532, 0.542, 0.548, 0.529, 0.511, 0.503, 0.508, 0.528, 0.526, 0.525, 0.547, 0.518, 0.502, 0.523, 0.531, 0.533, 0.524, 0.531, 0.541, 0.552, 0.499, 0.519, 0.511, 0.523, 0.534, 0.531, 0.524, 0.523, 0.534, 0.519, 0.529, 0.542, 0.535, 0.531, 0.533, 0.548, 0.547, 0.524, 0.534, 0.552, 0.536, 0.511, 0.541, 0.529, 0.543, 0.531, 0.515, 0.525, 0.525, 0.532, 0.529, 0.543, 0.545, 0.528, 0.536, 0.539, 0.553, 0.518, 0.537, 0.528, 0.527, 0.535, 0.548, 0.532, 0.528, 0.531, 0.515, 0.519, 0.522, 0.516, 0.509, 0.524, 0.511, 0.538, 0.545, 0.543, 0.535]
Test Scores w/o background: [0.143, 0.201, 0.221, 0.212, 0.244, 0.258, 0.274, 0.278, 0.328, 0.315, 0.328, 0.311, 0.354, 0.329, 0.323, 0.356, 0.333, 0.359, 0.387, 0.348, 0.366, 0.359, 0.374, 0.347, 0.324, 0.339, 0.356, 0.333, 0.331, 0.322, 0.367, 0.375, 0.364, 0.378, 0.383, 0.332, 0.363, 0.384, 0.375, 0.372, 0.379, 0.38, 0.39, 0.379, 0.386, 0.404, 0.387, 0.365, 0.341, 0.339, 0.39, 0.378, 0.374, 0.404, 0.364, 0.355, 0.374, 0.38, 0.384, 0.37, 0.37, 0.385, 0.416, 0.33, 0.354, 0.347, 0.378, 0.387, 0.388, 0.382, 0.373, 0.386, 0.37, 0.381, 0.408, 0.394, 0.382, 0.387, 0.406, 0.399, 0.366, 0.377, 0.411, 0.384, 0.351, 0.394, 0.378, 0.396, 0.394, 0.365, 0.384, 0.372, 0.402, 0.373, 0.394, 0.396, 0.369, 0.39, 0.391, 0.414, 0.361, 0.382, 0.369, 0.373, 0.392, 0.405, 0.38, 0.379, 0.375, 0.374, 0.367, 0.379, 0.375, 0.36, 0.38, 0.35, 0.387, 0.409, 0.403, 0.393]
Train Scores: [0.216, 0.332, 0.365, 0.357, 0.394, 0.397, 0.449, 0.46, 0.499, 0.451, 0.516, 0.472, 0.522, 0.507, 0.512, 0.541, 0.516, 0.535, 0.53, 0.536, 0.53, 0.537, 0.529, 0.522, 0.5, 0.507, 0.518, 0.521, 0.523, 0.505, 0.542, 0.541, 0.551, 0.555, 0.567, 0.53, 0.551, 0.544, 0.558, 0.554, 0.561, 0.566, 0.564, 0.557, 0.552, 0.563, 0.554, 0.542, 0.523, 0.525, 0.558, 0.558, 0.559, 0.557, 0.55, 0.54, 0.551, 0.57, 0.561, 0.551, 0.552, 0.564, 0.564, 0.535, 0.539, 0.508, 0.547, 0.554, 0.547, 0.54, 0.538, 0.545, 0.534, 0.539, 0.562, 0.559, 0.554, 0.543, 0.556, 0.55, 0.531, 0.553, 0.56, 0.558, 0.544, 0.566, 0.552, 0.558, 0.557, 0.542, 0.552, 0.55, 0.553, 0.554, 0.566, 0.572, 0.557, 0.564, 0.562, 0.567, 0.539, 0.553, 0.543, 0.546, 0.557, 0.569, 0.554, 0.548, 0.558, 0.54, 0.54, 0.548, 0.547, 0.541, 0.544, 0.544, 0.565, 0.566, 0.562, 0.557]
Train Scores w/o background: [0.147, 0.231, 0.234, 0.232, 0.261, 0.263, 0.314, 0.304, 0.36, 0.32, 0.369, 0.331, 0.376, 0.367, 0.368, 0.4, 0.363, 0.387, 0.386, 0.384, 0.391, 0.382, 0.396, 0.377, 0.342, 0.365, 0.371, 0.366, 0.377, 0.359, 0.397, 0.396, 0.393, 0.405, 0.417, 0.379, 0.409, 0.403, 0.411, 0.393, 0.405, 0.416, 0.414, 0.402, 0.391, 0.417, 0.411, 0.396, 0.356, 0.355, 0.419, 0.412, 0.41, 0.409, 0.394, 0.393, 0.404, 0.424, 0.413, 0.397, 0.393, 0.409, 0.423, 0.371, 0.374, 0.339, 0.394, 0.399, 0.395, 0.394, 0.384, 0.39, 0.38, 0.385, 0.423, 0.415, 0.406, 0.397, 0.409, 0.399, 0.369, 0.396, 0.414, 0.403, 0.389, 0.416, 0.399, 0.407, 0.412, 0.39, 0.407, 0.393, 0.414, 0.399, 0.415, 0.422, 0.399, 0.417, 0.411, 0.425, 0.382, 0.395, 0.384, 0.392, 0.413, 0.423, 0.404, 0.398, 0.406, 0.398, 0.388, 0.403, 0.404, 0.393, 0.396, 0.384, 0.411, 0.424, 0.416, 0.411]
Train Loss: [0.115, 0.076, 0.066, 0.059, 0.054, 0.05, 0.047, 0.044, 0.042, 0.04, 0.037, 0.035, 0.034, 0.032, 0.03, 0.029, 0.028, 0.026, 0.025, 0.024, 0.024, 0.023, 0.022, 0.021, 0.021, 0.02, 0.02, 0.019, 0.019, 0.019, 0.019, 0.018, 0.018, 0.018, 0.018, 0.018, 0.018, 0.018, 0.017, 0.017, 0.017, 0.017, 0.017, 0.017, 0.017, 0.017, 0.017, 0.017, 0.017, 0.017, 0.017, 0.017, 0.017, 0.016, 0.017, 0.016, 0.016, 0.016, 0.016, 0.016, 0.017, 0.016, 0.016, 0.017, 0.016, 0.016, 0.016, 0.016, 0.016, 0.016, 0.016, 0.016, 0.016, 0.016, 0.016, 0.016, 0.016, 0.016, 0.015, 0.015, 0.015, 0.015, 0.015, 0.015, 0.015, 0.015, 0.015, 0.015, 0.015, 0.015, 0.015, 0.015, 0.015, 0.015, 0.015, 0.015, 0.015, 0.015, 0.015, 0.015, 0.015, 0.015, 0.015, 0.015, 0.015, 0.015, 0.015, 0.015, 0.015, 0.015, 0.015, 0.015, 0.015, 0.015, 0.015, 0.015, 0.015, 0.015, 0.015, 0.015]
Max test score: 0.553 found at epoch: 100
Max test score shapes: 0.416 found at epoch: 63
