percentFullySupervised0.2
domainLossMultiplier0.001
Active: Adjacencyloss True True 30 0.0001 False False 
Active: Relationsloss True 2 True 0.1 False True False 
Active: OneHotloss True 20 
Active: MinSizeShapesloss True 1 0.5 0.0035 0.015 
Active: MaxSizeShapesloss True 1 0.98 0.2 0.42 

2 x 10 fully FullySupervised
All domaug and other normal images domainLoss

Test Scores: [0.263, 0.347, 0.37, 0.398, 0.43, 0.442, 0.468, 0.46, 0.515, 0.504, 0.507, 0.511, 0.552, 0.532, 0.528, 0.5, 0.541, 0.542, 0.501, 0.55, 0.561, 0.558, 0.537, 0.539, 0.513, 0.542, 0.543, 0.516, 0.549, 0.526, 0.53, 0.569, 0.525, 0.553, 0.564, 0.546, 0.568, 0.556, 0.56, 0.519, 0.532, 0.517, 0.545, 0.52, 0.526, 0.524, 0.541, 0.541, 0.545, 0.508, 0.528, 0.521, 0.557, 0.546, 0.541, 0.533, 0.535, 0.536, 0.534, 0.556, 0.508, 0.542, 0.549, 0.485, 0.543, 0.533, 0.499, 0.547, 0.533, 0.552, 0.524, 0.48, 0.527, 0.523, 0.561, 0.554, 0.523, 0.58, 0.558, 0.53, 0.512, 0.498, 0.546, 0.516, 0.532, 0.523, 0.534, 0.557, 0.55, 0.534, 0.559, 0.502, 0.565, 0.513, 0.483, 0.547, 0.542, 0.558, 0.539, 0.558, 0.54, 0.531, 0.541, 0.538, 0.558, 0.528, 0.531, 0.538, 0.534, 0.549, 0.547, 0.548, 0.544, 0.51, 0.562, 0.514, 0.518, 0.554, 0.554, 0.535]
Test Scores w/o background: [0.135, 0.164, 0.173, 0.206, 0.24, 0.279, 0.301, 0.267, 0.355, 0.34, 0.329, 0.348, 0.403, 0.379, 0.359, 0.317, 0.377, 0.378, 0.326, 0.395, 0.41, 0.402, 0.38, 0.382, 0.335, 0.384, 0.385, 0.352, 0.392, 0.37, 0.367, 0.424, 0.356, 0.4, 0.409, 0.396, 0.422, 0.406, 0.409, 0.348, 0.361, 0.354, 0.386, 0.355, 0.365, 0.359, 0.385, 0.386, 0.397, 0.334, 0.372, 0.365, 0.408, 0.39, 0.383, 0.373, 0.37, 0.371, 0.374, 0.407, 0.332, 0.381, 0.393, 0.298, 0.381, 0.364, 0.325, 0.39, 0.376, 0.401, 0.353, 0.298, 0.366, 0.356, 0.412, 0.407, 0.351, 0.439, 0.402, 0.364, 0.337, 0.317, 0.391, 0.343, 0.365, 0.356, 0.367, 0.405, 0.397, 0.372, 0.411, 0.324, 0.416, 0.338, 0.304, 0.386, 0.381, 0.404, 0.374, 0.406, 0.381, 0.365, 0.381, 0.375, 0.404, 0.361, 0.363, 0.374, 0.368, 0.398, 0.388, 0.389, 0.387, 0.334, 0.413, 0.339, 0.348, 0.399, 0.4, 0.371]
Train Scores: [0.26, 0.351, 0.389, 0.418, 0.462, 0.48, 0.501, 0.492, 0.55, 0.524, 0.547, 0.52, 0.552, 0.548, 0.535, 0.526, 0.552, 0.56, 0.521, 0.575, 0.576, 0.569, 0.567, 0.552, 0.538, 0.559, 0.572, 0.521, 0.56, 0.55, 0.559, 0.588, 0.548, 0.574, 0.574, 0.557, 0.579, 0.561, 0.574, 0.542, 0.554, 0.534, 0.571, 0.521, 0.537, 0.551, 0.572, 0.555, 0.558, 0.53, 0.548, 0.536, 0.564, 0.548, 0.567, 0.556, 0.552, 0.559, 0.551, 0.576, 0.515, 0.559, 0.575, 0.527, 0.562, 0.518, 0.526, 0.562, 0.545, 0.563, 0.539, 0.493, 0.557, 0.527, 0.579, 0.573, 0.535, 0.593, 0.574, 0.525, 0.531, 0.531, 0.579, 0.546, 0.554, 0.545, 0.561, 0.578, 0.575, 0.555, 0.586, 0.533, 0.581, 0.546, 0.51, 0.568, 0.568, 0.584, 0.566, 0.58, 0.563, 0.554, 0.568, 0.567, 0.586, 0.551, 0.553, 0.552, 0.56, 0.568, 0.567, 0.563, 0.567, 0.534, 0.572, 0.545, 0.545, 0.577, 0.574, 0.557]
Train Scores w/o background: [0.129, 0.167, 0.191, 0.222, 0.279, 0.321, 0.337, 0.31, 0.395, 0.365, 0.38, 0.353, 0.399, 0.393, 0.368, 0.351, 0.394, 0.399, 0.35, 0.425, 0.428, 0.414, 0.415, 0.395, 0.369, 0.405, 0.418, 0.357, 0.4, 0.397, 0.401, 0.441, 0.382, 0.421, 0.421, 0.406, 0.432, 0.412, 0.425, 0.381, 0.39, 0.374, 0.415, 0.354, 0.377, 0.391, 0.421, 0.397, 0.405, 0.362, 0.39, 0.38, 0.414, 0.389, 0.411, 0.396, 0.387, 0.396, 0.394, 0.43, 0.344, 0.401, 0.425, 0.353, 0.404, 0.347, 0.355, 0.403, 0.388, 0.41, 0.372, 0.313, 0.4, 0.361, 0.43, 0.428, 0.367, 0.453, 0.422, 0.362, 0.362, 0.364, 0.431, 0.381, 0.396, 0.384, 0.4, 0.425, 0.424, 0.399, 0.44, 0.361, 0.435, 0.38, 0.335, 0.41, 0.413, 0.434, 0.405, 0.429, 0.407, 0.392, 0.413, 0.411, 0.438, 0.39, 0.393, 0.389, 0.4, 0.418, 0.412, 0.406, 0.412, 0.365, 0.426, 0.379, 0.381, 0.426, 0.422, 0.395]
Train Loss: [0.152, 0.072, 0.058, 0.051, 0.044, 0.041, 0.035, 0.033, 0.029, 0.028, 0.026, 0.025, 0.025, 0.024, 0.024, 0.023, 0.024, 0.024, 0.022, 0.022, 0.021, 0.02, 0.02, 0.021, 0.021, 0.021, 0.02, 0.021, 0.02, 0.02, 0.02, 0.019, 0.019, 0.019, 0.019, 0.019, 0.019, 0.019, 0.019, 0.019, 0.018, 0.018, 0.018, 0.019, 0.019, 0.019, 0.018, 0.018, 0.019, 0.019, 0.019, 0.018, 0.018, 0.019, 0.018, 0.018, 0.017, 0.018, 0.017, 0.017, 0.017, 0.017, 0.017, 0.017, 0.018, 0.017, 0.017, 0.017, 0.017, 0.018, 0.018, 0.017, 0.017, 0.017, 0.017, 0.017, 0.017, 0.017, 0.017, 0.017, 0.017, 0.016, 0.016, 0.016, 0.016, 0.016, 0.016, 0.016, 0.016, 0.016, 0.016, 0.016, 0.016, 0.016, 0.017, 0.016, 0.016, 0.016, 0.016, 0.016, 0.016, 0.016, 0.016, 0.016, 0.016, 0.016, 0.016, 0.016, 0.016, 0.016, 0.016, 0.016, 0.016, 0.016, 0.016, 0.016, 0.016, 0.016, 0.016, 0.016]
Max test score: 0.58 found at epoch: 78
Max test score shapes: 0.439 found at epoch: 78
