percentFullySupervised0.2
domainLossMultiplier0.001
Active: Adjacencyloss True True 30 0.0001 True False 
Active: Relationsloss True 2 True 0.1 False True False 
Active: OneHotloss True 20 
Active: MinSizeShapesloss True 1 0.5 0.0035 0.015 
Active: MaxSizeShapesloss True 1 0.98 0.2 0.42 

2 x 10 fully FullySupervised

Test Scores: [0.199, 0.323, 0.318, 0.362, 0.386, 0.416, 0.435, 0.443, 0.473, 0.444, 0.511, 0.479, 0.47, 0.513, 0.539, 0.542, 0.538, 0.512, 0.529, 0.532, 0.546, 0.523, 0.528, 0.544, 0.505, 0.486, 0.54, 0.526, 0.524, 0.49, 0.526, 0.534, 0.522, 0.508, 0.544, 0.522, 0.53, 0.547, 0.557, 0.54, 0.498, 0.558, 0.541, 0.521, 0.525, 0.532, 0.541, 0.543, 0.526, 0.509, 0.544, 0.535, 0.519, 0.495, 0.529, 0.519, 0.526, 0.548, 0.553, 0.55, 0.558, 0.56, 0.532, 0.514, 0.567, 0.541, 0.535, 0.571, 0.572, 0.561, 0.548, 0.55, 0.531, 0.556, 0.553, 0.542, 0.545, 0.541, 0.56, 0.528, 0.49, 0.518, 0.552, 0.542, 0.532, 0.562, 0.543, 0.562, 0.541, 0.542, 0.56, 0.539, 0.555, 0.55, 0.542, 0.539, 0.551, 0.539, 0.524, 0.551, 0.537, 0.535, 0.526, 0.533, 0.541, 0.538, 0.543, 0.517, 0.533, 0.522, 0.526, 0.542, 0.528, 0.524, 0.544, 0.515, 0.528, 0.539, 0.544, 0.551]
Test Scores w/o background: [0.13, 0.207, 0.202, 0.214, 0.238, 0.273, 0.271, 0.283, 0.328, 0.304, 0.352, 0.322, 0.312, 0.369, 0.388, 0.397, 0.395, 0.343, 0.368, 0.374, 0.404, 0.368, 0.39, 0.397, 0.331, 0.322, 0.392, 0.357, 0.369, 0.327, 0.379, 0.394, 0.351, 0.349, 0.388, 0.369, 0.38, 0.398, 0.404, 0.381, 0.318, 0.406, 0.382, 0.372, 0.365, 0.376, 0.399, 0.39, 0.368, 0.335, 0.394, 0.379, 0.363, 0.334, 0.375, 0.362, 0.366, 0.395, 0.401, 0.396, 0.403, 0.413, 0.397, 0.339, 0.424, 0.382, 0.376, 0.426, 0.433, 0.419, 0.391, 0.392, 0.368, 0.413, 0.408, 0.39, 0.397, 0.391, 0.421, 0.364, 0.311, 0.347, 0.403, 0.383, 0.368, 0.416, 0.388, 0.421, 0.399, 0.389, 0.422, 0.379, 0.418, 0.394, 0.384, 0.381, 0.398, 0.383, 0.366, 0.41, 0.378, 0.38, 0.372, 0.379, 0.394, 0.385, 0.399, 0.359, 0.376, 0.372, 0.364, 0.39, 0.376, 0.37, 0.395, 0.343, 0.366, 0.386, 0.4, 0.403]
Train Scores: [0.214, 0.352, 0.335, 0.369, 0.43, 0.456, 0.473, 0.464, 0.508, 0.471, 0.553, 0.494, 0.499, 0.549, 0.567, 0.557, 0.557, 0.528, 0.528, 0.552, 0.562, 0.531, 0.54, 0.561, 0.516, 0.5, 0.552, 0.544, 0.545, 0.495, 0.543, 0.553, 0.534, 0.525, 0.567, 0.542, 0.547, 0.549, 0.569, 0.563, 0.523, 0.572, 0.549, 0.521, 0.539, 0.542, 0.558, 0.564, 0.549, 0.518, 0.563, 0.553, 0.533, 0.51, 0.55, 0.543, 0.54, 0.57, 0.574, 0.569, 0.566, 0.567, 0.552, 0.538, 0.576, 0.538, 0.558, 0.575, 0.577, 0.566, 0.567, 0.554, 0.54, 0.571, 0.57, 0.563, 0.564, 0.564, 0.583, 0.556, 0.511, 0.549, 0.576, 0.559, 0.552, 0.582, 0.555, 0.571, 0.565, 0.557, 0.571, 0.554, 0.562, 0.563, 0.56, 0.562, 0.566, 0.56, 0.546, 0.565, 0.553, 0.556, 0.549, 0.558, 0.568, 0.557, 0.566, 0.541, 0.561, 0.535, 0.549, 0.559, 0.552, 0.548, 0.565, 0.545, 0.547, 0.56, 0.554, 0.56]
Train Scores w/o background: [0.137, 0.23, 0.218, 0.225, 0.282, 0.312, 0.313, 0.304, 0.365, 0.337, 0.404, 0.341, 0.343, 0.407, 0.416, 0.409, 0.413, 0.359, 0.365, 0.391, 0.414, 0.373, 0.4, 0.413, 0.342, 0.337, 0.401, 0.375, 0.388, 0.333, 0.392, 0.41, 0.364, 0.364, 0.412, 0.385, 0.397, 0.398, 0.412, 0.405, 0.346, 0.42, 0.39, 0.362, 0.378, 0.383, 0.409, 0.408, 0.389, 0.347, 0.409, 0.396, 0.377, 0.347, 0.392, 0.389, 0.379, 0.417, 0.423, 0.414, 0.41, 0.417, 0.413, 0.366, 0.428, 0.374, 0.398, 0.424, 0.434, 0.417, 0.409, 0.391, 0.372, 0.422, 0.42, 0.41, 0.415, 0.413, 0.437, 0.394, 0.334, 0.383, 0.424, 0.398, 0.393, 0.434, 0.398, 0.423, 0.416, 0.404, 0.43, 0.393, 0.422, 0.411, 0.403, 0.405, 0.413, 0.404, 0.386, 0.419, 0.396, 0.4, 0.395, 0.405, 0.424, 0.404, 0.424, 0.384, 0.408, 0.387, 0.392, 0.407, 0.402, 0.397, 0.419, 0.38, 0.385, 0.404, 0.404, 0.409]
Train Loss: [0.126, 0.077, 0.064, 0.056, 0.052, 0.048, 0.045, 0.042, 0.038, 0.036, 0.033, 0.032, 0.03, 0.028, 0.026, 0.025, 0.024, 0.023, 0.022, 0.022, 0.021, 0.02, 0.02, 0.02, 0.02, 0.02, 0.019, 0.019, 0.019, 0.019, 0.019, 0.019, 0.018, 0.019, 0.019, 0.018, 0.018, 0.018, 0.018, 0.018, 0.018, 0.018, 0.018, 0.017, 0.017, 0.017, 0.017, 0.017, 0.017, 0.017, 0.017, 0.017, 0.017, 0.017, 0.017, 0.017, 0.017, 0.017, 0.016, 0.016, 0.016, 0.016, 0.016, 0.016, 0.016, 0.016, 0.016, 0.016, 0.016, 0.016, 0.016, 0.016, 0.016, 0.016, 0.016, 0.016, 0.016, 0.016, 0.016, 0.016, 0.016, 0.016, 0.015, 0.015, 0.015, 0.015, 0.015, 0.015, 0.015, 0.015, 0.015, 0.015, 0.015, 0.015, 0.015, 0.015, 0.015, 0.015, 0.015, 0.015, 0.015, 0.015, 0.016, 0.015, 0.015, 0.015, 0.015, 0.015, 0.015, 0.015, 0.015, 0.015, 0.015, 0.015, 0.015, 0.015, 0.015, 0.015, 0.015, 0.015]
Max test score: 0.572 found at epoch: 69
Max test score shapes: 0.433 found at epoch: 69
