percentFullySupervised0.2
domainLossMultiplier0.001
Active: Adjacencyloss True True 30 0.0001 False False 
Active: Relationsloss True 2 True 0.1 False True False 
Active: OneHotloss True 20 
Active: MinSizeShapesloss True 1 0.5 0.0035 0.015 
Active: MaxSizeShapesloss True 1 0.98 0.2 0.42 

2 x 10 fully FullySupervised
small part of domAug images domainLoss

Test Scores: [0.222, 0.318, 0.339, 0.343, 0.384, 0.382, 0.378, 0.403, 0.364, 0.368, 0.411, 0.389, 0.414, 0.454, 0.444, 0.426, 0.452, 0.474, 0.447, 0.462, 0.469, 0.482, 0.462, 0.47, 0.444, 0.41, 0.467, 0.457, 0.474, 0.459, 0.46, 0.442, 0.465, 0.488, 0.506, 0.473, 0.474, 0.453, 0.475, 0.493, 0.501, 0.51, 0.512, 0.483, 0.504, 0.516, 0.496, 0.472, 0.479, 0.491, 0.469, 0.491, 0.505, 0.515, 0.502, 0.48, 0.491, 0.506, 0.502, 0.467, 0.464, 0.475, 0.48, 0.506, 0.496, 0.483, 0.497, 0.505, 0.492, 0.506, 0.51, 0.512, 0.505, 0.497, 0.507, 0.493, 0.503, 0.515, 0.532, 0.501, 0.49, 0.495, 0.471, 0.492, 0.485, 0.501, 0.501, 0.51, 0.489, 0.499, 0.516, 0.493, 0.507, 0.517, 0.497, 0.498, 0.512, 0.506, 0.502, 0.507, 0.494, 0.493, 0.499, 0.497, 0.493, 0.506, 0.511, 0.523, 0.51, 0.501, 0.505, 0.515, 0.494, 0.512, 0.512, 0.518, 0.523, 0.51, 0.51, 0.511]
Test Scores w/o background: [0.141, 0.2, 0.224, 0.235, 0.253, 0.255, 0.257, 0.251, 0.243, 0.251, 0.266, 0.251, 0.284, 0.302, 0.303, 0.283, 0.306, 0.321, 0.299, 0.303, 0.327, 0.339, 0.334, 0.327, 0.305, 0.28, 0.332, 0.314, 0.331, 0.332, 0.33, 0.313, 0.303, 0.338, 0.355, 0.332, 0.328, 0.317, 0.321, 0.332, 0.354, 0.366, 0.362, 0.325, 0.351, 0.373, 0.355, 0.329, 0.322, 0.328, 0.334, 0.344, 0.359, 0.378, 0.347, 0.324, 0.338, 0.34, 0.354, 0.317, 0.293, 0.319, 0.339, 0.343, 0.34, 0.328, 0.338, 0.355, 0.342, 0.351, 0.344, 0.356, 0.352, 0.339, 0.36, 0.34, 0.349, 0.366, 0.386, 0.341, 0.326, 0.334, 0.317, 0.327, 0.314, 0.338, 0.343, 0.361, 0.336, 0.338, 0.365, 0.317, 0.363, 0.355, 0.338, 0.347, 0.35, 0.348, 0.347, 0.358, 0.337, 0.329, 0.335, 0.335, 0.337, 0.347, 0.354, 0.367, 0.347, 0.351, 0.352, 0.364, 0.34, 0.357, 0.364, 0.356, 0.371, 0.36, 0.362, 0.36]
Train Scores: [0.237, 0.341, 0.362, 0.378, 0.409, 0.409, 0.411, 0.426, 0.394, 0.395, 0.435, 0.42, 0.44, 0.488, 0.471, 0.457, 0.484, 0.51, 0.479, 0.483, 0.48, 0.495, 0.468, 0.489, 0.469, 0.435, 0.49, 0.481, 0.501, 0.48, 0.481, 0.46, 0.502, 0.519, 0.531, 0.506, 0.502, 0.483, 0.523, 0.538, 0.529, 0.534, 0.542, 0.527, 0.544, 0.531, 0.519, 0.512, 0.532, 0.52, 0.497, 0.511, 0.526, 0.54, 0.542, 0.503, 0.51, 0.534, 0.537, 0.522, 0.502, 0.525, 0.525, 0.535, 0.533, 0.51, 0.528, 0.527, 0.525, 0.534, 0.542, 0.543, 0.531, 0.537, 0.546, 0.533, 0.541, 0.543, 0.561, 0.55, 0.536, 0.535, 0.522, 0.546, 0.529, 0.541, 0.538, 0.547, 0.533, 0.548, 0.559, 0.529, 0.544, 0.559, 0.547, 0.537, 0.545, 0.544, 0.55, 0.548, 0.539, 0.539, 0.53, 0.536, 0.537, 0.542, 0.551, 0.549, 0.548, 0.538, 0.541, 0.547, 0.535, 0.551, 0.548, 0.548, 0.545, 0.545, 0.544, 0.55]
Train Scores w/o background: [0.155, 0.22, 0.246, 0.272, 0.272, 0.278, 0.284, 0.277, 0.266, 0.269, 0.289, 0.282, 0.306, 0.339, 0.33, 0.316, 0.341, 0.361, 0.332, 0.329, 0.336, 0.353, 0.338, 0.346, 0.328, 0.3, 0.357, 0.342, 0.36, 0.353, 0.352, 0.332, 0.347, 0.377, 0.387, 0.37, 0.364, 0.348, 0.375, 0.385, 0.386, 0.39, 0.397, 0.373, 0.395, 0.389, 0.38, 0.374, 0.378, 0.362, 0.366, 0.37, 0.387, 0.403, 0.388, 0.35, 0.361, 0.379, 0.396, 0.375, 0.337, 0.37, 0.38, 0.377, 0.383, 0.362, 0.372, 0.377, 0.373, 0.382, 0.384, 0.393, 0.384, 0.386, 0.405, 0.386, 0.398, 0.403, 0.422, 0.402, 0.382, 0.383, 0.376, 0.392, 0.37, 0.385, 0.39, 0.404, 0.389, 0.402, 0.418, 0.361, 0.41, 0.411, 0.4, 0.392, 0.393, 0.396, 0.407, 0.406, 0.395, 0.383, 0.374, 0.382, 0.389, 0.388, 0.404, 0.395, 0.391, 0.395, 0.396, 0.401, 0.387, 0.404, 0.406, 0.394, 0.391, 0.396, 0.394, 0.4]
Train Loss: [0.094, 0.078, 0.066, 0.061, 0.057, 0.054, 0.051, 0.049, 0.046, 0.045, 0.043, 0.042, 0.041, 0.04, 0.038, 0.037, 0.036, 0.035, 0.034, 0.033, 0.032, 0.031, 0.03, 0.029, 0.028, 0.028, 0.027, 0.026, 0.026, 0.025, 0.025, 0.024, 0.023, 0.023, 0.022, 0.022, 0.021, 0.021, 0.02, 0.02, 0.019, 0.019, 0.019, 0.018, 0.018, 0.018, 0.018, 0.018, 0.017, 0.017, 0.017, 0.017, 0.017, 0.017, 0.017, 0.017, 0.017, 0.017, 0.017, 0.016, 0.016, 0.016, 0.016, 0.016, 0.016, 0.016, 0.016, 0.016, 0.016, 0.016, 0.016, 0.016, 0.016, 0.016, 0.016, 0.016, 0.016, 0.016, 0.016, 0.015, 0.016, 0.016, 0.015, 0.015, 0.015, 0.015, 0.015, 0.015, 0.015, 0.015, 0.015, 0.015, 0.015, 0.015, 0.015, 0.015, 0.015, 0.015, 0.015, 0.015, 0.015, 0.015, 0.015, 0.015, 0.015, 0.015, 0.015, 0.015, 0.015, 0.015, 0.015, 0.015, 0.015, 0.015, 0.015, 0.015, 0.015, 0.015, 0.015, 0.015]
Max test score: 0.532 found at epoch: 79
Max test score shapes: 0.386 found at epoch: 79
