Active: Relationsloss True 2 False 0.1 

Test Scores: [0.061, 0.076, 0.088, 0.101, 0.096, 0.1, 0.098, 0.095, 0.09, 0.092, 0.09, 0.091, 0.087, 0.089, 0.093, 0.084, 0.084, 0.078, 0.072, 0.068, 0.07, 0.065, 0.059, 0.06, 0.056, 0.055, 0.05, 0.056, 0.057, 0.057, 0.054, 0.066, 0.062, 0.074, 0.108, 0.1, 0.118, 0.134, 0.161, 0.165, 0.166, 0.17, 0.171, 0.201, 0.168, 0.177, 0.202, 0.2, 0.199, 0.226, 0.18, 0.16, 0.148, 0.161, 0.185, 0.212, 0.204, 0.188, 0.206, 0.222, 0.203, 0.18, 0.201, 0.224, 0.187, 0.145, 0.155, 0.163, 0.221, 0.206, 0.211, 0.2, 0.171, 0.167, 0.185, 0.18, 0.167, 0.168, 0.169, 0.155, 0.184, 0.188, 0.168, 0.137, 0.145, 0.196, 0.179, 0.18, 0.183, 0.162, 0.186, 0.194, 0.195, 0.221, 0.205, 0.199, 0.192, 0.2, 0.199, 0.193, 0.177, 0.186, 0.185, 0.2, 0.194, 0.177, 0.177, 0.2, 0.209, 0.2, 0.203, 0.186, 0.187, 0.187, 0.179, 0.175, 0.173, 0.191, 0.206, 0.2, 0.175, 0.175, 0.196, 0.211, 0.199, 0.203, 0.201, 0.21, 0.198, 0.181, 0.169, 0.169, 0.174, 0.17, 0.182, 0.187, 0.188, 0.207, 0.191, 0.198, 0.201, 0.202, 0.205, 0.208, 0.205, 0.211, 0.187, 0.202, 0.21, 0.215, 0.21, 0.204, 0.214, 0.221, 0.218, 0.224, 0.218, 0.207, 0.212, 0.217, 0.205, 0.193, 0.187, 0.193, 0.204, 0.208, 0.211, 0.216, 0.218, 0.213, 0.215, 0.215, 0.218, 0.214, 0.218, 0.198, 0.198, 0.207, 0.211, 0.214, 0.221, 0.215, 0.216, 0.218, 0.227, 0.217, 0.231, 0.227, 0.216, 0.221, 0.211, 0.217, 0.22, 0.199, 0.192, 0.198, 0.211, 0.213, 0.223, 0.23]
Test Scores w/o background: [0.038, 0.051, 0.055, 0.061, 0.049, 0.046, 0.04, 0.038, 0.027, 0.03, 0.028, 0.028, 0.027, 0.028, 0.03, 0.025, 0.029, 0.024, 0.023, 0.026, 0.024, 0.025, 0.022, 0.026, 0.023, 0.024, 0.019, 0.025, 0.023, 0.021, 0.022, 0.037, 0.03, 0.029, 0.036, 0.024, 0.027, 0.023, 0.032, 0.038, 0.033, 0.039, 0.041, 0.046, 0.041, 0.046, 0.041, 0.049, 0.046, 0.054, 0.039, 0.029, 0.02, 0.019, 0.042, 0.052, 0.046, 0.03, 0.05, 0.062, 0.042, 0.037, 0.047, 0.064, 0.037, 0.026, 0.027, 0.042, 0.07, 0.049, 0.053, 0.046, 0.027, 0.026, 0.031, 0.028, 0.027, 0.032, 0.025, 0.018, 0.024, 0.027, 0.019, 0.011, 0.016, 0.033, 0.033, 0.036, 0.04, 0.032, 0.044, 0.041, 0.05, 0.061, 0.054, 0.051, 0.047, 0.05, 0.047, 0.036, 0.03, 0.031, 0.031, 0.036, 0.033, 0.029, 0.025, 0.042, 0.039, 0.028, 0.039, 0.033, 0.049, 0.059, 0.047, 0.046, 0.031, 0.033, 0.036, 0.037, 0.019, 0.021, 0.042, 0.057, 0.039, 0.041, 0.049, 0.052, 0.035, 0.027, 0.02, 0.023, 0.031, 0.025, 0.026, 0.03, 0.03, 0.038, 0.025, 0.029, 0.033, 0.032, 0.031, 0.042, 0.033, 0.037, 0.03, 0.035, 0.041, 0.044, 0.035, 0.032, 0.042, 0.043, 0.045, 0.052, 0.045, 0.039, 0.04, 0.049, 0.031, 0.023, 0.02, 0.023, 0.031, 0.033, 0.036, 0.045, 0.038, 0.035, 0.033, 0.044, 0.048, 0.05, 0.044, 0.027, 0.024, 0.03, 0.035, 0.039, 0.04, 0.035, 0.037, 0.041, 0.049, 0.041, 0.051, 0.048, 0.027, 0.031, 0.026, 0.031, 0.037, 0.027, 0.018, 0.019, 0.03, 0.034, 0.04, 0.047]
Train Scores: [0.051, 0.064, 0.079, 0.097, 0.095, 0.099, 0.099, 0.097, 0.094, 0.097, 0.093, 0.095, 0.092, 0.093, 0.094, 0.087, 0.088, 0.082, 0.076, 0.069, 0.072, 0.065, 0.06, 0.059, 0.055, 0.054, 0.051, 0.053, 0.058, 0.057, 0.056, 0.058, 0.059, 0.072, 0.102, 0.098, 0.117, 0.141, 0.168, 0.169, 0.168, 0.169, 0.167, 0.196, 0.165, 0.175, 0.203, 0.19, 0.193, 0.222, 0.174, 0.163, 0.148, 0.162, 0.183, 0.207, 0.197, 0.195, 0.201, 0.211, 0.198, 0.174, 0.194, 0.207, 0.177, 0.133, 0.148, 0.155, 0.209, 0.202, 0.203, 0.195, 0.178, 0.173, 0.183, 0.179, 0.167, 0.166, 0.175, 0.162, 0.188, 0.191, 0.171, 0.141, 0.146, 0.193, 0.179, 0.182, 0.185, 0.167, 0.189, 0.196, 0.194, 0.217, 0.203, 0.198, 0.192, 0.195, 0.2, 0.194, 0.184, 0.182, 0.186, 0.195, 0.195, 0.174, 0.177, 0.201, 0.21, 0.205, 0.21, 0.184, 0.188, 0.185, 0.181, 0.178, 0.173, 0.192, 0.206, 0.199, 0.179, 0.176, 0.193, 0.207, 0.2, 0.2, 0.194, 0.207, 0.2, 0.188, 0.172, 0.17, 0.17, 0.168, 0.181, 0.187, 0.187, 0.206, 0.191, 0.199, 0.202, 0.206, 0.205, 0.207, 0.207, 0.21, 0.192, 0.207, 0.213, 0.215, 0.214, 0.209, 0.218, 0.223, 0.217, 0.225, 0.218, 0.206, 0.209, 0.211, 0.207, 0.197, 0.189, 0.198, 0.206, 0.208, 0.211, 0.211, 0.214, 0.212, 0.22, 0.216, 0.217, 0.213, 0.218, 0.204, 0.205, 0.214, 0.218, 0.216, 0.221, 0.217, 0.219, 0.219, 0.233, 0.221, 0.232, 0.236, 0.225, 0.23, 0.221, 0.225, 0.228, 0.205, 0.196, 0.201, 0.215, 0.217, 0.227, 0.234]
Train Scores w/o background: [0.025, 0.036, 0.044, 0.057, 0.047, 0.046, 0.043, 0.041, 0.034, 0.038, 0.034, 0.035, 0.035, 0.035, 0.034, 0.031, 0.035, 0.033, 0.03, 0.029, 0.027, 0.026, 0.024, 0.026, 0.024, 0.023, 0.021, 0.022, 0.023, 0.022, 0.024, 0.027, 0.025, 0.029, 0.031, 0.024, 0.027, 0.028, 0.035, 0.037, 0.035, 0.038, 0.038, 0.042, 0.036, 0.042, 0.043, 0.041, 0.039, 0.049, 0.03, 0.031, 0.022, 0.02, 0.036, 0.047, 0.036, 0.035, 0.044, 0.049, 0.036, 0.027, 0.038, 0.044, 0.029, 0.017, 0.02, 0.031, 0.05, 0.043, 0.04, 0.039, 0.031, 0.031, 0.03, 0.028, 0.025, 0.026, 0.029, 0.022, 0.025, 0.029, 0.021, 0.013, 0.018, 0.031, 0.031, 0.033, 0.037, 0.035, 0.043, 0.044, 0.05, 0.056, 0.049, 0.047, 0.045, 0.042, 0.046, 0.037, 0.037, 0.029, 0.03, 0.03, 0.033, 0.025, 0.024, 0.041, 0.038, 0.033, 0.044, 0.034, 0.049, 0.056, 0.047, 0.048, 0.029, 0.032, 0.035, 0.034, 0.02, 0.021, 0.034, 0.051, 0.039, 0.036, 0.037, 0.046, 0.034, 0.032, 0.024, 0.025, 0.027, 0.024, 0.027, 0.03, 0.03, 0.038, 0.027, 0.031, 0.034, 0.037, 0.032, 0.041, 0.039, 0.037, 0.036, 0.04, 0.044, 0.043, 0.038, 0.036, 0.046, 0.046, 0.043, 0.052, 0.046, 0.041, 0.037, 0.043, 0.035, 0.029, 0.024, 0.031, 0.034, 0.035, 0.035, 0.039, 0.034, 0.035, 0.042, 0.046, 0.046, 0.05, 0.045, 0.034, 0.033, 0.039, 0.043, 0.042, 0.042, 0.038, 0.043, 0.044, 0.057, 0.048, 0.054, 0.061, 0.041, 0.044, 0.039, 0.042, 0.048, 0.031, 0.02, 0.022, 0.034, 0.039, 0.045, 0.053]
Train Loss: [27.395, 11.764, 9.479, 8.836, 7.917, 7.746, 7.63, 7.588, 7.355, 7.362, 7.219, 6.923, 6.783, 6.798, 6.381, 5.847, 5.993, 5.643, 5.757, 5.435, 5.455, 4.231, 4.268, 4.749, 4.412, 4.223, 5.174, 6.297, 4.99, 5.739, 6.294, 4.01, 3.389, 3.086, 3.221, 2.982, 2.203, 1.894, 2.227, 2.165, 2.317, 1.938, 2.196, 2.154, 1.964, 2.566, 1.439, 0.89, 1.497, 1.524, 0.742, 1.143, 0.841, 1.82, 1.235, 2.062, 1.354, 2.185, 1.116, 0.683, 0.465, 0.637, 0.746, 0.784, 0.96, 0.757, 0.73, 0.607, 1.023, 0.362, 0.606, 1.07, 0.902, 0.562, 0.615, 0.373, 0.391, 0.3, 0.296, 0.22, 0.609, 0.793, 0.681, 0.829, 1.274, 0.178, 0.524, 1.047, 0.561, 0.125, 0.349, 0.246, 0.172, 0.212, 0.176, 0.129, 0.486, 0.419, 0.442, 0.241, 0.707, 0.217, 0.259, 0.039, 0.485, 0.285, 0.694, 0.054, 0.303, 0.062, 0.406, 0.211, 0.585, 0.21, 0.092, 0.127, 0.233, 0.145, 0.186, 0.13, 0.28, 0.251, 0.924, 0.96, 0.664, 0.174, 0.336, 0.456, 0.259, 0.187, 0.612, 0.499, 0.028, 0.034, 0.124, 0.406, 0.445, 0.42, 0.342, 0.206, 0.165, 0.27, 0.001, 0.069, 0.323, 0.346, 0.271, 0.224, 0.058, 0.177, 0.545, 0.026, 0.414, 0.182, 0.249, 0.345, 0.21, 0.349, inf, 0.653, 0.266, 0.236, 0.522, 0.029, 0.112, 0.041, 0.176, 0.029, 0.053, 0.319, 0.079, 0.147, 0.111, inf, 0.029, 0.519, 0.266, 0.024, 0.128, inf, inf, 0.083, 0.153, 0.018, 0.262, 0.136, 0.058, 0.152, 0.129, 0.046, 0.018, 0.142, inf, 0.083, 0.143, 0.009, 0.187, 0.092, 0.084, 0.03]
Test Loss: [26.412, 11.156, 9.671, 8.363, 7.561, 7.363, 7.363, 7.408, 7.26, 7.742, 8.007, 7.88, 8.596, 10.186, 10.678, 11.1, 11.724, 13.566, 16.303, 16.996, 18.752, 20.893, 20.864, 29.302, 30.32, 33.205, 42.86, 44.223, 37.216, 41.775, 45.429, 47.178, 49.365, 61.15, 52.278, 55.19, 51.494, 53.398, 49.651, 57.066, 58.735, 55.33, 48.568, 51.528, 48.958, 55.731, 50.064, 53.56, 57.758, 55.771, 41.241, 49.094, 41.719, 54.287, 52.355, 50.053, 51.491, 47.26, 41.446, 42.944, 54.032, 41.902, 43.717, 47.226, 54.545, 43.558, 45.98, 53.906, 45.402, 32.087, 43.311, 48.055, 49.643, 39.124, 37.618, 35.257, 42.381, 46.831, 43.859, 46.733, 40.584, 34.803, 40.481, 46.957, 49.074, 38.93, 43.678, 49.631, 33.116, 49.265, 46.72, 45.694, 46.106, 38.16, 41.011, 37.711, 35.442, 46.988, 44.268, 40.99, 46.591, 48.333, 50.197, 43.683, 48.71, 45.519, 39.527, 32.381, 33.12, 46.036, 38.648, 39.265, 34.231, 39.902, 45.992, 38.912, 32.898, 39.805, 39.091, 34.899, 45.287, 42.698, 42.074, 37.743, 38.387, 47.03, 42.232, 36.969, 44.316, 53.854, 51.319, 45.814, 38.316, 47.748, inf, inf, inf, inf, 30.427, inf, inf, inf, inf, inf, inf, inf, inf, 46.58, inf, inf, inf, inf, inf, inf, inf, inf, inf, inf, inf, inf, inf, inf, inf, inf, inf, inf, inf, inf, inf, inf, inf, inf, inf, inf, inf, inf, inf, inf, inf, inf, inf, inf, inf, inf, inf, inf, inf, inf, inf, inf, inf, inf, inf, inf, inf, inf, inf, inf, inf, inf]
Max test score: 0.231 found at epoch: 187
Max test score shapes: 0.07 found at epoch: 69
