Active: ImageLevelloss True True False 2 
Active: Relationsloss True 2 True 0.1 
Active: OneHotloss True 20 

Test Scores: [0.121, 0.241, 0.28, 0.293, 0.303, 0.289, 0.267, 0.252, 0.245, 0.245, 0.239, 0.24, 0.236, 0.237, 0.236, 0.235, 0.235, 0.237, 0.239, 0.247, 0.243, 0.242, 0.244, 0.236, 0.242, 0.249, 0.246, 0.256, 0.291, 0.286, 0.281, 0.301, 0.31, 0.311, 0.314, 0.34, 0.361, 0.363, 0.354, 0.365, 0.404, 0.441, 0.448, 0.451, 0.451, 0.503, 0.518, 0.599, 0.542, 0.568, 0.626, 0.636, 0.66, 0.581, 0.61, 0.632, 0.674, 0.68, 0.69, 0.69, 0.667, 0.668, 0.664, 0.672, 0.712, 0.719, 0.694, 0.687, 0.721, 0.708, 0.713, 0.727, 0.683, 0.714, 0.724, 0.711, 0.709, 0.681, 0.704, 0.713, 0.721, 0.755, 0.736, 0.706, 0.741, 0.719, 0.738, 0.744, 0.735, 0.731, 0.747, 0.708, 0.701, 0.754, 0.732, 0.73, 0.714, 0.747, 0.737, 0.757, 0.752, 0.74, 0.728, 0.766, 0.732, 0.73, 0.744, 0.748, 0.751, 0.732, 0.748, 0.753, 0.748, 0.731, 0.731, 0.751, 0.744, 0.759, 0.747, 0.755, 0.72, 0.752, 0.756, 0.764, 0.734, 0.745, 0.766, 0.742, 0.706, 0.732, 0.762, 0.732, 0.738, 0.759, 0.772, 0.748, 0.766, 0.746, 0.731, 0.727, 0.773, 0.748, 0.749, 0.767, 0.75, 0.761, 0.734, 0.759, 0.733, 0.749, 0.769, 0.758, 0.757, 0.734, 0.71, 0.762, 0.756, 0.769, 0.77, 0.746]
Test Scores w/o background: [0.034, 0.053, 0.073, 0.08, 0.095, 0.075, 0.047, 0.027, 0.016, 0.017, 0.009, 0.011, 0.005, 0.007, 0.006, 0.004, 0.004, 0.006, 0.01, 0.019, 0.015, 0.013, 0.014, 0.005, 0.012, 0.021, 0.018, 0.03, 0.074, 0.067, 0.062, 0.086, 0.098, 0.099, 0.104, 0.135, 0.161, 0.164, 0.152, 0.166, 0.216, 0.264, 0.272, 0.277, 0.277, 0.345, 0.364, 0.472, 0.396, 0.43, 0.506, 0.519, 0.552, 0.446, 0.485, 0.514, 0.57, 0.577, 0.591, 0.59, 0.559, 0.562, 0.556, 0.566, 0.619, 0.629, 0.596, 0.587, 0.631, 0.614, 0.621, 0.639, 0.581, 0.623, 0.635, 0.618, 0.616, 0.579, 0.609, 0.621, 0.632, 0.677, 0.652, 0.612, 0.658, 0.629, 0.654, 0.662, 0.651, 0.645, 0.667, 0.614, 0.605, 0.675, 0.646, 0.644, 0.622, 0.666, 0.653, 0.679, 0.673, 0.657, 0.641, 0.692, 0.647, 0.643, 0.663, 0.667, 0.671, 0.646, 0.668, 0.674, 0.668, 0.645, 0.645, 0.672, 0.663, 0.683, 0.666, 0.677, 0.63, 0.672, 0.678, 0.689, 0.65, 0.664, 0.692, 0.659, 0.612, 0.647, 0.686, 0.646, 0.654, 0.682, 0.7, 0.668, 0.691, 0.665, 0.646, 0.639, 0.7, 0.668, 0.668, 0.694, 0.671, 0.686, 0.649, 0.682, 0.648, 0.67, 0.695, 0.68, 0.68, 0.649, 0.616, 0.686, 0.678, 0.696, 0.697, 0.665]
Train Scores: [0.12, 0.25, 0.288, 0.302, 0.305, 0.289, 0.267, 0.254, 0.248, 0.246, 0.24, 0.241, 0.238, 0.239, 0.238, 0.236, 0.237, 0.239, 0.241, 0.249, 0.24, 0.243, 0.248, 0.243, 0.247, 0.249, 0.253, 0.263, 0.285, 0.287, 0.28, 0.293, 0.305, 0.306, 0.305, 0.338, 0.354, 0.351, 0.36, 0.376, 0.393, 0.475, 0.499, 0.495, 0.518, 0.547, 0.583, 0.621, 0.62, 0.64, 0.673, 0.667, 0.704, 0.676, 0.683, 0.702, 0.732, 0.717, 0.742, 0.752, 0.76, 0.744, 0.73, 0.739, 0.764, 0.776, 0.767, 0.727, 0.778, 0.775, 0.754, 0.778, 0.761, 0.765, 0.766, 0.785, 0.774, 0.772, 0.764, 0.77, 0.76, 0.8, 0.789, 0.782, 0.788, 0.774, 0.784, 0.784, 0.797, 0.78, 0.781, 0.765, 0.766, 0.793, 0.796, 0.782, 0.779, 0.8, 0.793, 0.811, 0.803, 0.776, 0.781, 0.808, 0.787, 0.766, 0.784, 0.795, 0.794, 0.788, 0.801, 0.792, 0.806, 0.802, 0.797, 0.803, 0.802, 0.8, 0.8, 0.801, 0.758, 0.78, 0.808, 0.802, 0.789, 0.805, 0.805, 0.803, 0.751, 0.79, 0.798, 0.785, 0.783, 0.797, 0.816, 0.807, 0.808, 0.796, 0.797, 0.768, 0.812, 0.79, 0.805, 0.8, 0.79, 0.794, 0.805, 0.805, 0.801, 0.804, 0.815, 0.814, 0.798, 0.774, 0.796, 0.807, 0.817, 0.813, 0.815, 0.79]
Train Scores w/o background: [0.029, 0.062, 0.082, 0.091, 0.097, 0.074, 0.047, 0.028, 0.019, 0.018, 0.01, 0.011, 0.006, 0.008, 0.007, 0.004, 0.005, 0.008, 0.01, 0.02, 0.011, 0.013, 0.019, 0.013, 0.018, 0.021, 0.026, 0.038, 0.065, 0.067, 0.06, 0.075, 0.091, 0.091, 0.091, 0.133, 0.153, 0.148, 0.161, 0.182, 0.203, 0.309, 0.34, 0.337, 0.367, 0.405, 0.451, 0.501, 0.5, 0.526, 0.569, 0.561, 0.609, 0.572, 0.582, 0.608, 0.647, 0.626, 0.66, 0.673, 0.683, 0.663, 0.644, 0.656, 0.689, 0.705, 0.692, 0.64, 0.708, 0.703, 0.676, 0.707, 0.684, 0.69, 0.692, 0.717, 0.702, 0.7, 0.688, 0.697, 0.683, 0.737, 0.722, 0.712, 0.72, 0.703, 0.715, 0.716, 0.732, 0.711, 0.711, 0.69, 0.691, 0.728, 0.732, 0.713, 0.709, 0.736, 0.727, 0.752, 0.741, 0.705, 0.711, 0.747, 0.72, 0.691, 0.715, 0.73, 0.729, 0.721, 0.739, 0.726, 0.744, 0.74, 0.733, 0.741, 0.739, 0.737, 0.737, 0.738, 0.681, 0.71, 0.747, 0.74, 0.722, 0.744, 0.743, 0.74, 0.671, 0.723, 0.734, 0.717, 0.713, 0.732, 0.758, 0.746, 0.747, 0.731, 0.732, 0.695, 0.753, 0.724, 0.744, 0.737, 0.723, 0.729, 0.744, 0.743, 0.739, 0.742, 0.757, 0.755, 0.734, 0.702, 0.731, 0.746, 0.759, 0.754, 0.757, 0.724]
Train Loss: [221.145, 180.276, 156.632, 141.644, 129.444, 117.267, 105.556, 94.09, 82.941, 71.765, 60.872, 50.562, 41.716, 34.64, 28.843, 24.619, 21.93, 20.432, 19.465, 18.703, 17.898, 17.219, 16.693, 16.363, 16.19, 15.893, 15.725, 15.409, 15.042, 14.968, 14.634, 14.383, 14.272, 13.717, 12.787, 12.513, 12.17, 10.783, 9.967, 9.287, 9.574, 7.769, 6.876, 5.61, 4.674, 4.278, 3.8, 2.943, 2.93, 2.09, 1.84, 1.776, 1.671, 1.375, 1.247, 0.948, 0.849, 0.702, 0.689, 0.744, 0.568, 0.636, 0.56, 0.57, 0.431, 0.384, 0.371, 0.364, 0.449, 0.365, 0.397, 0.35, 0.356, 0.328, 0.34, 0.361, 0.485, 0.294, 0.29, 0.239, 0.225, 0.234, 0.208, 0.219, 0.206, 0.177, 0.199, 0.184, 0.191, 0.21, 0.192, 0.376, 0.215, 0.203, 0.219, 0.185, 0.178, 0.154, 0.165, 0.135, 0.132, 0.128, 0.162, 0.166, 0.189, 0.155, 0.205, 0.162, 0.155, 0.172, 0.151, 0.171, 0.139, 0.11, 0.112, 0.109, 0.11, 0.117, 0.105, 0.109, 0.136, 0.117, 0.114, 0.108, 0.145, 0.106, 0.109, 0.115, 0.108, 0.11, 0.104, 0.115, 0.146, 0.431, 0.138, 0.097, 0.113, 0.168, 0.116, 0.169, 0.118, 0.105, 0.1, 0.098, 0.096, 0.099, 0.412, 0.107, 0.079, 0.076, 0.081, 0.084, 0.084, 0.088, 0.121, 0.086, 0.084, 0.077, 0.086, 0.071]
Test Loss: [218.128, 176.615, 153.492, 140.719, 127.23, 115.213, 103.688, 92.41, 81.33, 70.509, 59.788, 49.875, 41.438, 34.757, 29.317, 25.096, 22.633, 21.327, 20.402, 19.691, 18.928, 18.15, 17.516, 16.874, 16.766, 16.294, 16.603, 15.945, 15.941, 15.351, 15.988, 15.286, 15.362, 15.021, 15.092, 14.105, 13.925, 12.922, 13.458, 11.918, 13.948, 10.599, 12.452, 10.173, 9.979, 9.208, 8.934, 8.582, 9.162, 6.536, 6.007, 5.264, 7.342, 9.136, 5.95, 6.293, 5.926, 5.499, 3.641, 3.456, 4.021, 3.984, 3.477, 5.357, 4.157, 2.75, 4.01, 4.129, 4.918, 3.744, 2.989, 4.16, 4.444, 3.506, 3.331, 4.236, 5.486, 6.177, 3.502, 6.005, 4.861, 4.3, 4.017, 4.49, 7.854, 2.958, 3.848, 3.207, 3.199, 4.153, 2.741, 3.59, 3.393, 4.439, 5.809, 2.738, 3.891, 5.168, 4.995, 2.766, 1.477, 1.674, 5.346, 3.592, 4.747, 2.658, 2.809, 3.217, 2.527, 2.833, 2.073, 2.509, 4.063, 3.466, 2.766, 4.32, 3.622, 2.064, 3.072, 2.706, 1.841, 3.323, 3.786, 3.697, 2.606, 2.103, 3.379, 2.706, 3.645, 3.318, 2.692, 3.049, 3.107, 4.656, 3.912, 2.963, 4.701, 4.389, 2.053, 2.791, 2.272, 1.533, 3.908, 2.919, 1.104, 2.212, 3.149, 3.067, 3.782, 2.51, 3.027, 2.225, 1.541, 1.189, 4.061, 6.549, 3.32, 1.924, 2.714, 2.275]
Max test score: 0.773 found at epoch: 141
Max test score shapes: 0.7 found at epoch: 141
