Active: Relationsloss True 2 True 0.1 
Active: MinSizeShapesloss True 30 

Test Scores: [0.066, 0.082, 0.163, 0.225, 0.242, 0.223, 0.206, 0.206, 0.205, 0.203, 0.2, 0.192, 0.191, 0.188, 0.188, 0.193, 0.194, 0.2, 0.202, 0.191, 0.2, 0.202, 0.203, 0.205, 0.204, 0.205, 0.208, 0.208, 0.211, 0.209, 0.2, 0.206, 0.209, 0.203, 0.215, 0.205, 0.208, 0.21, 0.212, 0.206, 0.204, 0.2, 0.205, 0.203, 0.211, 0.207, 0.205, 0.204, 0.2, 0.209, 0.202, 0.207, 0.206, 0.205, 0.203, 0.196, 0.206, 0.211, 0.205, 0.216, 0.216, 0.204, 0.206, 0.21, 0.208, 0.214, 0.213, 0.211, 0.205, 0.208, 0.224, 0.216, 0.212, 0.217, 0.22, 0.22, 0.205, 0.214, 0.211, 0.211, 0.222, 0.22, 0.214, 0.232, 0.23, 0.228, 0.229, 0.229, 0.232, 0.243, 0.229, 0.232, 0.228, 0.223, 0.218, 0.222, 0.228, 0.22, 0.223, 0.22, 0.22, 0.221, 0.223, 0.229, 0.226, 0.228, 0.222, 0.226, 0.226, 0.224, 0.227, 0.223, 0.226, 0.225, 0.224, 0.226, 0.227, 0.229, 0.239, 0.231, 0.226, 0.225, 0.226, 0.228, 0.231, 0.228, 0.226, 0.226, 0.227, 0.23, 0.231, 0.231, 0.229, 0.227, 0.23, 0.232, 0.231, 0.229, 0.232, 0.231, 0.229, 0.232, 0.231, 0.233, 0.229, 0.236, 0.228, 0.226, 0.23, 0.235, 0.24, 0.244, 0.237, 0.231, 0.235, 0.237, 0.23, 0.23, 0.235, 0.23]
Test Scores w/o background: [0.045, 0.041, 0.062, 0.079, 0.054, 0.025, 0.002, 0.002, 0.003, 0.003, 0.004, 0.005, 0.006, 0.006, 0.006, 0.008, 0.008, 0.009, 0.01, 0.008, 0.009, 0.01, 0.01, 0.01, 0.009, 0.011, 0.01, 0.009, 0.01, 0.009, 0.008, 0.008, 0.011, 0.009, 0.011, 0.01, 0.011, 0.012, 0.01, 0.013, 0.011, 0.011, 0.013, 0.012, 0.009, 0.014, 0.013, 0.01, 0.01, 0.012, 0.012, 0.014, 0.014, 0.012, 0.013, 0.01, 0.015, 0.012, 0.009, 0.02, 0.015, 0.013, 0.018, 0.016, 0.013, 0.011, 0.02, 0.014, 0.014, 0.019, 0.011, 0.016, 0.02, 0.017, 0.015, 0.019, 0.02, 0.02, 0.014, 0.015, 0.015, 0.009, 0.019, 0.022, 0.027, 0.025, 0.032, 0.029, 0.024, 0.033, 0.025, 0.022, 0.021, 0.023, 0.013, 0.015, 0.011, 0.006, 0.002, 0.005, 0.005, 0.007, 0.006, 0.013, 0.005, 0.01, 0.007, 0.008, 0.008, 0.006, 0.007, 0.005, 0.01, 0.003, 0.005, 0.009, 0.011, 0.016, 0.023, 0.01, 0.008, 0.007, 0.006, 0.008, 0.012, 0.01, 0.009, 0.006, 0.01, 0.012, 0.012, 0.012, 0.011, 0.008, 0.01, 0.012, 0.013, 0.007, 0.013, 0.011, 0.008, 0.013, 0.009, 0.015, 0.005, 0.018, 0.008, 0.007, 0.01, 0.018, 0.022, 0.028, 0.019, 0.007, 0.016, 0.018, 0.012, 0.013, 0.015, 0.009]
Train Scores: [0.053, 0.08, 0.158, 0.22, 0.251, 0.227, 0.209, 0.208, 0.208, 0.206, 0.202, 0.195, 0.194, 0.191, 0.19, 0.196, 0.197, 0.204, 0.205, 0.194, 0.205, 0.206, 0.205, 0.208, 0.208, 0.208, 0.213, 0.21, 0.215, 0.214, 0.205, 0.209, 0.215, 0.212, 0.221, 0.212, 0.214, 0.213, 0.216, 0.213, 0.207, 0.206, 0.211, 0.208, 0.214, 0.215, 0.214, 0.212, 0.208, 0.213, 0.209, 0.215, 0.21, 0.211, 0.207, 0.203, 0.207, 0.216, 0.209, 0.223, 0.219, 0.21, 0.213, 0.211, 0.216, 0.215, 0.223, 0.215, 0.213, 0.214, 0.226, 0.219, 0.222, 0.225, 0.223, 0.228, 0.217, 0.217, 0.219, 0.219, 0.225, 0.225, 0.224, 0.243, 0.239, 0.236, 0.235, 0.241, 0.244, 0.247, 0.237, 0.238, 0.233, 0.228, 0.23, 0.222, 0.23, 0.221, 0.225, 0.221, 0.22, 0.222, 0.222, 0.228, 0.225, 0.226, 0.225, 0.225, 0.226, 0.227, 0.229, 0.224, 0.226, 0.225, 0.224, 0.227, 0.225, 0.23, 0.235, 0.23, 0.227, 0.225, 0.225, 0.226, 0.23, 0.228, 0.225, 0.226, 0.228, 0.229, 0.234, 0.23, 0.229, 0.229, 0.231, 0.234, 0.233, 0.23, 0.233, 0.23, 0.228, 0.23, 0.231, 0.234, 0.233, 0.236, 0.23, 0.228, 0.232, 0.238, 0.239, 0.246, 0.242, 0.233, 0.236, 0.237, 0.234, 0.231, 0.237, 0.231]
Train Scores w/o background: [0.028, 0.039, 0.049, 0.067, 0.063, 0.03, 0.004, 0.003, 0.005, 0.005, 0.006, 0.006, 0.008, 0.007, 0.008, 0.01, 0.01, 0.013, 0.012, 0.009, 0.012, 0.012, 0.012, 0.012, 0.011, 0.013, 0.014, 0.01, 0.014, 0.012, 0.01, 0.012, 0.014, 0.014, 0.017, 0.015, 0.016, 0.013, 0.015, 0.018, 0.015, 0.015, 0.019, 0.016, 0.014, 0.021, 0.022, 0.016, 0.017, 0.017, 0.019, 0.022, 0.021, 0.018, 0.021, 0.017, 0.023, 0.019, 0.015, 0.027, 0.021, 0.017, 0.023, 0.022, 0.02, 0.016, 0.028, 0.016, 0.021, 0.026, 0.018, 0.023, 0.029, 0.024, 0.021, 0.032, 0.026, 0.024, 0.019, 0.021, 0.019, 0.015, 0.028, 0.033, 0.036, 0.032, 0.04, 0.042, 0.037, 0.038, 0.033, 0.03, 0.029, 0.031, 0.022, 0.014, 0.014, 0.007, 0.003, 0.005, 0.005, 0.007, 0.005, 0.011, 0.006, 0.008, 0.01, 0.01, 0.009, 0.007, 0.008, 0.005, 0.011, 0.004, 0.005, 0.009, 0.009, 0.017, 0.018, 0.011, 0.008, 0.008, 0.007, 0.007, 0.011, 0.01, 0.008, 0.005, 0.011, 0.011, 0.016, 0.012, 0.01, 0.01, 0.012, 0.014, 0.016, 0.008, 0.015, 0.011, 0.007, 0.01, 0.009, 0.017, 0.009, 0.017, 0.01, 0.009, 0.012, 0.023, 0.021, 0.029, 0.026, 0.009, 0.019, 0.02, 0.015, 0.014, 0.017, 0.009]
Train Loss: [64.455, 46.837, 42.477, 38.562, 35.234, 32.402, 29.615, 27.982, 26.401, 24.684, 23.178, 21.588, 19.968, 18.565, 17.05, 15.789, 14.804, 13.929, 13.226, 13.331, 12.379, 11.991, 11.633, 11.096, 11.513, 10.496, 9.74, 10.186, 9.574, 9.2, 9.328, 8.631, 8.399, 7.422, 6.41, 7.333, 6.169, 5.783, 5.082, 4.246, 3.754, 4.726, 4.03, 3.148, 3.511, 2.685, 3.906, 2.657, 4.874, 2.642, 3.69, 2.156, 1.796, 2.046, 1.683, 1.357, 1.114, 1.506, 1.449, 1.861, 3.488, 2.415, 1.092, 2.67, 1.068, 0.74, 0.78, 0.68, 0.872, 1.463, 0.544, 0.93, 1.608, 0.737, 1.716, 1.21, 1.127, 1.266, 1.052, 0.855, 0.712, 0.643, 1.364, 0.572, 0.496, 0.133, 0.762, 0.813, 0.357, 0.476, 0.411, 0.19, 0.147, 0.489, 0.738, 0.43, 0.039, 0.44, 0.692, 0.32, 0.148, 0.053, 0.021, 0.244, 0.197, 0.373, 0.173, 0.281, 0.675, 0.71, 0.407, 0.06, 0.126, inf, 0.275, 0.445, 0.616, 0.641, 0.671, 0.424, 0.335, 0.187, 0.031, 0.028, 0.202, 0.208, 0.141, 0.35, 0.024, 0.037, 0.063, 0.115, 0.258, 0.221, 0.169, 0.046, inf, inf, 0.04, 0.038, 0.08, 0.045, 0.189, 0.201, 0.696, 0.112, 0.134, 0.225, 0.039, 0.172, 0.207, 0.052, inf, 0.012, 0.074, 0.398, 0.174, 0.937, inf, 0.451]
Test Loss: [61.505, 43.542, 39.615, 38.466, 33.069, 30.784, 27.993, 26.414, 24.94, 23.345, 21.934, 20.484, 18.833, 17.338, 16.376, 15.115, 14.197, 13.639, 13.066, 12.683, 12.124, 12.023, 12.183, 11.988, 11.258, 12.465, 11.327, 11.954, 12.376, 11.414, 12.648, 13.575, 13.234, 12.325, 12.53, 13.883, 12.106, 11.559, 13.476, 15.067, 15.105, 18.403, 12.248, 20.322, 18.765, 18.013, 18.605, 19.129, 24.106, 21.089, 24.82, 22.352, 28.07, 25.434, 25.577, 27.13, 24.267, 26.622, 29.376, 37.228, 34.223, 30.995, 28.209, 32.454, 32.352, 26.308, 27.403, 32.995, 24.012, 32.52, 25.972, 26.148, 34.079, 26.692, 35.744, 25.269, 26.972, 21.246, 26.186, 21.514, 23.437, 20.742, 30.99, 14.264, 31.702, 20.929, 13.886, 30.701, 13.43, 11.873, 15.228, 12.083, 11.543, 16.452, inf, 8.828, 6.819, 9.509, 8.655, 14.574, 9.692, 9.546, 5.516, 5.316, 8.394, 8.351, 6.287, 6.732, inf, 6.491, 5.4, 3.317, 5.017, 5.845, 4.852, 8.712, 12.321, 9.135, 7.667, 5.795, 5.433, 9.985, 6.647, 4.691, 5.645, inf, 7.208, 6.716, 6.722, 5.035, 5.906, 5.919, 5.111, 5.517, 3.278, 8.528, 8.782, 10.242, 6.268, 6.599, 5.804, 9.629, 8.414, 5.405, 7.018, 1.592, 1.87, 2.532, 3.88, 7.26, 4.981, 7.515, 7.54, 3.2, 2.575, 5.286, 5.076, 7.974, 5.333, inf]
Max test score: 0.244 found at epoch: 152
Max test score shapes: 0.079 found at epoch: 4
