Active: ImageLevelloss True True True 2 
Active: Relationsloss True 2 True 0.1 
Active: OneHotloss True 20 
Active: MinSizeBackgroundloss True 1 

Test Scores: [0.084, 0.229, 0.27, 0.29, 0.292, 0.289, 0.282, 0.27, 0.259, 0.262, 0.243, 0.244, 0.247, 0.25, 0.243, 0.242, 0.258, 0.278, 0.282, 0.29, 0.298, 0.317, 0.315, 0.331, 0.317, 0.3, 0.335, 0.326, 0.343, 0.342, 0.342, 0.347, 0.379, 0.39, 0.387, 0.401, 0.407, 0.413, 0.441, 0.489, 0.507, 0.496, 0.525, 0.506, 0.507, 0.525, 0.478, 0.506, 0.512, 0.472, 0.472, 0.495, 0.516, 0.479, 0.435, 0.46, 0.476, 0.499, 0.495, 0.523, 0.544, 0.538, 0.529, 0.482, 0.508, 0.502, 0.508, 0.465, 0.507, 0.546, 0.584, 0.537, 0.55, 0.541, 0.528, 0.522, 0.571, 0.546, 0.551, 0.507, 0.518, 0.537, 0.55, 0.58, 0.598, 0.618, 0.59, 0.537, 0.513, 0.513, 0.472, 0.453, 0.453, 0.488, 0.488, 0.45, 0.499, 0.532, 0.527, 0.579, 0.633, 0.588, 0.619, 0.622, 0.609, 0.557, 0.614, 0.601, 0.557, 0.53, 0.526, 0.487, 0.495, 0.539, 0.531, 0.571, 0.552, 0.533, 0.538, 0.55, 0.545, 0.592, 0.572, 0.526, 0.555, 0.511, 0.519, 0.536, 0.542, 0.584, 0.65, 0.624, 0.639, 0.626, 0.63, 0.627, 0.604, 0.576, 0.539, 0.556, 0.516, 0.609, 0.583, 0.591, 0.567, 0.532, 0.502, 0.502, 0.499, 0.521, 0.472, 0.554, 0.587, 0.617, 0.636, 0.601, 0.626, 0.51, 0.579, 0.524]
Test Scores w/o background: [0.048, 0.062, 0.069, 0.075, 0.075, 0.077, 0.067, 0.049, 0.035, 0.039, 0.015, 0.015, 0.02, 0.023, 0.014, 0.012, 0.032, 0.058, 0.061, 0.072, 0.08, 0.103, 0.102, 0.12, 0.104, 0.081, 0.126, 0.116, 0.136, 0.135, 0.134, 0.142, 0.182, 0.197, 0.192, 0.211, 0.219, 0.226, 0.262, 0.326, 0.35, 0.335, 0.373, 0.351, 0.352, 0.378, 0.315, 0.353, 0.361, 0.306, 0.308, 0.339, 0.366, 0.316, 0.262, 0.293, 0.315, 0.345, 0.34, 0.376, 0.402, 0.394, 0.384, 0.323, 0.356, 0.349, 0.358, 0.302, 0.358, 0.408, 0.456, 0.392, 0.411, 0.4, 0.382, 0.374, 0.439, 0.406, 0.414, 0.356, 0.372, 0.396, 0.411, 0.45, 0.475, 0.502, 0.464, 0.394, 0.365, 0.369, 0.315, 0.29, 0.292, 0.337, 0.338, 0.287, 0.348, 0.39, 0.381, 0.449, 0.52, 0.46, 0.502, 0.507, 0.488, 0.419, 0.497, 0.48, 0.424, 0.388, 0.385, 0.335, 0.345, 0.401, 0.39, 0.442, 0.417, 0.393, 0.398, 0.414, 0.405, 0.467, 0.441, 0.381, 0.422, 0.364, 0.376, 0.395, 0.401, 0.455, 0.542, 0.507, 0.528, 0.511, 0.518, 0.512, 0.483, 0.451, 0.4, 0.425, 0.367, 0.489, 0.456, 0.466, 0.438, 0.392, 0.353, 0.351, 0.348, 0.377, 0.31, 0.419, 0.461, 0.5, 0.526, 0.478, 0.512, 0.359, 0.452, 0.383]
Train Scores: [0.07, 0.234, 0.278, 0.294, 0.297, 0.285, 0.278, 0.273, 0.263, 0.258, 0.243, 0.246, 0.249, 0.252, 0.247, 0.248, 0.258, 0.268, 0.275, 0.286, 0.286, 0.295, 0.308, 0.314, 0.306, 0.3, 0.323, 0.322, 0.344, 0.353, 0.366, 0.368, 0.402, 0.421, 0.423, 0.445, 0.449, 0.462, 0.517, 0.537, 0.574, 0.563, 0.571, 0.582, 0.587, 0.572, 0.556, 0.556, 0.564, 0.561, 0.55, 0.532, 0.522, 0.535, 0.491, 0.53, 0.529, 0.55, 0.549, 0.565, 0.592, 0.592, 0.554, 0.53, 0.559, 0.547, 0.549, 0.51, 0.54, 0.567, 0.623, 0.613, 0.604, 0.564, 0.581, 0.603, 0.601, 0.59, 0.568, 0.544, 0.544, 0.548, 0.594, 0.631, 0.629, 0.633, 0.598, 0.584, 0.556, 0.533, 0.49, 0.487, 0.466, 0.493, 0.495, 0.48, 0.555, 0.569, 0.566, 0.618, 0.655, 0.622, 0.655, 0.648, 0.621, 0.61, 0.637, 0.629, 0.577, 0.565, 0.529, 0.519, 0.537, 0.558, 0.557, 0.588, 0.582, 0.549, 0.564, 0.572, 0.584, 0.621, 0.601, 0.583, 0.573, 0.529, 0.537, 0.584, 0.589, 0.635, 0.672, 0.662, 0.667, 0.676, 0.65, 0.659, 0.648, 0.597, 0.602, 0.579, 0.575, 0.656, 0.619, 0.641, 0.591, 0.565, 0.567, 0.549, 0.534, 0.562, 0.522, 0.576, 0.614, 0.64, 0.649, 0.654, 0.65, 0.584, 0.595, 0.55]
Train Scores w/o background: [0.029, 0.064, 0.077, 0.08, 0.082, 0.07, 0.06, 0.052, 0.038, 0.032, 0.013, 0.016, 0.02, 0.025, 0.018, 0.019, 0.031, 0.043, 0.052, 0.066, 0.065, 0.074, 0.093, 0.1, 0.09, 0.083, 0.111, 0.111, 0.138, 0.15, 0.167, 0.171, 0.214, 0.239, 0.241, 0.269, 0.276, 0.293, 0.364, 0.392, 0.441, 0.425, 0.435, 0.453, 0.459, 0.44, 0.419, 0.42, 0.432, 0.425, 0.413, 0.389, 0.375, 0.391, 0.337, 0.388, 0.386, 0.413, 0.412, 0.433, 0.466, 0.467, 0.417, 0.387, 0.424, 0.41, 0.413, 0.363, 0.403, 0.437, 0.508, 0.494, 0.483, 0.431, 0.452, 0.482, 0.479, 0.466, 0.437, 0.406, 0.406, 0.411, 0.47, 0.518, 0.517, 0.523, 0.475, 0.457, 0.423, 0.395, 0.339, 0.336, 0.309, 0.344, 0.346, 0.326, 0.423, 0.44, 0.434, 0.501, 0.549, 0.505, 0.551, 0.54, 0.504, 0.49, 0.527, 0.516, 0.45, 0.435, 0.39, 0.379, 0.402, 0.427, 0.425, 0.464, 0.456, 0.414, 0.434, 0.444, 0.458, 0.506, 0.48, 0.457, 0.447, 0.389, 0.399, 0.46, 0.464, 0.523, 0.571, 0.557, 0.565, 0.577, 0.544, 0.555, 0.542, 0.478, 0.484, 0.456, 0.446, 0.553, 0.504, 0.534, 0.47, 0.436, 0.44, 0.414, 0.395, 0.432, 0.379, 0.449, 0.496, 0.53, 0.544, 0.549, 0.545, 0.458, 0.474, 0.416]
Train Loss: [127.709, 99.5, 83.91, 73.593, 65.925, 58.431, 51.436, 44.58, 38.187, 32.375, 28.647, 26.341, 24.106, 22.168, 20.464, 18.979, 17.698, 16.805, 16.184, 15.679, 15.25, 14.895, 14.591, 14.283, 14.023, 13.701, 13.417, 13.376, 12.886, 13.597, 12.127, 11.436, 10.775, 9.892, 9.25, 8.587, 8.041, 7.164, 6.188, 6.371, 4.888, 4.425, 3.431, 3.507, 2.605, 2.22, 1.596, 1.405, 0.836, 1.257, 0.589, 0.647, 0.541, 0.738, 0.752, 0.45, 0.345, 0.266, 0.481, 0.178, 0.488, 0.137, 0.877, 1.149, 0.81, 1.051, 0.448, 0.337, 1.419, 0.409, 0.547, 0.662, 0.276, 0.566, 0.753, 0.179, 0.34, 0.722, 0.648, 0.552, 0.269, 0.11, 0.934, 0.451, 0.402, 1.064, 1.425, 1.002, 1.85, 0.53, 0.584, 1.692, 1.113, 0.625, 0.815, 0.61, 0.338, 0.76, 0.61, 0.442, 0.914, 0.723, 1.114, 0.625, 1.925, 1.077, 0.199, 0.602, 1.831, 1.232, 1.249, 1.305, 1.064, 1.3, 2.512, 0.588, 0.613, 0.844, 0.988, 0.041, 0.108, 0.507, 1.294, 3.058, 1.505, 0.998, 1.237, 1.571, 1.271, inf, 0.854, 0.539, 0.851, 0.905, 0.411, 0.951, 0.122, 1.611, 1.057, 1.743, 1.573, 1.95, 0.962, 0.604, 0.438, 0.398, 0.084, 0.373, 0.703, 1.418, 1.139, 1.468, 0.529, 1.507, 1.298, 0.747, 0.692, 0.666, 0.573, 1.913]
Test Loss: [125.079, 96.423, 81.341, 74.137, 64.322, 56.95, 50.374, 43.504, 37.76, 31.315, 27.667, 25.51, 23.479, 21.679, 20.17, 18.754, 17.574, 16.664, 16.117, 15.723, 15.32, 15.01, 14.772, 14.672, 14.586, 14.486, 14.457, 14.026, 14.569, 14.672, 14.339, 13.702, 13.325, 12.324, 11.886, 11.655, 10.87, 11.672, 10.112, 10.245, 10.84, 9.694, 7.215, 7.109, 5.999, 5.654, 6.014, 5.696, 5.249, 6.999, 8.944, 6.914, 4.351, 5.044, 6.471, 5.476, 7.376, 8.39, 8.939, 7.415, 6.179, 8.878, 8.022, 5.493, 8.039, 11.225, 7.994, 6.244, 10.646, 5.671, 9.089, 7.409, 5.69, 8.225, 9.366, 5.851, 7.223, 7.623, 5.113, 5.811, 3.957, 4.196, 3.942, 5.997, 5.668, 5.662, 5.453, 11.384, 7.256, 6.369, 7.456, 7.533, 9.818, 9.355, 5.937, 5.102, 4.265, 3.277, 2.857, 7.957, 5.887, 4.84, 9.145, 9.672, 6.119, 9.202, 5.811, 5.749, 8.312, 7.526, 12.774, 12.556, 6.375, 7.797, 7.571, 4.255, 1.538, 2.987, 4.003, 6.267, 6.573, 5.674, 2.775, 7.359, 4.942, 6.449, 3.958, 3.579, 9.544, inf, 7.333, 3.996, 5.128, 3.527, 3.707, 5.021, 2.94, 4.387, 12.062, 6.492, 7.621, 12.546, 9.676, 5.439, 5.787, 3.397, 4.898, 6.862, 5.28, 3.062, 4.789, 9.612, 5.662, 6.254, 4.94, 6.938, 3.286, 7.755, 8.847, 7.121]
Max test score: 0.65 found at epoch: 131
Max test score shapes: 0.542 found at epoch: 131
