Active: Relationsloss True 2 True 0.1 
Active: OneHotloss True 20 
Active: MinSizeShapesloss True 30 

Test Scores: [0.067, 0.087, 0.132, 0.157, 0.142, 0.154, 0.148, 0.143, 0.143, 0.141, 0.142, 0.148, 0.146, 0.15, 0.15, 0.142, 0.147, 0.148, 0.151, 0.145, 0.151, 0.146, 0.147, 0.155, 0.146, 0.146, 0.149, 0.154, 0.149, 0.152, 0.169, 0.156, 0.162, 0.158, 0.157, 0.162, 0.16, 0.164, 0.159, 0.163, 0.168, 0.163, 0.167, 0.151, 0.157, 0.17, 0.147, 0.163, 0.157, 0.157, 0.162, 0.155, 0.15, 0.151, 0.159, 0.157, 0.159, 0.164, 0.162, 0.157, 0.154, 0.159, 0.16, 0.156, 0.153, 0.158, 0.15, 0.145, 0.152, 0.153, 0.155, 0.153, 0.163, 0.16, 0.149, 0.147, 0.149, 0.149, 0.156, 0.145, 0.149, 0.145, 0.141, 0.152, 0.147, 0.147, 0.151, 0.154, 0.151, 0.158, 0.153, 0.159, 0.155, 0.155, 0.149, 0.145, 0.142, 0.141, 0.146, 0.149, 0.152, 0.151, 0.143, 0.14, 0.141, 0.141, 0.14, 0.145, 0.147, 0.154, 0.155, 0.143, 0.14, 0.146, 0.133, 0.134, 0.138, 0.138, 0.134, 0.134, 0.135, 0.129, 0.129, 0.13, 0.142, 0.143, 0.132, 0.142, 0.153, 0.153, 0.156, 0.152, 0.144, 0.15, 0.159, 0.157, 0.15, 0.147, 0.144, 0.138, 0.14, 0.143, 0.142, 0.146, 0.151, 0.149, 0.149, 0.144, 0.139, 0.141, 0.147, 0.147, 0.142, 0.148, 0.148, 0.157, 0.164, 0.163, 0.171, 0.173]
Test Scores w/o background: [0.046, 0.046, 0.057, 0.066, 0.038, 0.058, 0.05, 0.039, 0.023, 0.016, 0.014, 0.016, 0.016, 0.015, 0.019, 0.013, 0.012, 0.013, 0.01, 0.012, 0.013, 0.016, 0.012, 0.018, 0.011, 0.017, 0.011, 0.022, 0.018, 0.015, 0.021, 0.014, 0.012, 0.012, 0.019, 0.017, 0.022, 0.025, 0.018, 0.024, 0.03, 0.024, 0.031, 0.018, 0.028, 0.04, 0.018, 0.02, 0.025, 0.023, 0.028, 0.026, 0.025, 0.019, 0.027, 0.025, 0.024, 0.028, 0.029, 0.025, 0.024, 0.02, 0.026, 0.033, 0.019, 0.025, 0.019, 0.018, 0.021, 0.022, 0.019, 0.018, 0.026, 0.023, 0.019, 0.018, 0.017, 0.017, 0.017, 0.017, 0.015, 0.014, 0.015, 0.017, 0.016, 0.014, 0.015, 0.015, 0.015, 0.016, 0.015, 0.015, 0.016, 0.015, 0.015, 0.014, 0.014, 0.014, 0.014, 0.015, 0.015, 0.015, 0.014, 0.014, 0.014, 0.014, 0.013, 0.014, 0.014, 0.014, 0.014, 0.013, 0.013, 0.014, 0.013, 0.013, 0.013, 0.013, 0.014, 0.013, 0.013, 0.013, 0.012, 0.013, 0.013, 0.014, 0.013, 0.013, 0.013, 0.014, 0.013, 0.013, 0.012, 0.013, 0.015, 0.015, 0.014, 0.013, 0.013, 0.013, 0.013, 0.013, 0.013, 0.013, 0.012, 0.013, 0.013, 0.014, 0.013, 0.013, 0.012, 0.013, 0.014, 0.014, 0.014, 0.015, 0.015, 0.015, 0.016, 0.017]
Train Scores: [0.053, 0.085, 0.127, 0.155, 0.146, 0.148, 0.141, 0.142, 0.146, 0.142, 0.145, 0.151, 0.15, 0.154, 0.155, 0.149, 0.153, 0.154, 0.154, 0.147, 0.154, 0.147, 0.149, 0.157, 0.148, 0.15, 0.147, 0.157, 0.149, 0.152, 0.171, 0.159, 0.163, 0.158, 0.157, 0.166, 0.162, 0.17, 0.162, 0.165, 0.174, 0.166, 0.169, 0.158, 0.161, 0.175, 0.15, 0.164, 0.159, 0.158, 0.167, 0.158, 0.155, 0.154, 0.166, 0.162, 0.167, 0.169, 0.168, 0.162, 0.16, 0.163, 0.164, 0.163, 0.156, 0.162, 0.152, 0.148, 0.154, 0.159, 0.16, 0.161, 0.171, 0.167, 0.155, 0.155, 0.157, 0.155, 0.162, 0.148, 0.153, 0.149, 0.144, 0.154, 0.151, 0.151, 0.155, 0.16, 0.157, 0.164, 0.157, 0.163, 0.159, 0.159, 0.154, 0.15, 0.145, 0.144, 0.148, 0.15, 0.153, 0.153, 0.144, 0.141, 0.144, 0.145, 0.143, 0.15, 0.152, 0.158, 0.16, 0.149, 0.146, 0.152, 0.138, 0.14, 0.144, 0.143, 0.14, 0.14, 0.139, 0.132, 0.131, 0.134, 0.147, 0.145, 0.134, 0.143, 0.151, 0.152, 0.156, 0.151, 0.143, 0.148, 0.159, 0.157, 0.151, 0.148, 0.145, 0.14, 0.14, 0.144, 0.144, 0.148, 0.153, 0.15, 0.149, 0.145, 0.138, 0.14, 0.148, 0.148, 0.144, 0.149, 0.149, 0.157, 0.164, 0.164, 0.171, 0.173]
Train Scores w/o background: [0.028, 0.044, 0.049, 0.064, 0.043, 0.05, 0.038, 0.035, 0.026, 0.018, 0.015, 0.019, 0.019, 0.02, 0.026, 0.018, 0.017, 0.019, 0.012, 0.014, 0.017, 0.019, 0.016, 0.022, 0.015, 0.024, 0.012, 0.025, 0.019, 0.017, 0.025, 0.019, 0.015, 0.013, 0.02, 0.02, 0.025, 0.033, 0.021, 0.028, 0.036, 0.027, 0.034, 0.025, 0.03, 0.045, 0.023, 0.022, 0.028, 0.026, 0.033, 0.03, 0.03, 0.024, 0.035, 0.033, 0.034, 0.033, 0.035, 0.031, 0.031, 0.026, 0.031, 0.041, 0.022, 0.029, 0.022, 0.021, 0.026, 0.029, 0.026, 0.026, 0.034, 0.029, 0.024, 0.024, 0.023, 0.024, 0.024, 0.022, 0.02, 0.018, 0.019, 0.02, 0.019, 0.017, 0.018, 0.019, 0.018, 0.019, 0.018, 0.019, 0.018, 0.018, 0.018, 0.017, 0.017, 0.017, 0.017, 0.017, 0.017, 0.018, 0.017, 0.016, 0.017, 0.017, 0.016, 0.017, 0.016, 0.017, 0.017, 0.016, 0.016, 0.016, 0.014, 0.015, 0.016, 0.016, 0.016, 0.016, 0.016, 0.015, 0.014, 0.015, 0.016, 0.016, 0.015, 0.014, 0.014, 0.015, 0.015, 0.015, 0.014, 0.014, 0.016, 0.016, 0.016, 0.015, 0.014, 0.014, 0.014, 0.014, 0.014, 0.015, 0.014, 0.015, 0.015, 0.016, 0.015, 0.015, 0.014, 0.015, 0.015, 0.016, 0.017, 0.017, 0.017, 0.016, 0.018, 0.018]
Train Loss: [79.335, 60.705, 55.17, 49.816, 45.493, 41.703, 37.407, 33.991, 31.205, 28.875, 26.656, 24.903, 22.637, 20.793, 19.197, 17.638, 16.546, 15.789, 15.298, 15.387, 14.312, 14.055, 13.947, 12.372, 11.638, 11.594, 11.549, 11.567, 11.352, 10.495, 11.461, 11.707, 11.436, 10.817, 11.864, 10.319, 13.604, 11.313, 11.308, 11.669, 9.152, 8.544, 9.055, 10.5, 9.005, 10.401, 9.19, 10.953, 7.91, 10.562, 7.614, 6.971, 8.439, 8.349, 7.783, 11.207, 8.135, 11.098, 10.712, 10.505, 10.407, 8.752, 8.859, 8.573, 5.69, 7.529, 9.06, 7.736, 9.439, 8.514, 8.661, 8.297, 7.942, 10.037, 9.766, 7.091, 6.606, 7.92, 10.828, 9.231, 9.674, 8.333, 7.432, 8.369, 8.051, 7.754, 7.89, 7.535, 4.529, 7.194, 6.707, 7.889, 5.005, 7.845, 6.285, 8.54, 6.117, 5.947, 6.181, 6.947, 3.547, 8.487, 8.345, 10.12, 5.056, 7.902, 5.951, 6.813, 6.027, 8.241, 5.834, 5.226, 6.231, 6.044, 3.971, 7.207, 7.436, 7.235, 6.655, 6.517, 6.197, 4.904, 6.572, 5.451, 6.662, 7.939, 2.815, 3.957, 5.197, 5.871, 5.914, 11.813, 6.036, 8.275, 7.229, 6.237, 6.666, 5.903, 4.781, 5.752, 6.296, 6.576, 7.544, 7.269, 6.212, 4.866, 5.801, 6.838, 5.866, 4.19, 4.809, 6.56, 4.223, 4.153, 5.286, 7.965, 5.734, 10.208, 8.627, 5.758]
Test Loss: [76.341, 57.521, 52.271, 49.992, 43.264, 39.927, 35.799, 32.362, 29.812, 27.667, 25.417, 23.57, 21.478, 19.687, 18.029, 16.946, 15.851, 15.194, 15.227, 15.03, 15.088, 14.848, 15.228, 15.201, 14.479, 14.988, 17.275, 16.306, 17.509, 18.578, 23.648, 25.323, 21.16, 20.755, 26.858, 21.721, 29.883, 19.369, 20.945, 24.13, 21.072, 23.237, 26.387, 24.497, 23.263, 30.497, 22.999, 38.395, 30.455, 30.358, 33.899, 25.294, 30.63, 29.922, 26.194, 28.953, 32.755, 34.846, 35.504, 29.589, 30.098, 28.954, 25.28, 24.114, 23.833, 29.398, 31.867, 30.17, 32.656, 26.59, 29.643, 25.734, 30.659, 30.412, 33.356, 23.105, 28.864, 29.321, 31.863, 37.042, 30.29, 25.613, 25.652, 24.283, 23.856, 32.328, 31.925, 30.855, 28.957, 30.222, 24.919, 36.306, 26.696, 28.002, 26.744, 34.145, 32.324, 22.933, 27.762, 31.312, 22.67, 29.114, 34.279, 32.913, 22.933, 31.343, 25.477, 32.742, 25.266, 39.421, 33.233, 25.541, 26.207, 33.19, 19.82, 36.331, 38.232, 26.242, 24.03, 27.385, 31.688, 30.57, 19.276, 23.079, 30.538, 28.463, 16.654, 25.801, 25.979, 40.24, 29.478, 42.602, 25.947, 40.656, 23.066, 24.431, 23.644, 28.96, 21.89, 22.754, 18.785, 31.879, 23.495, 32.027, 29.684, 29.72, 27.769, 26.62, 30.318, 31.797, 24.242, 27.05, 24.549, 19.521, 35.091, 33.933, 23.337, 33.432, 29.71, 25.582]
Max test score: 0.173 found at epoch: 160
Max test score shapes: 0.066 found at epoch: 4
