percentFullySupervised0.2
domainLossMultiplier0.0001
Active: Adjacencyloss True True 30 0.0001 True False 
Active: Relationsloss True 2 True 0.1 False True 
Active: MinSizeShapesloss True 1 
Active: MaxSizeShapesloss True 1 

Test Scores: [0.186, 0.3, 0.329, 0.324, 0.366, 0.398, 0.396, 0.419, 0.411, 0.38, 0.442, 0.411, 0.429, 0.437, 0.455, 0.442, 0.466, 0.458, 0.452, 0.46, 0.488, 0.479, 0.468, 0.452, 0.483, 0.436, 0.422, 0.463, 0.45, 0.406, 0.459, 0.44, 0.451, 0.416, 0.444, 0.435, 0.421, 0.44, 0.437, 0.436, 0.461, 0.448, 0.452, 0.445, 0.415, 0.451, 0.452, 0.426, 0.427, 0.422, 0.435, 0.451, 0.423, 0.435, 0.429, 0.397, 0.441, 0.457, 0.457, 0.471, 0.474, 0.486, 0.474, 0.453, 0.464, 0.461, 0.401, 0.402, 0.412, 0.437, 0.43, 0.437, 0.43, 0.452, 0.437, 0.431, 0.442, 0.46, 0.444, 0.411, 0.43, 0.472, 0.45, 0.429, 0.46, 0.467, 0.476, 0.466, 0.45, 0.459, 0.445, 0.447, 0.449, 0.474, 0.452, 0.449, 0.463, 0.438, 0.439, 0.459, 0.469, 0.459, 0.462, 0.464, 0.466, 0.434, 0.448, 0.456, 0.455, 0.449, 0.457, 0.459, 0.45, 0.458, 0.449, 0.453, 0.46, 0.414, 0.43, 0.446]
Test Scores w/o background: [0.11, 0.183, 0.211, 0.208, 0.225, 0.261, 0.276, 0.273, 0.275, 0.262, 0.304, 0.271, 0.277, 0.294, 0.301, 0.299, 0.308, 0.301, 0.304, 0.304, 0.344, 0.321, 0.326, 0.3, 0.333, 0.294, 0.263, 0.301, 0.301, 0.268, 0.31, 0.291, 0.285, 0.265, 0.299, 0.299, 0.277, 0.302, 0.294, 0.28, 0.314, 0.303, 0.304, 0.287, 0.27, 0.304, 0.304, 0.282, 0.277, 0.256, 0.293, 0.301, 0.269, 0.281, 0.276, 0.234, 0.285, 0.301, 0.297, 0.323, 0.325, 0.335, 0.318, 0.291, 0.312, 0.32, 0.248, 0.258, 0.274, 0.286, 0.291, 0.286, 0.287, 0.308, 0.298, 0.282, 0.297, 0.314, 0.302, 0.257, 0.277, 0.319, 0.308, 0.282, 0.303, 0.316, 0.314, 0.32, 0.299, 0.307, 0.305, 0.3, 0.314, 0.318, 0.301, 0.297, 0.31, 0.291, 0.287, 0.307, 0.308, 0.302, 0.302, 0.306, 0.312, 0.288, 0.298, 0.291, 0.286, 0.288, 0.291, 0.292, 0.295, 0.302, 0.289, 0.276, 0.306, 0.275, 0.284, 0.291]
Train Scores: [0.19, 0.329, 0.365, 0.347, 0.374, 0.409, 0.42, 0.439, 0.431, 0.392, 0.464, 0.437, 0.45, 0.463, 0.488, 0.467, 0.487, 0.478, 0.471, 0.466, 0.491, 0.504, 0.491, 0.461, 0.492, 0.444, 0.436, 0.477, 0.474, 0.435, 0.471, 0.463, 0.462, 0.426, 0.457, 0.45, 0.44, 0.447, 0.451, 0.456, 0.479, 0.452, 0.461, 0.469, 0.434, 0.458, 0.465, 0.438, 0.452, 0.428, 0.437, 0.462, 0.419, 0.446, 0.447, 0.41, 0.455, 0.461, 0.458, 0.49, 0.493, 0.501, 0.496, 0.454, 0.472, 0.462, 0.42, 0.419, 0.442, 0.459, 0.447, 0.469, 0.453, 0.476, 0.458, 0.459, 0.464, 0.463, 0.448, 0.405, 0.444, 0.48, 0.463, 0.455, 0.475, 0.483, 0.481, 0.465, 0.472, 0.469, 0.446, 0.467, 0.451, 0.484, 0.465, 0.463, 0.471, 0.44, 0.451, 0.482, 0.491, 0.488, 0.486, 0.489, 0.481, 0.446, 0.461, 0.48, 0.478, 0.476, 0.475, 0.479, 0.472, 0.472, 0.459, 0.485, 0.483, 0.431, 0.457, 0.482]
Train Scores w/o background: [0.108, 0.201, 0.237, 0.227, 0.237, 0.269, 0.293, 0.289, 0.293, 0.266, 0.32, 0.297, 0.291, 0.316, 0.338, 0.324, 0.33, 0.322, 0.324, 0.307, 0.343, 0.35, 0.349, 0.308, 0.343, 0.304, 0.28, 0.318, 0.325, 0.299, 0.324, 0.315, 0.299, 0.277, 0.314, 0.312, 0.295, 0.307, 0.308, 0.302, 0.334, 0.305, 0.31, 0.309, 0.289, 0.315, 0.319, 0.294, 0.304, 0.264, 0.301, 0.314, 0.269, 0.299, 0.298, 0.252, 0.303, 0.308, 0.301, 0.343, 0.343, 0.351, 0.345, 0.296, 0.322, 0.319, 0.27, 0.275, 0.305, 0.309, 0.308, 0.318, 0.312, 0.334, 0.319, 0.314, 0.321, 0.317, 0.302, 0.25, 0.29, 0.329, 0.318, 0.305, 0.317, 0.332, 0.32, 0.317, 0.325, 0.32, 0.307, 0.325, 0.317, 0.33, 0.316, 0.314, 0.32, 0.296, 0.302, 0.333, 0.337, 0.336, 0.331, 0.339, 0.333, 0.304, 0.317, 0.32, 0.316, 0.322, 0.315, 0.319, 0.322, 0.323, 0.306, 0.319, 0.333, 0.298, 0.314, 0.333]
Train Loss: [0.022, 0.017, 0.015, 0.013, 0.012, 0.011, 0.01, 0.01, 0.009, 0.009, 0.008, 0.008, 0.008, 0.007, 0.007, 0.007, 0.007, 0.006, 0.006, 0.006, 0.006, 0.006, 0.006, 0.006, 0.005, 0.005, 0.005, 0.005, 0.005, 0.005, 0.005, 0.005, 0.005, 0.005, 0.005, 0.005, 0.005, 0.004, 0.004, 0.004, 0.004, 0.004, 0.005, 0.004, 0.004, 0.004, 0.004, 0.004, 0.004, 0.004, 0.004, 0.004, 0.004, 0.004, 0.004, 0.004, 0.004, 0.004, 0.004, 0.004, 0.004, 0.004, 0.004, 0.004, 0.004, 0.004, 0.004, 0.004, 0.004, 0.004, 0.004, 0.004, 0.004, 0.004, 0.004, 0.004, 0.004, 0.004, 0.004, 0.004, 0.004, 0.004, 0.004, 0.004, 0.004, 0.004, 0.004, 0.004, 0.004, 0.004, 0.004, 0.004, 0.004, 0.004, 0.004, 0.004, 0.004, 0.004, 0.004, 0.004, 0.004, 0.004, 0.004, 0.004, 0.004, 0.004, 0.004, 0.004, 0.004, 0.004, 0.004, 0.004, 0.004, 0.004, 0.004, 0.004, 0.004, 0.004, 0.004, 0.004]
Max test score: 0.488 found at epoch: 21
Max test score shapes: 0.344 found at epoch: 21
