percentFullySupervised0.2
domainLossMultiplier0.0001
Active: Adjacencyloss True True 30 0.0001 True False 
Active: Relationsloss True 2 True 0.1 False False 
Active: OneHotloss True 35 
Active: MinSizeShapesloss True 1 
Active: MaxSizeShapesloss True 1 

Test Scores: [0.236, 0.358, 0.376, 0.358, 0.406, 0.376, 0.369, 0.417, 0.408, 0.402, 0.438, 0.406, 0.409, 0.377, 0.458, 0.435, 0.422, 0.444, 0.432, 0.444, 0.419, 0.435, 0.441, 0.425, 0.46, 0.406, 0.41, 0.435, 0.474, 0.396, 0.412, 0.429, 0.48, 0.448, 0.449, 0.436, 0.407, 0.432, 0.448, 0.466, 0.449, 0.455, 0.443, 0.466, 0.444, 0.406, 0.421, 0.418, 0.49, 0.466, 0.453, 0.451, 0.426, 0.433, 0.46, 0.418, 0.438, 0.464, 0.453, 0.42, 0.436, 0.44, 0.424, 0.447, 0.47, 0.474, 0.471, 0.459, 0.446, 0.424, 0.449, 0.436, 0.415, 0.461, 0.466, 0.442, 0.45, 0.45, 0.428, 0.451, 0.464, 0.439, 0.426, 0.456, 0.45, 0.472, 0.452, 0.464, 0.443, 0.46, 0.458, 0.493, 0.444, 0.481, 0.477, 0.476, 0.485, 0.468, 0.449, 0.44, 0.453, 0.439, 0.449, 0.452, 0.452, 0.445, 0.433, 0.449, 0.444, 0.39, 0.429, 0.45, 0.42, 0.411, 0.447, 0.454, 0.473, 0.452, 0.457, 0.469]
Test Scores w/o background: [0.165, 0.235, 0.24, 0.24, 0.263, 0.25, 0.251, 0.273, 0.274, 0.273, 0.293, 0.26, 0.258, 0.242, 0.314, 0.283, 0.273, 0.292, 0.281, 0.285, 0.292, 0.293, 0.299, 0.277, 0.307, 0.259, 0.245, 0.275, 0.325, 0.263, 0.265, 0.306, 0.325, 0.302, 0.299, 0.294, 0.252, 0.29, 0.301, 0.314, 0.303, 0.305, 0.293, 0.313, 0.293, 0.269, 0.278, 0.285, 0.349, 0.311, 0.318, 0.306, 0.282, 0.293, 0.317, 0.275, 0.296, 0.32, 0.306, 0.273, 0.28, 0.281, 0.266, 0.28, 0.312, 0.325, 0.316, 0.318, 0.297, 0.275, 0.309, 0.288, 0.274, 0.316, 0.327, 0.297, 0.308, 0.307, 0.28, 0.298, 0.304, 0.274, 0.269, 0.297, 0.287, 0.32, 0.295, 0.319, 0.306, 0.309, 0.314, 0.336, 0.308, 0.321, 0.324, 0.319, 0.328, 0.318, 0.299, 0.297, 0.296, 0.283, 0.288, 0.295, 0.294, 0.297, 0.279, 0.295, 0.28, 0.242, 0.278, 0.299, 0.283, 0.262, 0.3, 0.289, 0.321, 0.308, 0.316, 0.321]
Train Scores: [0.247, 0.384, 0.403, 0.384, 0.435, 0.405, 0.386, 0.432, 0.429, 0.418, 0.446, 0.426, 0.432, 0.401, 0.468, 0.449, 0.445, 0.465, 0.445, 0.456, 0.433, 0.445, 0.449, 0.432, 0.45, 0.424, 0.425, 0.452, 0.487, 0.415, 0.432, 0.437, 0.494, 0.445, 0.455, 0.45, 0.424, 0.446, 0.464, 0.468, 0.44, 0.456, 0.438, 0.478, 0.467, 0.419, 0.42, 0.416, 0.487, 0.468, 0.455, 0.447, 0.423, 0.422, 0.462, 0.437, 0.467, 0.482, 0.466, 0.435, 0.447, 0.452, 0.443, 0.456, 0.489, 0.475, 0.482, 0.468, 0.466, 0.44, 0.469, 0.45, 0.422, 0.475, 0.478, 0.464, 0.467, 0.464, 0.447, 0.467, 0.473, 0.446, 0.438, 0.466, 0.451, 0.472, 0.454, 0.465, 0.458, 0.462, 0.465, 0.507, 0.447, 0.477, 0.493, 0.485, 0.49, 0.474, 0.454, 0.447, 0.456, 0.443, 0.45, 0.459, 0.457, 0.45, 0.429, 0.448, 0.447, 0.392, 0.427, 0.451, 0.421, 0.409, 0.445, 0.457, 0.476, 0.457, 0.469, 0.474]
Train Scores w/o background: [0.174, 0.254, 0.26, 0.259, 0.29, 0.273, 0.261, 0.287, 0.291, 0.284, 0.298, 0.275, 0.278, 0.254, 0.319, 0.291, 0.294, 0.313, 0.291, 0.294, 0.304, 0.3, 0.302, 0.281, 0.296, 0.278, 0.262, 0.296, 0.337, 0.28, 0.277, 0.305, 0.336, 0.295, 0.304, 0.308, 0.271, 0.303, 0.32, 0.318, 0.291, 0.309, 0.288, 0.323, 0.319, 0.281, 0.273, 0.279, 0.341, 0.314, 0.321, 0.3, 0.277, 0.277, 0.313, 0.293, 0.324, 0.337, 0.318, 0.293, 0.292, 0.295, 0.286, 0.288, 0.332, 0.325, 0.324, 0.322, 0.315, 0.286, 0.321, 0.294, 0.276, 0.329, 0.339, 0.317, 0.327, 0.318, 0.297, 0.31, 0.311, 0.281, 0.281, 0.308, 0.288, 0.317, 0.296, 0.317, 0.317, 0.306, 0.318, 0.347, 0.31, 0.312, 0.339, 0.327, 0.33, 0.321, 0.302, 0.304, 0.298, 0.286, 0.288, 0.302, 0.299, 0.303, 0.274, 0.291, 0.283, 0.242, 0.275, 0.298, 0.283, 0.259, 0.298, 0.292, 0.32, 0.308, 0.326, 0.327]
Train Loss: [0.02, 0.016, 0.014, 0.013, 0.012, 0.011, 0.011, 0.01, 0.01, 0.009, 0.009, 0.008, 0.008, 0.008, 0.008, 0.007, 0.007, 0.007, 0.007, 0.007, 0.006, 0.006, 0.006, 0.006, 0.006, 0.006, 0.005, 0.006, 0.005, 0.005, 0.005, 0.005, 0.005, 0.005, 0.005, 0.005, 0.005, 0.005, 0.004, 0.004, 0.004, 0.004, 0.004, 0.004, 0.004, 0.004, 0.004, 0.004, 0.004, 0.004, 0.004, 0.004, 0.004, 0.004, 0.004, 0.004, 0.004, 0.004, 0.004, 0.004, 0.004, 0.004, 0.004, 0.004, 0.004, 0.004, 0.004, 0.004, 0.004, 0.004, 0.004, 0.004, 0.004, 0.004, 0.004, 0.004, 0.004, 0.004, 0.004, 0.004, 0.004, 0.004, 0.004, 0.004, 0.004, 0.004, 0.004, 0.004, 0.004, 0.004, 0.004, 0.004, 0.004, 0.004, 0.004, 0.004, 0.004, 0.004, 0.004, 0.004, 0.004, 0.004, 0.004, 0.004, 0.004, 0.004, 0.004, 0.004, 0.004, 0.004, 0.004, 0.004, 0.004, 0.004, 0.004, 0.004, 0.004, 0.004, 0.004, 0.004]
Max test score: 0.493 found at epoch: 92
Max test score shapes: 0.349 found at epoch: 49
