percentFullySupervised0.2
domainLossMultiplier0.0001

Test Scores: [0.079, 0.094, 0.116, 0.15, 0.184, 0.209, 0.219, 0.256, 0.257, 0.259, 0.309, 0.293, 0.316, 0.33, 0.335, 0.352, 0.362, 0.402, 0.367, 0.404, 0.391, 0.391, 0.377, 0.403, 0.429, 0.418, 0.427, 0.446, 0.439, 0.413, 0.461, 0.445, 0.467, 0.45, 0.453, 0.444, 0.432, 0.44, 0.434, 0.435, 0.448, 0.459, 0.45, 0.448, 0.462, 0.428, 0.447, 0.424, 0.459, 0.464, 0.424, 0.439, 0.434, 0.47, 0.461, 0.44, 0.441, 0.466, 0.459, 0.453, 0.468, 0.468, 0.451, 0.458, 0.46, 0.433, 0.462, 0.448, 0.46, 0.443, 0.454, 0.475, 0.455, 0.47, 0.45, 0.421, 0.445, 0.45, 0.454, 0.463, 0.475, 0.459, 0.447, 0.466, 0.467, 0.47, 0.468, 0.482, 0.422, 0.459, 0.442, 0.466, 0.447, 0.492, 0.47, 0.464, 0.489, 0.481, 0.465, 0.458, 0.463, 0.463, 0.48, 0.47, 0.471, 0.47, 0.464, 0.48, 0.473, 0.448, 0.467, 0.472, 0.448, 0.466, 0.466, 0.469, 0.486, 0.467, 0.477, 0.468]
Test Scores w/o background: [0.087, 0.092, 0.107, 0.127, 0.141, 0.162, 0.168, 0.185, 0.191, 0.197, 0.215, 0.207, 0.221, 0.227, 0.231, 0.237, 0.243, 0.263, 0.249, 0.264, 0.262, 0.262, 0.251, 0.27, 0.285, 0.276, 0.285, 0.293, 0.295, 0.281, 0.309, 0.301, 0.306, 0.306, 0.305, 0.297, 0.292, 0.303, 0.29, 0.29, 0.298, 0.305, 0.304, 0.298, 0.31, 0.298, 0.303, 0.285, 0.303, 0.312, 0.286, 0.296, 0.296, 0.321, 0.311, 0.3, 0.302, 0.316, 0.313, 0.307, 0.31, 0.315, 0.303, 0.302, 0.302, 0.295, 0.309, 0.298, 0.307, 0.297, 0.296, 0.314, 0.304, 0.314, 0.308, 0.28, 0.298, 0.298, 0.303, 0.305, 0.315, 0.294, 0.289, 0.308, 0.306, 0.313, 0.312, 0.326, 0.287, 0.309, 0.301, 0.3, 0.304, 0.326, 0.308, 0.306, 0.327, 0.321, 0.306, 0.309, 0.311, 0.306, 0.321, 0.311, 0.314, 0.32, 0.31, 0.321, 0.307, 0.299, 0.305, 0.319, 0.292, 0.306, 0.308, 0.298, 0.326, 0.312, 0.326, 0.309]
Train Scores: [0.084, 0.102, 0.128, 0.161, 0.198, 0.22, 0.229, 0.262, 0.264, 0.261, 0.316, 0.3, 0.321, 0.336, 0.339, 0.357, 0.369, 0.409, 0.369, 0.407, 0.392, 0.392, 0.38, 0.406, 0.427, 0.421, 0.425, 0.449, 0.443, 0.425, 0.469, 0.453, 0.474, 0.46, 0.464, 0.451, 0.438, 0.449, 0.443, 0.448, 0.461, 0.475, 0.464, 0.455, 0.476, 0.439, 0.459, 0.443, 0.467, 0.481, 0.446, 0.463, 0.459, 0.487, 0.47, 0.458, 0.458, 0.484, 0.479, 0.475, 0.484, 0.486, 0.469, 0.474, 0.477, 0.457, 0.482, 0.472, 0.479, 0.467, 0.471, 0.491, 0.476, 0.49, 0.471, 0.452, 0.471, 0.475, 0.476, 0.485, 0.486, 0.478, 0.467, 0.476, 0.485, 0.482, 0.484, 0.492, 0.449, 0.481, 0.467, 0.482, 0.468, 0.497, 0.479, 0.478, 0.496, 0.492, 0.477, 0.475, 0.479, 0.471, 0.491, 0.482, 0.485, 0.478, 0.478, 0.484, 0.48, 0.468, 0.482, 0.485, 0.464, 0.482, 0.482, 0.476, 0.482, 0.471, 0.48, 0.475]
Train Scores w/o background: [0.092, 0.099, 0.117, 0.139, 0.155, 0.173, 0.179, 0.194, 0.196, 0.198, 0.22, 0.21, 0.22, 0.23, 0.231, 0.236, 0.245, 0.263, 0.245, 0.262, 0.256, 0.259, 0.245, 0.267, 0.275, 0.275, 0.276, 0.292, 0.293, 0.287, 0.314, 0.304, 0.311, 0.312, 0.311, 0.3, 0.29, 0.302, 0.292, 0.298, 0.307, 0.319, 0.315, 0.3, 0.321, 0.303, 0.31, 0.298, 0.307, 0.326, 0.304, 0.316, 0.315, 0.334, 0.314, 0.314, 0.313, 0.327, 0.326, 0.325, 0.319, 0.326, 0.314, 0.311, 0.314, 0.31, 0.322, 0.315, 0.318, 0.313, 0.305, 0.325, 0.319, 0.33, 0.322, 0.306, 0.317, 0.316, 0.317, 0.322, 0.32, 0.311, 0.306, 0.31, 0.32, 0.316, 0.322, 0.329, 0.306, 0.324, 0.319, 0.315, 0.317, 0.324, 0.314, 0.316, 0.33, 0.329, 0.315, 0.318, 0.321, 0.308, 0.326, 0.318, 0.322, 0.32, 0.319, 0.32, 0.311, 0.316, 0.318, 0.329, 0.307, 0.321, 0.32, 0.304, 0.314, 0.311, 0.32, 0.31]
Train Loss: [0.016, 0.016, 0.016, 0.015, 0.015, 0.015, 0.015, 0.014, 0.014, 0.014, 0.014, 0.013, 0.013, 0.013, 0.013, 0.013, 0.012, 0.012, 0.012, 0.012, 0.012, 0.012, 0.012, 0.011, 0.011, 0.011, 0.011, 0.011, 0.011, 0.011, 0.011, 0.011, 0.011, 0.011, 0.011, 0.011, 0.011, 0.011, 0.011, 0.011, 0.01, 0.01, 0.01, 0.01, 0.01, 0.01, 0.01, 0.01, 0.01, 0.01, 0.01, 0.01, 0.01, 0.01, 0.01, 0.01, 0.01, 0.01, 0.01, 0.01, 0.01, 0.01, 0.01, 0.01, 0.01, 0.01, 0.01, 0.01, 0.01, 0.01, 0.01, 0.01, 0.009, 0.009, 0.009, 0.009, 0.009, 0.009, 0.009, 0.009, 0.009, 0.009, 0.009, 0.009, 0.009, 0.009, 0.009, 0.009, 0.009, 0.009, 0.009, 0.009, 0.009, 0.009, 0.009, 0.009, 0.009, 0.009, 0.009, 0.009, 0.009, 0.009, 0.009, 0.009, 0.009, 0.009, 0.009, 0.009, 0.009, 0.009, 0.008, 0.008, 0.008, 0.008, 0.008, 0.008, 0.008, 0.008, 0.008, 0.008]
Max test score: 0.492 found at epoch: 94
Max test score shapes: 0.327 found at epoch: 97
