percentFullySupervised0.2
domainLossMultiplier0.0001
Active: Adjacencyloss True True 30 0.0001 True False 
Active: Relationsloss True 2 True 0.1 False True 
Active: OneHotloss True 35 
Active: MinSizeShapesloss True 1 
Active: MaxSizeShapesloss True 1 

Test Scores: [0.187, 0.304, 0.324, 0.336, 0.376, 0.382, 0.39, 0.437, 0.416, 0.397, 0.442, 0.407, 0.391, 0.44, 0.481, 0.482, 0.446, 0.486, 0.466, 0.472, 0.473, 0.483, 0.456, 0.462, 0.456, 0.439, 0.466, 0.449, 0.468, 0.438, 0.473, 0.435, 0.446, 0.472, 0.487, 0.462, 0.455, 0.445, 0.449, 0.449, 0.449, 0.475, 0.417, 0.402, 0.467, 0.476, 0.495, 0.471, 0.44, 0.441, 0.452, 0.477, 0.479, 0.478, 0.465, 0.423, 0.457, 0.477, 0.463, 0.459, 0.49, 0.476, 0.486, 0.487, 0.486, 0.456, 0.5, 0.502, 0.503, 0.501, 0.491, 0.494, 0.488, 0.519, 0.481, 0.46, 0.5, 0.503, 0.479, 0.49, 0.461, 0.483, 0.482, 0.483, 0.471, 0.487, 0.49, 0.478, 0.458, 0.483, 0.473, 0.486, 0.463, 0.513, 0.501, 0.488, 0.495, 0.487, 0.495, 0.503, 0.499, 0.481, 0.495, 0.51, 0.493, 0.494, 0.486, 0.484, 0.478, 0.464, 0.487, 0.491, 0.489, 0.471, 0.472, 0.49, 0.467, 0.451, 0.462, 0.491]
Test Scores w/o background: [0.11, 0.183, 0.21, 0.213, 0.231, 0.251, 0.265, 0.285, 0.293, 0.281, 0.308, 0.282, 0.268, 0.299, 0.336, 0.333, 0.291, 0.336, 0.311, 0.307, 0.327, 0.334, 0.324, 0.323, 0.313, 0.301, 0.327, 0.306, 0.325, 0.305, 0.32, 0.292, 0.293, 0.333, 0.342, 0.321, 0.312, 0.311, 0.314, 0.3, 0.285, 0.329, 0.28, 0.272, 0.318, 0.337, 0.346, 0.318, 0.295, 0.295, 0.316, 0.337, 0.334, 0.335, 0.325, 0.266, 0.314, 0.333, 0.317, 0.313, 0.346, 0.334, 0.337, 0.332, 0.343, 0.314, 0.351, 0.359, 0.353, 0.357, 0.341, 0.332, 0.336, 0.375, 0.34, 0.311, 0.357, 0.355, 0.33, 0.336, 0.314, 0.322, 0.335, 0.336, 0.32, 0.339, 0.338, 0.341, 0.326, 0.345, 0.342, 0.334, 0.329, 0.364, 0.353, 0.341, 0.349, 0.343, 0.344, 0.357, 0.354, 0.325, 0.34, 0.365, 0.356, 0.354, 0.344, 0.34, 0.332, 0.325, 0.341, 0.347, 0.346, 0.33, 0.34, 0.333, 0.329, 0.312, 0.317, 0.342]
Train Scores: [0.193, 0.328, 0.36, 0.359, 0.395, 0.388, 0.423, 0.443, 0.425, 0.413, 0.456, 0.412, 0.421, 0.476, 0.499, 0.503, 0.461, 0.508, 0.488, 0.501, 0.504, 0.508, 0.483, 0.486, 0.476, 0.468, 0.497, 0.48, 0.491, 0.47, 0.513, 0.466, 0.465, 0.489, 0.507, 0.486, 0.474, 0.461, 0.473, 0.47, 0.473, 0.51, 0.448, 0.436, 0.492, 0.498, 0.519, 0.502, 0.47, 0.469, 0.475, 0.494, 0.493, 0.494, 0.485, 0.442, 0.469, 0.484, 0.477, 0.471, 0.5, 0.491, 0.504, 0.498, 0.501, 0.466, 0.528, 0.526, 0.534, 0.515, 0.511, 0.53, 0.516, 0.541, 0.497, 0.478, 0.518, 0.522, 0.505, 0.517, 0.49, 0.502, 0.503, 0.509, 0.486, 0.5, 0.497, 0.486, 0.476, 0.497, 0.487, 0.52, 0.486, 0.538, 0.532, 0.52, 0.528, 0.513, 0.519, 0.519, 0.522, 0.516, 0.528, 0.535, 0.507, 0.515, 0.512, 0.508, 0.505, 0.491, 0.518, 0.533, 0.523, 0.508, 0.496, 0.521, 0.496, 0.487, 0.506, 0.531]
Train Scores w/o background: [0.109, 0.197, 0.236, 0.231, 0.253, 0.253, 0.292, 0.289, 0.298, 0.29, 0.318, 0.283, 0.296, 0.331, 0.351, 0.354, 0.3, 0.353, 0.33, 0.336, 0.358, 0.359, 0.349, 0.344, 0.326, 0.324, 0.354, 0.336, 0.348, 0.338, 0.362, 0.32, 0.312, 0.347, 0.358, 0.345, 0.332, 0.328, 0.34, 0.324, 0.309, 0.365, 0.309, 0.302, 0.345, 0.357, 0.37, 0.353, 0.329, 0.324, 0.338, 0.352, 0.349, 0.352, 0.345, 0.285, 0.328, 0.343, 0.333, 0.324, 0.353, 0.35, 0.354, 0.344, 0.359, 0.326, 0.38, 0.382, 0.383, 0.37, 0.362, 0.373, 0.366, 0.394, 0.354, 0.329, 0.374, 0.376, 0.354, 0.362, 0.342, 0.342, 0.354, 0.363, 0.341, 0.355, 0.349, 0.349, 0.345, 0.356, 0.353, 0.368, 0.35, 0.388, 0.382, 0.371, 0.381, 0.368, 0.368, 0.373, 0.376, 0.361, 0.373, 0.388, 0.37, 0.372, 0.37, 0.361, 0.353, 0.35, 0.37, 0.389, 0.378, 0.363, 0.36, 0.364, 0.357, 0.346, 0.359, 0.379]
Train Loss: [0.023, 0.017, 0.015, 0.014, 0.012, 0.011, 0.01, 0.01, 0.009, 0.009, 0.008, 0.008, 0.008, 0.008, 0.007, 0.007, 0.007, 0.006, 0.006, 0.006, 0.006, 0.006, 0.006, 0.006, 0.005, 0.005, 0.005, 0.005, 0.005, 0.005, 0.005, 0.005, 0.005, 0.005, 0.005, 0.005, 0.005, 0.005, 0.005, 0.005, 0.005, 0.005, 0.005, 0.005, 0.005, 0.005, 0.005, 0.004, 0.004, 0.004, 0.004, 0.004, 0.004, 0.004, 0.004, 0.005, 0.004, 0.004, 0.004, 0.004, 0.004, 0.004, 0.004, 0.004, 0.004, 0.004, 0.004, 0.004, 0.004, 0.004, 0.004, 0.004, 0.004, 0.004, 0.004, 0.004, 0.004, 0.004, 0.004, 0.004, 0.004, 0.004, 0.004, 0.004, 0.004, 0.004, 0.004, 0.004, 0.004, 0.004, 0.004, 0.004, 0.004, 0.004, 0.004, 0.004, 0.004, 0.004, 0.004, 0.004, 0.004, 0.004, 0.004, 0.004, 0.004, 0.004, 0.004, 0.004, 0.004, 0.004, 0.004, 0.004, 0.004, 0.004, 0.004, 0.004, 0.004, 0.004, 0.004, 0.004]
Max test score: 0.519 found at epoch: 74
Max test score shapes: 0.375 found at epoch: 74
