percentFullySupervised0.2
domainLossMultiplier0.001
Active: Adjacencyloss True True 30 0.0001 True False 
Active: Relationsloss True 2 True 0.1 False True 
Active: OneHotloss True 35 
Active: MinSizeShapesloss True 1 
Active: MaxSizeShapesloss True 1 

Test Scores: [0.146, 0.256, 0.268, 0.282, 0.325, 0.348, 0.322, 0.386, 0.328, 0.317, 0.371, 0.349, 0.381, 0.383, 0.419, 0.415, 0.42, 0.464, 0.469, 0.425, 0.461, 0.475, 0.406, 0.472, 0.487, 0.449, 0.495, 0.457, 0.443, 0.447, 0.483, 0.484, 0.471, 0.506, 0.481, 0.502, 0.507, 0.489, 0.481, 0.499, 0.516, 0.477, 0.487, 0.495, 0.525, 0.504, 0.527, 0.522, 0.515, 0.514, 0.463, 0.488, 0.458, 0.468, 0.503, 0.502, 0.519, 0.504, 0.503, 0.505, 0.507, 0.512, 0.506, 0.518, 0.514, 0.496, 0.498, 0.5, 0.493, 0.501, 0.475, 0.481, 0.493, 0.512, 0.496, 0.468, 0.501, 0.499, 0.484, 0.498, 0.458, 0.486, 0.469, 0.466, 0.493, 0.505, 0.497, 0.496, 0.487, 0.487, 0.472, 0.528, 0.5, 0.519, 0.511, 0.501, 0.529, 0.518, 0.514, 0.516, 0.527, 0.52, 0.527, 0.524, 0.518, 0.519, 0.514, 0.508, 0.509, 0.468, 0.498, 0.493, 0.459, 0.477, 0.465, 0.48, 0.502, 0.485, 0.491, 0.495]
Test Scores w/o background: [0.084, 0.14, 0.137, 0.128, 0.151, 0.164, 0.152, 0.19, 0.156, 0.145, 0.178, 0.168, 0.188, 0.194, 0.236, 0.23, 0.232, 0.298, 0.298, 0.236, 0.298, 0.316, 0.241, 0.308, 0.321, 0.285, 0.337, 0.288, 0.262, 0.29, 0.331, 0.334, 0.292, 0.34, 0.31, 0.346, 0.343, 0.329, 0.317, 0.338, 0.359, 0.313, 0.329, 0.34, 0.372, 0.351, 0.379, 0.371, 0.355, 0.362, 0.324, 0.341, 0.319, 0.329, 0.361, 0.362, 0.385, 0.358, 0.351, 0.362, 0.359, 0.359, 0.355, 0.36, 0.355, 0.344, 0.339, 0.347, 0.339, 0.349, 0.302, 0.31, 0.334, 0.358, 0.35, 0.319, 0.353, 0.348, 0.333, 0.337, 0.275, 0.327, 0.325, 0.305, 0.336, 0.355, 0.346, 0.352, 0.343, 0.326, 0.319, 0.378, 0.36, 0.358, 0.354, 0.351, 0.376, 0.367, 0.364, 0.37, 0.373, 0.366, 0.372, 0.375, 0.37, 0.369, 0.36, 0.353, 0.354, 0.312, 0.335, 0.341, 0.306, 0.312, 0.314, 0.307, 0.348, 0.334, 0.345, 0.344]
Train Scores: [0.144, 0.251, 0.27, 0.288, 0.325, 0.362, 0.347, 0.407, 0.345, 0.333, 0.389, 0.361, 0.396, 0.408, 0.444, 0.441, 0.447, 0.491, 0.5, 0.463, 0.49, 0.488, 0.416, 0.477, 0.493, 0.455, 0.507, 0.474, 0.468, 0.475, 0.512, 0.505, 0.504, 0.527, 0.499, 0.517, 0.519, 0.504, 0.5, 0.525, 0.539, 0.498, 0.512, 0.517, 0.538, 0.516, 0.545, 0.544, 0.545, 0.539, 0.49, 0.512, 0.494, 0.498, 0.531, 0.522, 0.535, 0.531, 0.531, 0.526, 0.522, 0.54, 0.533, 0.538, 0.535, 0.505, 0.519, 0.512, 0.522, 0.518, 0.505, 0.516, 0.52, 0.54, 0.519, 0.494, 0.514, 0.504, 0.487, 0.515, 0.492, 0.515, 0.486, 0.485, 0.513, 0.521, 0.507, 0.506, 0.505, 0.494, 0.487, 0.547, 0.51, 0.536, 0.524, 0.514, 0.538, 0.528, 0.53, 0.533, 0.549, 0.551, 0.549, 0.543, 0.54, 0.539, 0.526, 0.522, 0.535, 0.486, 0.521, 0.515, 0.488, 0.496, 0.484, 0.495, 0.501, 0.49, 0.499, 0.502]
Train Scores w/o background: [0.077, 0.122, 0.126, 0.135, 0.154, 0.174, 0.167, 0.208, 0.165, 0.153, 0.192, 0.172, 0.196, 0.214, 0.258, 0.256, 0.258, 0.32, 0.327, 0.275, 0.327, 0.326, 0.251, 0.311, 0.325, 0.29, 0.348, 0.305, 0.288, 0.315, 0.357, 0.349, 0.329, 0.362, 0.33, 0.359, 0.351, 0.34, 0.331, 0.365, 0.383, 0.336, 0.351, 0.359, 0.378, 0.355, 0.391, 0.389, 0.383, 0.386, 0.344, 0.357, 0.35, 0.351, 0.382, 0.375, 0.391, 0.38, 0.377, 0.377, 0.365, 0.384, 0.378, 0.378, 0.376, 0.352, 0.355, 0.354, 0.36, 0.361, 0.336, 0.344, 0.36, 0.381, 0.363, 0.336, 0.358, 0.347, 0.333, 0.351, 0.309, 0.352, 0.336, 0.324, 0.354, 0.368, 0.351, 0.356, 0.358, 0.332, 0.331, 0.392, 0.363, 0.371, 0.364, 0.359, 0.378, 0.37, 0.375, 0.382, 0.391, 0.393, 0.39, 0.387, 0.387, 0.383, 0.364, 0.359, 0.376, 0.325, 0.355, 0.36, 0.335, 0.327, 0.331, 0.321, 0.337, 0.331, 0.344, 0.342]
Train Loss: [0.088, 0.043, 0.034, 0.027, 0.022, 0.019, 0.017, 0.015, 0.014, 0.014, 0.012, 0.012, 0.011, 0.01, 0.009, 0.009, 0.008, 0.008, 0.007, 0.007, 0.006, 0.006, 0.007, 0.006, 0.006, 0.006, 0.006, 0.006, 0.006, 0.006, 0.006, 0.006, 0.005, 0.005, 0.005, 0.005, 0.005, 0.005, 0.005, 0.005, 0.005, 0.005, 0.005, 0.005, 0.005, 0.005, 0.005, 0.005, 0.005, 0.005, 0.005, 0.004, 0.004, 0.004, 0.005, 0.005, 0.005, 0.005, 0.005, 0.004, 0.004, 0.004, 0.004, 0.004, 0.004, 0.004, 0.004, 0.004, 0.004, 0.004, 0.004, 0.004, 0.004, 0.004, 0.004, 0.004, 0.004, 0.004, 0.004, 0.004, 0.004, 0.004, 0.004, 0.004, 0.004, 0.004, 0.004, 0.004, 0.004, 0.004, 0.004, 0.004, 0.004, 0.004, 0.004, 0.004, 0.004, 0.004, 0.004, 0.004, 0.004, 0.004, 0.004, 0.004, 0.004, 0.004, 0.004, 0.004, 0.004, 0.004, 0.004, 0.004, 0.004, 0.004, 0.004, 0.004, 0.004, 0.004, 0.004, 0.004]
Max test score: 0.529 found at epoch: 97
Max test score shapes: 0.385 found at epoch: 57
