percentFullySupervised0.2
domainLossMultiplier0.001
Active: Adjacencyloss True True 30 0.0001 True False 
Active: Relationsloss True 2 True 0.1 False True 
Active: OneHotloss True 35 
Active: MinSizeShapesloss True 1 0.6 0.0035 0.015 
Active: MaxSizeShapesloss True 1 0.98 0.2 0.42 

2x40

Test Scores: [0.289, 0.397, 0.422, 0.421, 0.48, 0.488, 0.534, 0.53, 0.567, 0.543, 0.571, 0.527, 0.555, 0.559, 0.551, 0.551, 0.511, 0.488, 0.578, 0.54, 0.528, 0.578, 0.592, 0.569, 0.54, 0.568, 0.585, 0.545, 0.599, 0.573, 0.567, 0.582, 0.506, 0.526, 0.564, 0.574, 0.578, 0.571, 0.583, 0.56, 0.581, 0.548, 0.574, 0.524, 0.538, 0.526, 0.552, 0.599, 0.525, 0.551, 0.544, 0.572, 0.575, 0.57, 0.548, 0.556, 0.506, 0.533, 0.577, 0.536, 0.587, 0.576, 0.579, 0.541, 0.578, 0.566, 0.53, 0.562, 0.565, 0.587, 0.594, 0.561, 0.558, 0.571, 0.596, 0.588, 0.571, 0.568, 0.575, 0.559, 0.543, 0.566, 0.593, 0.602, 0.559, 0.58, 0.582, 0.608, 0.579, 0.565, 0.606, 0.548, 0.593, 0.575, 0.589, 0.58, 0.582, 0.596, 0.581, 0.598, 0.581, 0.574, 0.56, 0.554, 0.583, 0.598, 0.593, 0.545, 0.547, 0.569, 0.562, 0.592, 0.594, 0.576, 0.583, 0.529, 0.599, 0.605, 0.598, 0.587]
Test Scores w/o background: [0.202, 0.268, 0.295, 0.291, 0.319, 0.346, 0.392, 0.374, 0.42, 0.393, 0.417, 0.358, 0.394, 0.415, 0.398, 0.403, 0.335, 0.301, 0.428, 0.372, 0.354, 0.431, 0.452, 0.413, 0.372, 0.412, 0.437, 0.38, 0.463, 0.418, 0.41, 0.434, 0.329, 0.368, 0.412, 0.423, 0.429, 0.418, 0.432, 0.402, 0.432, 0.383, 0.42, 0.355, 0.372, 0.356, 0.396, 0.46, 0.353, 0.391, 0.384, 0.419, 0.425, 0.419, 0.384, 0.398, 0.328, 0.361, 0.427, 0.372, 0.438, 0.423, 0.437, 0.375, 0.431, 0.409, 0.363, 0.404, 0.419, 0.442, 0.449, 0.401, 0.401, 0.417, 0.454, 0.45, 0.416, 0.415, 0.422, 0.402, 0.379, 0.41, 0.451, 0.463, 0.4, 0.428, 0.433, 0.472, 0.432, 0.407, 0.466, 0.384, 0.455, 0.425, 0.444, 0.431, 0.434, 0.452, 0.429, 0.454, 0.431, 0.421, 0.399, 0.392, 0.431, 0.456, 0.448, 0.38, 0.383, 0.412, 0.407, 0.449, 0.451, 0.424, 0.432, 0.356, 0.459, 0.465, 0.454, 0.438]
Train Scores: [0.327, 0.419, 0.439, 0.446, 0.492, 0.502, 0.537, 0.534, 0.573, 0.569, 0.567, 0.539, 0.562, 0.56, 0.566, 0.568, 0.534, 0.514, 0.594, 0.568, 0.534, 0.594, 0.626, 0.589, 0.575, 0.6, 0.599, 0.592, 0.619, 0.602, 0.601, 0.628, 0.55, 0.55, 0.602, 0.603, 0.612, 0.615, 0.626, 0.603, 0.619, 0.596, 0.62, 0.566, 0.591, 0.563, 0.593, 0.637, 0.562, 0.585, 0.596, 0.614, 0.609, 0.601, 0.59, 0.589, 0.555, 0.588, 0.621, 0.568, 0.628, 0.618, 0.611, 0.587, 0.61, 0.588, 0.568, 0.611, 0.595, 0.621, 0.624, 0.602, 0.598, 0.62, 0.636, 0.626, 0.617, 0.606, 0.621, 0.599, 0.576, 0.605, 0.628, 0.64, 0.596, 0.621, 0.613, 0.645, 0.613, 0.611, 0.643, 0.593, 0.625, 0.608, 0.624, 0.621, 0.618, 0.614, 0.621, 0.646, 0.62, 0.614, 0.605, 0.589, 0.628, 0.632, 0.641, 0.576, 0.584, 0.615, 0.604, 0.614, 0.619, 0.607, 0.624, 0.569, 0.627, 0.639, 0.629, 0.627]
Train Scores w/o background: [0.237, 0.29, 0.311, 0.313, 0.339, 0.37, 0.397, 0.385, 0.433, 0.424, 0.411, 0.377, 0.404, 0.415, 0.42, 0.43, 0.369, 0.336, 0.453, 0.411, 0.369, 0.455, 0.493, 0.437, 0.417, 0.456, 0.457, 0.441, 0.487, 0.457, 0.454, 0.492, 0.381, 0.403, 0.464, 0.464, 0.472, 0.472, 0.487, 0.458, 0.482, 0.449, 0.483, 0.406, 0.44, 0.404, 0.452, 0.51, 0.401, 0.435, 0.449, 0.474, 0.469, 0.461, 0.438, 0.442, 0.391, 0.434, 0.488, 0.414, 0.496, 0.481, 0.478, 0.435, 0.473, 0.443, 0.412, 0.471, 0.458, 0.488, 0.492, 0.458, 0.459, 0.484, 0.507, 0.498, 0.478, 0.467, 0.484, 0.456, 0.425, 0.462, 0.498, 0.512, 0.449, 0.482, 0.474, 0.519, 0.474, 0.469, 0.52, 0.443, 0.499, 0.469, 0.489, 0.484, 0.482, 0.477, 0.482, 0.517, 0.486, 0.474, 0.46, 0.442, 0.493, 0.502, 0.513, 0.42, 0.431, 0.477, 0.464, 0.48, 0.484, 0.467, 0.488, 0.41, 0.491, 0.51, 0.494, 0.492]
Train Loss: [0.304, 0.232, 0.198, 0.175, 0.162, 0.146, 0.133, 0.123, 0.114, 0.106, 0.099, 0.095, 0.092, 0.088, 0.087, 0.085, 0.086, 0.083, 0.081, 0.08, 0.08, 0.079, 0.078, 0.077, 0.076, 0.075, 0.074, 0.074, 0.074, 0.073, 0.072, 0.072, 0.071, 0.072, 0.071, 0.071, 0.07, 0.071, 0.071, 0.07, 0.069, 0.069, 0.068, 0.068, 0.068, 0.068, 0.068, 0.068, 0.068, 0.068, 0.069, 0.067, 0.067, 0.066, 0.066, 0.065, 0.065, 0.065, 0.065, 0.065, 0.065, 0.064, 0.065, 0.065, 0.064, 0.065, 0.065, 0.064, 0.064, 0.064, 0.063, 0.064, 0.064, 0.063, 0.063, 0.063, 0.063, 0.063, 0.062, 0.062, 0.062, 0.062, 0.062, 0.062, 0.063, 0.063, 0.062, 0.062, 0.062, 0.062, 0.062, 0.062, 0.062, 0.061, 0.061, 0.062, 0.061, 0.061, 0.061, 0.061, 0.061, 0.061, 0.06, 0.06, 0.06, 0.06, 0.06, 0.06, 0.061, 0.061, 0.06, 0.06, 0.059, 0.06, 0.059, 0.059, 0.059, 0.059, 0.059, 0.06]
Max test score: 0.608 found at epoch: 88
Max test score shapes: 0.472 found at epoch: 88
