percentFullySupervised0.2
domainLossMultiplier0.001

2x40

Test Scores: [0.311, 0.385, 0.421, 0.433, 0.482, 0.485, 0.524, 0.516, 0.545, 0.551, 0.557, 0.508, 0.541, 0.56, 0.539, 0.587, 0.515, 0.452, 0.549, 0.534, 0.533, 0.554, 0.586, 0.48, 0.561, 0.553, 0.583, 0.575, 0.566, 0.585, 0.589, 0.563, 0.562, 0.587, 0.564, 0.587, 0.574, 0.582, 0.547, 0.579, 0.569, 0.58, 0.546, 0.558, 0.545, 0.576, 0.56, 0.583, 0.562, 0.521, 0.583, 0.564, 0.592, 0.585, 0.564, 0.561, 0.552, 0.559, 0.606, 0.558, 0.565, 0.555, 0.579, 0.558, 0.576, 0.561, 0.562, 0.56, 0.591, 0.566, 0.57, 0.574, 0.535, 0.53, 0.596, 0.578, 0.551, 0.584, 0.551, 0.562, 0.577, 0.541, 0.569, 0.587, 0.574, 0.592, 0.549, 0.593, 0.566, 0.582, 0.593, 0.555, 0.597, 0.547, 0.554, 0.542, 0.547, 0.568, 0.567, 0.576, 0.57, 0.582, 0.525, 0.532, 0.544, 0.591, 0.589, 0.534, 0.556, 0.574, 0.576, 0.587, 0.562, 0.578, 0.567, 0.519, 0.579, 0.587, 0.605, 0.572]
Test Scores w/o background: [0.229, 0.26, 0.296, 0.291, 0.323, 0.353, 0.379, 0.356, 0.395, 0.41, 0.4, 0.338, 0.376, 0.415, 0.38, 0.437, 0.336, 0.256, 0.385, 0.362, 0.369, 0.393, 0.437, 0.291, 0.404, 0.396, 0.437, 0.422, 0.413, 0.44, 0.442, 0.408, 0.406, 0.443, 0.421, 0.446, 0.423, 0.433, 0.391, 0.431, 0.411, 0.428, 0.379, 0.398, 0.385, 0.433, 0.414, 0.436, 0.407, 0.346, 0.437, 0.411, 0.451, 0.44, 0.405, 0.403, 0.391, 0.4, 0.471, 0.399, 0.41, 0.393, 0.432, 0.396, 0.423, 0.406, 0.405, 0.399, 0.448, 0.409, 0.414, 0.423, 0.372, 0.359, 0.455, 0.429, 0.385, 0.436, 0.39, 0.405, 0.425, 0.375, 0.419, 0.439, 0.419, 0.444, 0.383, 0.448, 0.414, 0.431, 0.448, 0.393, 0.453, 0.38, 0.392, 0.377, 0.381, 0.412, 0.412, 0.424, 0.415, 0.432, 0.35, 0.36, 0.377, 0.448, 0.442, 0.364, 0.392, 0.426, 0.425, 0.439, 0.404, 0.425, 0.409, 0.341, 0.428, 0.439, 0.465, 0.42]
Train Scores: [0.32, 0.393, 0.437, 0.455, 0.499, 0.511, 0.545, 0.514, 0.548, 0.577, 0.578, 0.536, 0.56, 0.589, 0.566, 0.61, 0.569, 0.461, 0.565, 0.564, 0.558, 0.589, 0.604, 0.515, 0.592, 0.584, 0.608, 0.612, 0.59, 0.605, 0.62, 0.596, 0.59, 0.618, 0.607, 0.619, 0.603, 0.612, 0.577, 0.601, 0.592, 0.614, 0.591, 0.593, 0.578, 0.59, 0.583, 0.623, 0.584, 0.553, 0.62, 0.6, 0.618, 0.599, 0.602, 0.599, 0.581, 0.583, 0.615, 0.582, 0.58, 0.587, 0.609, 0.578, 0.614, 0.583, 0.598, 0.591, 0.622, 0.607, 0.603, 0.607, 0.568, 0.568, 0.621, 0.6, 0.586, 0.622, 0.589, 0.611, 0.604, 0.568, 0.609, 0.62, 0.586, 0.625, 0.584, 0.629, 0.609, 0.622, 0.624, 0.587, 0.642, 0.579, 0.609, 0.577, 0.583, 0.606, 0.607, 0.619, 0.604, 0.609, 0.57, 0.576, 0.585, 0.622, 0.624, 0.575, 0.601, 0.619, 0.609, 0.628, 0.6, 0.607, 0.612, 0.56, 0.624, 0.63, 0.643, 0.611]
Train Scores w/o background: [0.247, 0.275, 0.311, 0.316, 0.343, 0.382, 0.405, 0.361, 0.397, 0.442, 0.427, 0.378, 0.399, 0.45, 0.412, 0.468, 0.407, 0.265, 0.407, 0.398, 0.402, 0.439, 0.461, 0.335, 0.445, 0.438, 0.47, 0.472, 0.444, 0.471, 0.483, 0.45, 0.442, 0.48, 0.468, 0.484, 0.46, 0.473, 0.428, 0.46, 0.441, 0.472, 0.437, 0.445, 0.425, 0.454, 0.445, 0.484, 0.431, 0.384, 0.482, 0.457, 0.486, 0.461, 0.456, 0.456, 0.429, 0.433, 0.483, 0.432, 0.431, 0.435, 0.472, 0.423, 0.475, 0.436, 0.453, 0.442, 0.487, 0.463, 0.459, 0.467, 0.418, 0.411, 0.488, 0.459, 0.433, 0.488, 0.443, 0.47, 0.463, 0.41, 0.47, 0.483, 0.433, 0.487, 0.43, 0.498, 0.47, 0.485, 0.49, 0.438, 0.515, 0.423, 0.466, 0.425, 0.43, 0.465, 0.465, 0.482, 0.461, 0.469, 0.412, 0.419, 0.432, 0.491, 0.49, 0.418, 0.453, 0.486, 0.468, 0.496, 0.453, 0.464, 0.472, 0.396, 0.487, 0.497, 0.515, 0.471]
Train Loss: [0.266, 0.214, 0.19, 0.172, 0.159, 0.146, 0.134, 0.125, 0.115, 0.107, 0.099, 0.096, 0.093, 0.088, 0.085, 0.083, 0.083, 0.081, 0.078, 0.078, 0.076, 0.076, 0.076, 0.075, 0.075, 0.073, 0.072, 0.072, 0.071, 0.071, 0.07, 0.07, 0.071, 0.071, 0.072, 0.07, 0.07, 0.07, 0.07, 0.07, 0.069, 0.068, 0.068, 0.068, 0.067, 0.067, 0.067, 0.067, 0.067, 0.067, 0.066, 0.066, 0.065, 0.065, 0.065, 0.064, 0.064, 0.064, 0.064, 0.064, 0.064, 0.063, 0.063, 0.063, 0.063, 0.063, 0.063, 0.063, 0.063, 0.063, 0.063, 0.062, 0.062, 0.062, 0.062, 0.062, 0.062, 0.062, 0.061, 0.061, 0.061, 0.062, 0.062, 0.061, 0.061, 0.061, 0.061, 0.061, 0.061, 0.061, 0.061, 0.061, 0.061, 0.061, 0.061, 0.061, 0.061, 0.061, 0.061, 0.06, 0.061, 0.061, 0.06, 0.06, 0.06, 0.06, 0.06, 0.06, 0.06, 0.06, 0.06, 0.059, 0.059, 0.059, 0.059, 0.059, 0.059, 0.059, 0.059, 0.059]
Max test score: 0.606 found at epoch: 59
Max test score shapes: 0.471 found at epoch: 59
