percentFullySupervised0.2
domainLossMultiplier0.001

40 fullySupervised

Test Scores: [0.212, 0.329, 0.345, 0.336, 0.444, 0.421, 0.5, 0.514, 0.533, 0.556, 0.549, 0.555, 0.569, 0.553, 0.578, 0.593, 0.536, 0.537, 0.552, 0.553, 0.57, 0.581, 0.568, 0.569, 0.521, 0.541, 0.56, 0.523, 0.585, 0.585, 0.572, 0.583, 0.565, 0.568, 0.597, 0.567, 0.581, 0.596, 0.571, 0.572, 0.546, 0.596, 0.57, 0.577, 0.567, 0.569, 0.593, 0.578, 0.545, 0.526, 0.582, 0.591, 0.583, 0.59, 0.536, 0.575, 0.562, 0.583, 0.58, 0.591, 0.6, 0.578, 0.577, 0.556, 0.585, 0.559, 0.588, 0.562, 0.594, 0.581, 0.58, 0.588, 0.582, 0.553, 0.597, 0.568, 0.576, 0.586, 0.58, 0.578, 0.552, 0.573, 0.579, 0.602, 0.564, 0.61, 0.574, 0.602, 0.581, 0.588, 0.611, 0.557, 0.603, 0.601, 0.574, 0.577, 0.588, 0.567, 0.59, 0.588, 0.584, 0.559, 0.569, 0.581, 0.574, 0.586, 0.579, 0.554, 0.545, 0.583, 0.581, 0.605, 0.571, 0.578, 0.586, 0.548, 0.571, 0.597, 0.584, 0.572]
Test Scores w/o background: [0.176, 0.233, 0.22, 0.243, 0.304, 0.294, 0.366, 0.358, 0.38, 0.416, 0.401, 0.394, 0.422, 0.404, 0.439, 0.445, 0.371, 0.377, 0.396, 0.389, 0.421, 0.434, 0.416, 0.417, 0.354, 0.376, 0.416, 0.351, 0.435, 0.447, 0.425, 0.44, 0.413, 0.413, 0.454, 0.41, 0.434, 0.455, 0.416, 0.419, 0.394, 0.453, 0.416, 0.431, 0.416, 0.416, 0.453, 0.442, 0.384, 0.357, 0.433, 0.447, 0.432, 0.449, 0.371, 0.424, 0.409, 0.441, 0.431, 0.452, 0.457, 0.426, 0.427, 0.4, 0.438, 0.403, 0.446, 0.411, 0.455, 0.431, 0.43, 0.444, 0.436, 0.392, 0.458, 0.425, 0.427, 0.442, 0.433, 0.43, 0.397, 0.421, 0.433, 0.464, 0.404, 0.473, 0.42, 0.461, 0.44, 0.444, 0.481, 0.399, 0.466, 0.46, 0.424, 0.433, 0.438, 0.411, 0.447, 0.448, 0.438, 0.398, 0.413, 0.433, 0.423, 0.444, 0.428, 0.393, 0.38, 0.437, 0.433, 0.465, 0.417, 0.427, 0.439, 0.384, 0.418, 0.458, 0.437, 0.422]
Train Scores: [0.224, 0.329, 0.343, 0.349, 0.458, 0.426, 0.491, 0.539, 0.546, 0.567, 0.566, 0.57, 0.557, 0.569, 0.567, 0.6, 0.548, 0.545, 0.568, 0.575, 0.583, 0.599, 0.608, 0.582, 0.522, 0.533, 0.549, 0.502, 0.61, 0.594, 0.586, 0.596, 0.594, 0.583, 0.608, 0.585, 0.606, 0.613, 0.608, 0.61, 0.558, 0.597, 0.581, 0.588, 0.593, 0.592, 0.618, 0.601, 0.568, 0.555, 0.608, 0.619, 0.604, 0.622, 0.552, 0.604, 0.577, 0.614, 0.581, 0.623, 0.611, 0.605, 0.601, 0.572, 0.612, 0.568, 0.586, 0.569, 0.605, 0.593, 0.597, 0.595, 0.599, 0.575, 0.621, 0.585, 0.603, 0.62, 0.61, 0.583, 0.55, 0.596, 0.601, 0.617, 0.584, 0.626, 0.597, 0.609, 0.602, 0.611, 0.632, 0.583, 0.624, 0.622, 0.599, 0.591, 0.604, 0.592, 0.623, 0.622, 0.608, 0.6, 0.609, 0.605, 0.601, 0.61, 0.598, 0.586, 0.572, 0.613, 0.6, 0.637, 0.604, 0.607, 0.609, 0.585, 0.605, 0.627, 0.613, 0.605]
Train Scores w/o background: [0.189, 0.233, 0.211, 0.254, 0.324, 0.301, 0.354, 0.39, 0.393, 0.424, 0.417, 0.413, 0.411, 0.423, 0.42, 0.454, 0.389, 0.384, 0.417, 0.424, 0.438, 0.455, 0.463, 0.43, 0.356, 0.371, 0.407, 0.322, 0.464, 0.454, 0.441, 0.457, 0.45, 0.432, 0.466, 0.431, 0.463, 0.472, 0.457, 0.466, 0.41, 0.451, 0.431, 0.442, 0.445, 0.443, 0.481, 0.468, 0.41, 0.39, 0.464, 0.484, 0.459, 0.487, 0.389, 0.46, 0.428, 0.478, 0.434, 0.494, 0.472, 0.461, 0.457, 0.418, 0.474, 0.414, 0.445, 0.423, 0.468, 0.449, 0.45, 0.452, 0.458, 0.419, 0.487, 0.45, 0.465, 0.488, 0.473, 0.44, 0.394, 0.451, 0.459, 0.48, 0.428, 0.491, 0.449, 0.469, 0.465, 0.471, 0.504, 0.426, 0.492, 0.489, 0.457, 0.449, 0.458, 0.445, 0.489, 0.491, 0.468, 0.451, 0.465, 0.464, 0.457, 0.475, 0.453, 0.435, 0.415, 0.475, 0.458, 0.507, 0.459, 0.467, 0.47, 0.433, 0.461, 0.495, 0.473, 0.464]
Train Loss: [0.152, 0.116, 0.104, 0.096, 0.09, 0.083, 0.078, 0.073, 0.069, 0.065, 0.061, 0.057, 0.055, 0.052, 0.05, 0.049, 0.047, 0.046, 0.044, 0.043, 0.043, 0.041, 0.042, 0.042, 0.041, 0.041, 0.04, 0.039, 0.039, 0.038, 0.038, 0.038, 0.036, 0.036, 0.036, 0.036, 0.036, 0.036, 0.036, 0.036, 0.036, 0.036, 0.036, 0.035, 0.034, 0.035, 0.034, 0.034, 0.034, 0.034, 0.034, 0.034, 0.033, 0.034, 0.033, 0.033, 0.033, 0.033, 0.033, 0.033, 0.033, 0.033, 0.033, 0.033, 0.032, 0.032, 0.032, 0.032, 0.032, 0.032, 0.032, 0.032, 0.032, 0.032, 0.032, 0.031, 0.031, 0.031, 0.031, 0.031, 0.031, 0.031, 0.031, 0.031, 0.031, 0.031, 0.031, 0.031, 0.031, 0.03, 0.03, 0.03, 0.03, 0.03, 0.031, 0.031, 0.031, 0.031, 0.031, 0.03, 0.03, 0.03, 0.03, 0.03, 0.03, 0.03, 0.03, 0.03, 0.03, 0.03, 0.03, 0.03, 0.03, 0.03, 0.03, 0.03, 0.03, 0.029, 0.029, 0.03]
Max test score: 0.611 found at epoch: 91
Max test score shapes: 0.481 found at epoch: 91
