percentFullySupervised0.2
domainLossMultiplier0.001
Active: Adjacencyloss True True 30 0.0001 True False 
Active: Relationsloss True 2 True 0.1 False True 
Active: OneHotloss True 35 
Active: MinSizeShapesloss True 1 0.6 0.0035 0.015 
Active: MaxSizeShapesloss True 1 0.98 0.2 0.42 

40 fullysupervised 

Test Scores: [0.247, 0.337, 0.364, 0.37, 0.477, 0.456, 0.493, 0.525, 0.533, 0.535, 0.534, 0.541, 0.559, 0.528, 0.596, 0.571, 0.483, 0.54, 0.56, 0.59, 0.567, 0.58, 0.587, 0.583, 0.566, 0.574, 0.6, 0.537, 0.572, 0.617, 0.589, 0.592, 0.542, 0.575, 0.582, 0.553, 0.571, 0.586, 0.577, 0.597, 0.591, 0.574, 0.589, 0.564, 0.582, 0.595, 0.606, 0.611, 0.56, 0.564, 0.584, 0.579, 0.577, 0.561, 0.547, 0.537, 0.508, 0.597, 0.59, 0.565, 0.559, 0.574, 0.601, 0.58, 0.606, 0.577, 0.573, 0.583, 0.609, 0.587, 0.614, 0.571, 0.587, 0.581, 0.614, 0.58, 0.578, 0.587, 0.583, 0.521, 0.552, 0.569, 0.591, 0.579, 0.564, 0.573, 0.56, 0.61, 0.577, 0.581, 0.605, 0.534, 0.599, 0.561, 0.556, 0.562, 0.579, 0.594, 0.581, 0.615, 0.564, 0.612, 0.548, 0.572, 0.565, 0.597, 0.546, 0.524, 0.553, 0.571, 0.59, 0.619, 0.606, 0.591, 0.583, 0.555, 0.597, 0.585, 0.607, 0.588]
Test Scores w/o background: [0.169, 0.223, 0.214, 0.23, 0.324, 0.329, 0.362, 0.376, 0.387, 0.384, 0.379, 0.399, 0.408, 0.37, 0.457, 0.42, 0.29, 0.376, 0.398, 0.45, 0.41, 0.43, 0.437, 0.433, 0.41, 0.423, 0.454, 0.366, 0.419, 0.482, 0.444, 0.452, 0.374, 0.427, 0.43, 0.393, 0.415, 0.439, 0.427, 0.449, 0.442, 0.422, 0.441, 0.402, 0.433, 0.446, 0.464, 0.474, 0.4, 0.401, 0.432, 0.426, 0.428, 0.396, 0.381, 0.368, 0.328, 0.448, 0.444, 0.403, 0.393, 0.417, 0.461, 0.426, 0.467, 0.421, 0.421, 0.432, 0.471, 0.435, 0.473, 0.413, 0.435, 0.426, 0.477, 0.427, 0.424, 0.435, 0.43, 0.347, 0.39, 0.412, 0.443, 0.423, 0.401, 0.416, 0.398, 0.467, 0.423, 0.426, 0.462, 0.364, 0.454, 0.401, 0.394, 0.402, 0.425, 0.446, 0.425, 0.475, 0.405, 0.472, 0.383, 0.418, 0.408, 0.451, 0.379, 0.352, 0.389, 0.414, 0.439, 0.481, 0.463, 0.442, 0.432, 0.39, 0.45, 0.433, 0.462, 0.439]
Train Scores: [0.273, 0.35, 0.371, 0.403, 0.499, 0.471, 0.515, 0.552, 0.528, 0.552, 0.549, 0.539, 0.587, 0.525, 0.594, 0.606, 0.487, 0.535, 0.563, 0.598, 0.588, 0.603, 0.598, 0.594, 0.576, 0.59, 0.604, 0.561, 0.584, 0.615, 0.603, 0.599, 0.573, 0.57, 0.582, 0.564, 0.607, 0.61, 0.594, 0.607, 0.618, 0.579, 0.615, 0.581, 0.61, 0.614, 0.623, 0.633, 0.576, 0.586, 0.611, 0.609, 0.606, 0.593, 0.578, 0.575, 0.531, 0.623, 0.616, 0.584, 0.582, 0.604, 0.622, 0.602, 0.622, 0.589, 0.59, 0.611, 0.627, 0.614, 0.64, 0.608, 0.619, 0.606, 0.63, 0.605, 0.608, 0.624, 0.613, 0.529, 0.568, 0.599, 0.628, 0.613, 0.595, 0.611, 0.592, 0.639, 0.595, 0.601, 0.633, 0.562, 0.642, 0.59, 0.595, 0.605, 0.622, 0.628, 0.615, 0.644, 0.588, 0.635, 0.592, 0.613, 0.604, 0.637, 0.576, 0.564, 0.591, 0.605, 0.62, 0.644, 0.628, 0.619, 0.615, 0.599, 0.63, 0.609, 0.624, 0.609]
Train Scores w/o background: [0.188, 0.232, 0.219, 0.262, 0.345, 0.34, 0.381, 0.407, 0.381, 0.41, 0.401, 0.394, 0.44, 0.368, 0.451, 0.46, 0.29, 0.362, 0.403, 0.462, 0.435, 0.46, 0.456, 0.448, 0.42, 0.443, 0.459, 0.395, 0.436, 0.479, 0.461, 0.459, 0.413, 0.424, 0.434, 0.408, 0.459, 0.47, 0.45, 0.461, 0.475, 0.426, 0.475, 0.425, 0.472, 0.474, 0.488, 0.501, 0.418, 0.429, 0.468, 0.464, 0.462, 0.44, 0.419, 0.416, 0.354, 0.483, 0.474, 0.427, 0.425, 0.456, 0.487, 0.453, 0.486, 0.436, 0.441, 0.466, 0.493, 0.468, 0.506, 0.461, 0.477, 0.457, 0.495, 0.461, 0.46, 0.483, 0.467, 0.356, 0.406, 0.448, 0.488, 0.467, 0.442, 0.464, 0.438, 0.503, 0.445, 0.452, 0.499, 0.395, 0.507, 0.436, 0.442, 0.455, 0.479, 0.489, 0.469, 0.513, 0.434, 0.502, 0.439, 0.468, 0.455, 0.502, 0.417, 0.401, 0.436, 0.456, 0.478, 0.513, 0.488, 0.475, 0.471, 0.447, 0.493, 0.464, 0.483, 0.465]
Train Loss: [0.192, 0.136, 0.119, 0.106, 0.095, 0.085, 0.078, 0.073, 0.068, 0.063, 0.06, 0.058, 0.055, 0.054, 0.054, 0.051, 0.049, 0.048, 0.047, 0.047, 0.045, 0.044, 0.043, 0.042, 0.042, 0.042, 0.041, 0.04, 0.04, 0.04, 0.039, 0.04, 0.039, 0.039, 0.038, 0.038, 0.038, 0.037, 0.037, 0.036, 0.037, 0.037, 0.037, 0.036, 0.036, 0.036, 0.035, 0.035, 0.035, 0.035, 0.035, 0.035, 0.035, 0.034, 0.034, 0.034, 0.034, 0.034, 0.034, 0.034, 0.033, 0.033, 0.033, 0.033, 0.033, 0.033, 0.033, 0.032, 0.033, 0.032, 0.032, 0.032, 0.032, 0.032, 0.032, 0.032, 0.033, 0.032, 0.032, 0.032, 0.032, 0.032, 0.032, 0.032, 0.033, 0.032, 0.032, 0.032, 0.032, 0.032, 0.032, 0.032, 0.031, 0.031, 0.031, 0.031, 0.031, 0.031, 0.031, 0.031, 0.031, 0.031, 0.031, 0.031, 0.031, 0.031, 0.031, 0.031, 0.031, 0.031, 0.031, 0.031, 0.031, 0.03, 0.03, 0.03, 0.03, 0.03, 0.03, 0.03]
Max test score: 0.619 found at epoch: 112
Max test score shapes: 0.482 found at epoch: 30
