seed 42
percentFullySupervised 0.2
domainLossMultiplier 0.01
Active: Adjacencyloss True True 30 0.0001 False False 
Active: Relationsloss True 2 True 0.1 False True False 
Active: OneHotloss True 20 
Active: Smoothnessloss True 100 
Active: MinSizeShapesloss True 1 0.5 0.0035 0.015 
Active: MaxSizeShapesloss True 1 0.98 0.2 0.42 

Test Scores: [0.397, 0.419, 0.525, 0.553, 0.56, 0.579, 0.586, 0.499, 0.579, 0.556, 0.593, 0.558, 0.58, 0.624, 0.619, 0.598, 0.6, 0.595, 0.634, 0.596, 0.627, 0.597, 0.606, 0.623, 0.656, 0.614, 0.586, 0.644, 0.584, 0.616, 0.605, 0.598, 0.632, 0.612, 0.591, 0.643, 0.588, 0.551, 0.624, 0.617, 0.586, 0.622, 0.614, 0.612, 0.609, 0.602, 0.598, 0.567, 0.617, 0.577, 0.601, 0.588, 0.64, 0.636, 0.637, 0.605, 0.56, 0.61, 0.613, 0.608, 0.639, 0.611, 0.571, 0.581, 0.617, 0.633, 0.606, 0.623, 0.636, 0.603, 0.617, 0.641, 0.644, 0.62, 0.611, 0.618, 0.634, 0.607, 0.601, 0.629, 0.595, 0.62, 0.613, 0.628, 0.595, 0.608, 0.601, 0.614, 0.625, 0.595, 0.637, 0.607, 0.628, 0.616, 0.641, 0.616, 0.657, 0.63, 0.618, 0.644, 0.622, 0.631, 0.59, 0.581, 0.588, 0.584, 0.623, 0.562, 0.617, 0.655, 0.642, 0.633, 0.631, 0.608, 0.606, 0.639, 0.61, 0.611, 0.63, 0.631]
Test Scores w/o background: [0.245, 0.309, 0.393, 0.399, 0.411, 0.421, 0.435, 0.316, 0.423, 0.393, 0.447, 0.393, 0.427, 0.487, 0.479, 0.451, 0.451, 0.446, 0.501, 0.45, 0.499, 0.449, 0.462, 0.484, 0.53, 0.478, 0.434, 0.514, 0.431, 0.475, 0.456, 0.449, 0.502, 0.469, 0.445, 0.514, 0.436, 0.385, 0.489, 0.477, 0.436, 0.487, 0.473, 0.471, 0.463, 0.458, 0.452, 0.408, 0.475, 0.418, 0.455, 0.434, 0.51, 0.501, 0.507, 0.458, 0.399, 0.465, 0.471, 0.467, 0.507, 0.467, 0.415, 0.425, 0.477, 0.499, 0.458, 0.484, 0.503, 0.456, 0.479, 0.51, 0.513, 0.48, 0.469, 0.479, 0.499, 0.464, 0.453, 0.495, 0.446, 0.481, 0.471, 0.491, 0.446, 0.463, 0.45, 0.47, 0.489, 0.445, 0.506, 0.466, 0.491, 0.473, 0.508, 0.477, 0.533, 0.495, 0.48, 0.514, 0.48, 0.496, 0.438, 0.426, 0.435, 0.431, 0.485, 0.402, 0.478, 0.531, 0.51, 0.499, 0.496, 0.465, 0.46, 0.508, 0.466, 0.468, 0.493, 0.497]
Train Scores: [0.412, 0.429, 0.539, 0.58, 0.585, 0.599, 0.598, 0.52, 0.603, 0.589, 0.625, 0.582, 0.626, 0.647, 0.659, 0.639, 0.627, 0.63, 0.657, 0.652, 0.685, 0.652, 0.635, 0.662, 0.685, 0.658, 0.637, 0.677, 0.63, 0.666, 0.645, 0.659, 0.694, 0.67, 0.632, 0.692, 0.643, 0.614, 0.674, 0.671, 0.632, 0.682, 0.676, 0.654, 0.661, 0.648, 0.651, 0.623, 0.672, 0.631, 0.654, 0.64, 0.7, 0.687, 0.701, 0.66, 0.616, 0.659, 0.681, 0.673, 0.698, 0.681, 0.638, 0.635, 0.674, 0.687, 0.673, 0.684, 0.697, 0.659, 0.672, 0.702, 0.712, 0.691, 0.677, 0.68, 0.705, 0.685, 0.669, 0.7, 0.662, 0.693, 0.678, 0.703, 0.657, 0.679, 0.67, 0.668, 0.697, 0.659, 0.724, 0.666, 0.71, 0.683, 0.717, 0.699, 0.741, 0.701, 0.694, 0.722, 0.696, 0.703, 0.656, 0.643, 0.658, 0.665, 0.694, 0.646, 0.696, 0.743, 0.713, 0.708, 0.707, 0.687, 0.683, 0.72, 0.679, 0.684, 0.707, 0.706]
Train Scores w/o background: [0.254, 0.32, 0.409, 0.435, 0.444, 0.449, 0.453, 0.339, 0.451, 0.433, 0.488, 0.424, 0.486, 0.521, 0.53, 0.506, 0.491, 0.49, 0.529, 0.521, 0.573, 0.521, 0.499, 0.533, 0.57, 0.541, 0.502, 0.557, 0.491, 0.541, 0.506, 0.528, 0.583, 0.547, 0.499, 0.578, 0.51, 0.465, 0.552, 0.546, 0.495, 0.564, 0.552, 0.524, 0.535, 0.516, 0.52, 0.481, 0.547, 0.49, 0.523, 0.502, 0.589, 0.573, 0.594, 0.532, 0.473, 0.531, 0.56, 0.554, 0.588, 0.564, 0.503, 0.497, 0.553, 0.576, 0.549, 0.566, 0.584, 0.53, 0.552, 0.596, 0.606, 0.576, 0.559, 0.564, 0.596, 0.568, 0.543, 0.59, 0.534, 0.578, 0.559, 0.592, 0.529, 0.558, 0.545, 0.546, 0.584, 0.531, 0.622, 0.545, 0.603, 0.564, 0.613, 0.587, 0.647, 0.593, 0.58, 0.619, 0.582, 0.595, 0.527, 0.51, 0.53, 0.539, 0.58, 0.511, 0.588, 0.649, 0.607, 0.602, 0.6, 0.57, 0.564, 0.617, 0.562, 0.567, 0.6, 0.6]
Train Loss: [2.516, 1.659, 1.414, 1.227, 1.085, 0.974, 0.891, 0.846, 0.815, 0.798, 0.785, 0.769, 0.763, 0.757, 0.733, 0.735, 0.726, 0.728, 0.721, 0.709, 0.71, 0.697, 0.701, 0.691, 0.684, 0.689, 0.681, 0.685, 0.674, 0.671, 0.667, 0.672, 0.666, 0.666, 0.661, 0.662, 0.662, 0.658, 0.66, 0.653, 0.653, 0.655, 0.651, 0.653, 0.649, 0.643, 0.647, 0.643, 0.648, 0.648, 0.645, 0.638, 0.644, 0.64, 0.641, 0.638, 0.642, 0.633, 0.633, 0.629, 0.634, 0.632, 0.629, 0.626, 0.629, 0.63, 0.634, 0.625, 0.63, 0.622, 0.619, 0.621, 0.625, 0.62, 0.62, 0.62, 0.616, 0.625, 0.62, 0.618, 0.621, 0.62, 0.617, 0.62, 0.617, 0.614, 0.611, 0.611, 0.615, 0.62, 0.62, 0.622, 0.611, 0.61, 0.61, 0.609, 0.608, 0.611, 0.608, 0.608, 0.606, 0.609, 0.608, 0.609, 0.608, 0.606, 0.603, 0.609, 0.613, 0.611, 0.607, 0.606, 0.607, 0.603, 0.61, 0.604, 0.6, 0.604, 0.605, 0.605]
Max test score: 0.657 found at epoch: 97
Max test score shapes: 0.533 found at epoch: 97
Avg generalisation ratio: 0.862
Avg generalisation diff: 0.076