seed 42
Active: ImageLevelloss True True False 2 
percentFullySupervised 0.2
domainLossMultiplier 0.01
Active: Adjacencyloss True True 30 0.0001 False False 
Active: Relationsloss True 2 True 0.1 False True False 
Active: OneHotloss True 20 
Active: Smoothnessloss True 100 
Active: MinSizeShapesloss True 1 0.5 0.0035 0.015 
Active: MaxSizeShapesloss True 1 0.98 0.2 0.42 

Test Scores: [0.392, 0.346, 0.395, 0.414, 0.432, 0.447, 0.486, 0.498, 0.513, 0.553, 0.554, 0.559, 0.461, 0.541, 0.526, 0.568, 0.554, 0.581, 0.585, 0.569, 0.595, 0.481, 0.538, 0.593, 0.593, 0.56, 0.548, 0.551, 0.541, 0.565, 0.532, 0.53, 0.575, 0.552, 0.591, 0.592, 0.572, 0.535, 0.526, 0.568, 0.515, 0.559, 0.561, 0.576, 0.461, 0.529, 0.533, 0.534, 0.559, 0.553, 0.602, 0.521, 0.595, 0.578, 0.583, 0.557, 0.473, 0.494, 0.54, 0.574, 0.571, 0.583, 0.552, 0.569, 0.593, 0.578, 0.588, 0.578, 0.532, 0.548, 0.519, 0.613, 0.59, 0.533, 0.578, 0.58, 0.574, 0.59, 0.538, 0.586, 0.566, 0.565, 0.591, 0.596, 0.584, 0.55, 0.593, 0.564, 0.607, 0.548, 0.628, 0.566, 0.578, 0.626, 0.587, 0.555, 0.631, 0.603, 0.576, 0.618]
Test Scores w/o background: [0.197, 0.111, 0.174, 0.2, 0.225, 0.248, 0.302, 0.318, 0.341, 0.394, 0.404, 0.401, 0.267, 0.377, 0.359, 0.413, 0.392, 0.426, 0.44, 0.416, 0.46, 0.29, 0.369, 0.45, 0.453, 0.407, 0.382, 0.393, 0.373, 0.41, 0.361, 0.361, 0.422, 0.393, 0.446, 0.447, 0.422, 0.366, 0.364, 0.411, 0.335, 0.404, 0.405, 0.423, 0.263, 0.355, 0.364, 0.364, 0.396, 0.391, 0.461, 0.343, 0.451, 0.422, 0.434, 0.396, 0.279, 0.305, 0.37, 0.421, 0.414, 0.44, 0.387, 0.411, 0.448, 0.425, 0.438, 0.426, 0.36, 0.383, 0.342, 0.474, 0.44, 0.363, 0.421, 0.426, 0.421, 0.441, 0.366, 0.435, 0.408, 0.406, 0.443, 0.449, 0.43, 0.38, 0.445, 0.4, 0.462, 0.376, 0.491, 0.405, 0.425, 0.489, 0.435, 0.391, 0.497, 0.46, 0.423, 0.48]
Train Scores: [0.406, 0.374, 0.401, 0.434, 0.445, 0.449, 0.5, 0.518, 0.527, 0.557, 0.563, 0.576, 0.475, 0.559, 0.523, 0.576, 0.578, 0.585, 0.577, 0.568, 0.589, 0.516, 0.543, 0.597, 0.595, 0.586, 0.569, 0.579, 0.57, 0.589, 0.553, 0.554, 0.589, 0.563, 0.615, 0.591, 0.578, 0.572, 0.544, 0.583, 0.546, 0.568, 0.57, 0.593, 0.5, 0.557, 0.574, 0.568, 0.573, 0.589, 0.619, 0.552, 0.583, 0.591, 0.587, 0.583, 0.519, 0.523, 0.552, 0.608, 0.595, 0.591, 0.582, 0.602, 0.625, 0.598, 0.6, 0.602, 0.56, 0.579, 0.563, 0.626, 0.617, 0.577, 0.597, 0.602, 0.595, 0.603, 0.589, 0.604, 0.601, 0.606, 0.608, 0.611, 0.609, 0.579, 0.628, 0.585, 0.628, 0.58, 0.635, 0.604, 0.624, 0.642, 0.61, 0.605, 0.65, 0.608, 0.616, 0.64]
Train Scores w/o background: [0.213, 0.142, 0.179, 0.222, 0.236, 0.244, 0.316, 0.342, 0.36, 0.398, 0.415, 0.422, 0.287, 0.402, 0.351, 0.418, 0.423, 0.436, 0.421, 0.41, 0.45, 0.333, 0.376, 0.457, 0.456, 0.443, 0.408, 0.425, 0.411, 0.436, 0.383, 0.395, 0.436, 0.402, 0.47, 0.447, 0.43, 0.41, 0.391, 0.432, 0.375, 0.406, 0.419, 0.444, 0.308, 0.389, 0.414, 0.408, 0.414, 0.433, 0.478, 0.381, 0.432, 0.441, 0.436, 0.426, 0.335, 0.341, 0.38, 0.46, 0.442, 0.454, 0.425, 0.449, 0.485, 0.444, 0.456, 0.454, 0.395, 0.417, 0.397, 0.488, 0.474, 0.416, 0.448, 0.452, 0.448, 0.454, 0.43, 0.46, 0.452, 0.456, 0.463, 0.469, 0.463, 0.422, 0.487, 0.428, 0.489, 0.42, 0.503, 0.453, 0.479, 0.509, 0.468, 0.454, 0.521, 0.466, 0.473, 0.507]
Train Loss: [6.47, 4.092, 2.962, 2.33, 2.004, 1.777, 1.668, 1.492, 1.386, 1.342, 1.298, 1.256, 1.21, 1.212, 1.141, 1.193, 1.085, 1.081, 1.041, 0.993, 1.019, 1.01, 1.016, 1.017, 0.958, 0.914, 0.924, 0.917, 0.929, 0.926, 0.901, 0.901, 0.88, 0.876, 0.899, 0.89, 0.908, 0.914, 0.916, 0.944, 0.907, 0.872, 0.852, 0.874, 0.858, 0.845, 0.838, 0.816, 0.821, 0.826, 0.818, 0.82, 0.818, 0.809, 0.824, 0.83, 0.836, 0.824, 0.829, 0.819, 0.799, 0.793, 0.798, 0.782, 0.783, 0.786, 0.786, 0.79, 0.784, 0.785, 0.782, 0.78, 0.781, 0.778, 0.777, 0.778, 0.764, 0.769, 0.756, 0.765, 0.759, 0.749, 0.751, 0.749, 0.746, 0.748, 0.746, 0.74, 0.737, 0.736, 0.738, 0.743, 0.743, 0.737, 0.745, 0.745, 0.746, 0.758, 0.754, 0.748]
Max test score: 0.631 found at epoch: 97
Max test score shapes: 0.497 found at epoch: 97
Avg generalisation ratio: 0.938
Avg generalisation diff: 0.025