percentFullySupervised0.2
domainLossMultiplier0.01
Active: Adjacencyloss True True 30 0.0001 True False 
Active: Relationsloss True 2 True 0.1 False True 
Active: MinSizeShapesloss True 1 
Active: MaxSizeShapesloss True 1 

Test Scores: [0.117, 0.164, 0.145, 0.153, 0.196, 0.239, 0.224, 0.224, 0.195, 0.194, 0.217, 0.209, 0.239, 0.216, 0.202, 0.203, 0.195, 0.202, 0.192, 0.18, 0.182, 0.182, 0.178, 0.18, 0.183, 0.179, 0.189, 0.186, 0.2, 0.191, 0.192, 0.227, 0.217, 0.236, 0.216, 0.211, 0.225, 0.218, 0.248, 0.237, 0.226, 0.222, 0.231, 0.239, 0.256, 0.226, 0.241, 0.223, 0.254, 0.252, 0.244, 0.225, 0.21, 0.209, 0.234, 0.222, 0.233, 0.226, 0.209, 0.215, 0.204, 0.21, 0.215, 0.22, 0.203, 0.188, 0.24, 0.234, 0.214, 0.197, 0.219, 0.27, 0.224, 0.196, 0.196, 0.207, 0.201, 0.201, 0.214, 0.203, 0.221, 0.217, 0.225, 0.231, 0.198, 0.209, 0.2, 0.196, 0.214, 0.177, 0.183, 0.205, 0.189, 0.182, 0.211, 0.201, 0.182, 0.185, 0.19, 0.197, 0.203, 0.201, 0.18, 0.184, 0.175, 0.19, 0.179, 0.198, 0.184, 0.185, 0.185, 0.184, 0.193, 0.189, 0.187, 0.192, 0.207, 0.189, 0.203, 0.211]
Test Scores w/o background: [0.084, 0.084, 0.084, 0.084, 0.095, 0.121, 0.115, 0.104, 0.093, 0.086, 0.094, 0.105, 0.126, 0.115, 0.12, 0.12, 0.103, 0.107, 0.108, 0.099, 0.099, 0.098, 0.096, 0.097, 0.098, 0.096, 0.1, 0.098, 0.107, 0.102, 0.107, 0.137, 0.117, 0.145, 0.128, 0.128, 0.144, 0.127, 0.156, 0.152, 0.138, 0.135, 0.148, 0.155, 0.16, 0.143, 0.149, 0.137, 0.171, 0.166, 0.157, 0.143, 0.133, 0.138, 0.156, 0.146, 0.161, 0.151, 0.132, 0.13, 0.125, 0.125, 0.128, 0.139, 0.123, 0.11, 0.147, 0.149, 0.131, 0.117, 0.136, 0.165, 0.141, 0.123, 0.113, 0.122, 0.123, 0.123, 0.128, 0.124, 0.127, 0.128, 0.135, 0.14, 0.118, 0.125, 0.111, 0.106, 0.12, 0.103, 0.105, 0.115, 0.112, 0.112, 0.135, 0.114, 0.106, 0.106, 0.108, 0.112, 0.124, 0.123, 0.109, 0.116, 0.105, 0.116, 0.109, 0.121, 0.117, 0.115, 0.119, 0.11, 0.118, 0.115, 0.12, 0.132, 0.14, 0.121, 0.13, 0.145]
Train Scores: [0.12, 0.168, 0.142, 0.154, 0.194, 0.236, 0.229, 0.215, 0.187, 0.187, 0.218, 0.206, 0.23, 0.203, 0.193, 0.196, 0.194, 0.206, 0.2, 0.185, 0.185, 0.185, 0.18, 0.182, 0.185, 0.181, 0.193, 0.188, 0.204, 0.198, 0.197, 0.231, 0.222, 0.244, 0.22, 0.217, 0.225, 0.223, 0.253, 0.251, 0.226, 0.23, 0.241, 0.24, 0.262, 0.239, 0.25, 0.22, 0.243, 0.247, 0.241, 0.223, 0.214, 0.211, 0.225, 0.221, 0.236, 0.227, 0.209, 0.217, 0.206, 0.211, 0.22, 0.222, 0.206, 0.193, 0.251, 0.241, 0.214, 0.197, 0.224, 0.282, 0.225, 0.196, 0.2, 0.209, 0.207, 0.212, 0.223, 0.207, 0.224, 0.217, 0.234, 0.24, 0.204, 0.213, 0.203, 0.198, 0.217, 0.183, 0.189, 0.203, 0.189, 0.18, 0.216, 0.21, 0.187, 0.19, 0.194, 0.201, 0.206, 0.201, 0.184, 0.188, 0.179, 0.193, 0.183, 0.199, 0.186, 0.186, 0.186, 0.187, 0.197, 0.191, 0.187, 0.195, 0.21, 0.192, 0.209, 0.221]
Train Scores w/o background: [0.085, 0.086, 0.081, 0.078, 0.085, 0.106, 0.111, 0.09, 0.088, 0.078, 0.091, 0.099, 0.115, 0.104, 0.112, 0.115, 0.105, 0.114, 0.116, 0.104, 0.102, 0.1, 0.095, 0.097, 0.099, 0.097, 0.1, 0.098, 0.108, 0.105, 0.11, 0.134, 0.121, 0.147, 0.127, 0.132, 0.142, 0.131, 0.158, 0.164, 0.134, 0.14, 0.149, 0.153, 0.155, 0.148, 0.151, 0.13, 0.157, 0.157, 0.148, 0.135, 0.135, 0.137, 0.143, 0.143, 0.161, 0.149, 0.13, 0.131, 0.125, 0.124, 0.131, 0.137, 0.122, 0.11, 0.155, 0.152, 0.131, 0.114, 0.133, 0.172, 0.136, 0.116, 0.111, 0.122, 0.126, 0.129, 0.129, 0.122, 0.123, 0.124, 0.136, 0.141, 0.12, 0.124, 0.11, 0.104, 0.117, 0.103, 0.105, 0.113, 0.108, 0.104, 0.129, 0.115, 0.105, 0.106, 0.106, 0.111, 0.121, 0.118, 0.105, 0.112, 0.102, 0.111, 0.107, 0.116, 0.113, 0.111, 0.114, 0.108, 0.116, 0.112, 0.117, 0.129, 0.136, 0.118, 0.129, 0.146]
Train Loss: [0.967, 0.74, 0.414, 0.253, 0.194, 0.152, 0.123, 0.097, 0.079, 0.068, 0.058, 0.049, 0.044, 0.04, 0.037, 0.034, 0.031, 0.028, 0.026, 0.024, 0.022, 0.021, 0.02, 0.019, 0.018, 0.017, 0.016, 0.015, 0.015, 0.014, 0.014, 0.013, 0.013, 0.012, 0.012, 0.012, 0.011, 0.011, 0.011, 0.01, 0.01, 0.01, 0.01, 0.009, 0.009, 0.009, 0.009, 0.008, 0.008, 0.008, 0.008, 0.008, 0.007, 0.007, 0.007, 0.007, 0.007, 0.007, 0.007, 0.007, 0.007, 0.007, 0.007, 0.006, 0.006, 0.006, 0.006, 0.006, 0.006, 0.006, 0.006, 0.006, 0.006, 0.006, 0.006, 0.006, 0.006, 0.006, 0.006, 0.006, 0.006, 0.006, 0.006, 0.006, 0.006, 0.006, 0.006, 0.006, 0.006, 0.006, 0.006, 0.006, 0.006, 0.006, 0.006, 0.006, 0.005, 0.006, 0.005, 0.005, 0.005, 0.005, 0.005, 0.005, 0.005, 0.005, 0.005, 0.005, 0.005, 0.005, 0.005, 0.005, 0.005, 0.005, 0.005, 0.005, 0.005, 0.005, 0.005, 0.005]
Max test score: 0.27 found at epoch: 72
Max test score shapes: 0.171 found at epoch: 49
