percentFullySupervised0.2
domainLossMultiplier0.01
Active: Adjacencyloss True True 30 0.0001 True False 
Active: Relationsloss True 2 True 0.1 False True 
Active: OneHotloss True 35 
Active: Smoothnessloss True 100 
Active: MinSizeShapesloss True 1 
Active: MaxSizeShapesloss True 1 

Test Scores: [0.117, 0.165, 0.145, 0.154, 0.195, 0.233, 0.217, 0.224, 0.19, 0.198, 0.19, 0.176, 0.184, 0.166, 0.168, 0.175, 0.177, 0.184, 0.203, 0.197, 0.213, 0.218, 0.214, 0.212, 0.221, 0.31, 0.348, 0.345, 0.36, 0.345, 0.367, 0.372, 0.378, 0.367, 0.367, 0.36, 0.357, 0.349, 0.359, 0.361, 0.36, 0.352, 0.35, 0.353, 0.354, 0.315, 0.34, 0.332, 0.345, 0.337, 0.339, 0.343, 0.329, 0.326, 0.344, 0.325, 0.316, 0.329, 0.328, 0.326, 0.321, 0.326, 0.326, 0.336, 0.349, 0.314, 0.36, 0.337, 0.34, 0.322, 0.338, 0.344, 0.35, 0.329, 0.322, 0.322, 0.326, 0.334, 0.339, 0.353, 0.351, 0.344, 0.351, 0.348, 0.323, 0.346, 0.33, 0.331, 0.34, 0.348, 0.331, 0.346, 0.337, 0.352, 0.37, 0.345, 0.345, 0.337, 0.329, 0.332, 0.329, 0.338, 0.357, 0.365, 0.362, 0.358, 0.343, 0.34, 0.346, 0.316, 0.334, 0.333, 0.333, 0.312, 0.319, 0.327, 0.341, 0.343, 0.352, 0.358]
Test Scores w/o background: [0.084, 0.083, 0.083, 0.082, 0.093, 0.113, 0.11, 0.103, 0.091, 0.085, 0.081, 0.071, 0.073, 0.061, 0.054, 0.053, 0.054, 0.066, 0.062, 0.07, 0.071, 0.077, 0.077, 0.075, 0.084, 0.102, 0.127, 0.113, 0.145, 0.153, 0.156, 0.164, 0.166, 0.169, 0.167, 0.163, 0.163, 0.161, 0.167, 0.17, 0.167, 0.162, 0.163, 0.164, 0.166, 0.15, 0.163, 0.156, 0.161, 0.157, 0.153, 0.158, 0.154, 0.152, 0.16, 0.151, 0.146, 0.153, 0.153, 0.151, 0.147, 0.148, 0.146, 0.155, 0.164, 0.147, 0.172, 0.164, 0.164, 0.15, 0.156, 0.159, 0.176, 0.159, 0.157, 0.158, 0.159, 0.162, 0.164, 0.17, 0.168, 0.166, 0.168, 0.165, 0.157, 0.167, 0.157, 0.157, 0.168, 0.17, 0.161, 0.159, 0.16, 0.168, 0.178, 0.169, 0.168, 0.164, 0.158, 0.156, 0.155, 0.158, 0.17, 0.181, 0.178, 0.17, 0.165, 0.157, 0.163, 0.152, 0.159, 0.158, 0.153, 0.143, 0.14, 0.138, 0.139, 0.151, 0.165, 0.169]
Train Scores: [0.12, 0.169, 0.142, 0.154, 0.192, 0.227, 0.212, 0.214, 0.173, 0.18, 0.175, 0.164, 0.172, 0.155, 0.156, 0.164, 0.163, 0.173, 0.194, 0.188, 0.207, 0.22, 0.22, 0.217, 0.232, 0.321, 0.374, 0.377, 0.39, 0.367, 0.389, 0.395, 0.399, 0.391, 0.392, 0.383, 0.38, 0.37, 0.383, 0.383, 0.382, 0.372, 0.367, 0.366, 0.367, 0.322, 0.351, 0.347, 0.361, 0.353, 0.357, 0.356, 0.336, 0.336, 0.357, 0.329, 0.318, 0.334, 0.337, 0.336, 0.325, 0.329, 0.33, 0.342, 0.355, 0.323, 0.371, 0.342, 0.345, 0.328, 0.342, 0.349, 0.356, 0.338, 0.33, 0.33, 0.336, 0.343, 0.347, 0.361, 0.366, 0.353, 0.361, 0.352, 0.326, 0.354, 0.339, 0.338, 0.348, 0.354, 0.337, 0.362, 0.347, 0.367, 0.384, 0.356, 0.358, 0.348, 0.339, 0.345, 0.338, 0.355, 0.368, 0.385, 0.379, 0.371, 0.36, 0.359, 0.362, 0.325, 0.345, 0.349, 0.35, 0.32, 0.33, 0.345, 0.365, 0.362, 0.368, 0.368]
Train Scores w/o background: [0.086, 0.086, 0.079, 0.076, 0.08, 0.095, 0.096, 0.083, 0.072, 0.068, 0.069, 0.062, 0.065, 0.052, 0.044, 0.044, 0.042, 0.057, 0.051, 0.06, 0.063, 0.073, 0.074, 0.072, 0.085, 0.114, 0.159, 0.15, 0.176, 0.174, 0.176, 0.181, 0.184, 0.189, 0.19, 0.185, 0.183, 0.18, 0.188, 0.188, 0.186, 0.181, 0.177, 0.173, 0.175, 0.152, 0.168, 0.165, 0.171, 0.167, 0.166, 0.165, 0.156, 0.157, 0.168, 0.15, 0.144, 0.154, 0.157, 0.157, 0.147, 0.147, 0.147, 0.157, 0.167, 0.15, 0.178, 0.163, 0.161, 0.146, 0.154, 0.159, 0.176, 0.16, 0.156, 0.159, 0.16, 0.166, 0.165, 0.174, 0.176, 0.169, 0.173, 0.163, 0.152, 0.168, 0.158, 0.156, 0.172, 0.172, 0.163, 0.17, 0.164, 0.177, 0.188, 0.175, 0.174, 0.168, 0.161, 0.165, 0.162, 0.17, 0.176, 0.202, 0.192, 0.18, 0.177, 0.17, 0.172, 0.155, 0.163, 0.167, 0.165, 0.145, 0.147, 0.154, 0.16, 0.167, 0.177, 0.177]
Train Loss: [1.139, 0.909, 0.579, 0.412, 0.35, 0.306, 0.277, 0.251, 0.229, 0.21, 0.193, 0.181, 0.172, 0.163, 0.155, 0.148, 0.141, 0.135, 0.128, 0.122, 0.116, 0.112, 0.107, 0.104, 0.099, 0.096, 0.092, 0.089, 0.084, 0.08, 0.076, 0.072, 0.068, 0.065, 0.061, 0.058, 0.055, 0.063, 0.051, 0.047, 0.044, 0.042, 0.039, 0.036, 0.034, 0.034, 0.031, 0.028, 0.028, 0.025, 0.025, 0.023, 0.022, 0.021, 0.02, 0.02, 0.019, 0.018, 0.017, 0.017, 0.016, 0.016, 0.015, 0.015, 0.014, 0.014, 0.013, 0.013, 0.012, 0.013, 0.012, 0.011, 0.011, 0.01, 0.011, 0.01, 0.009, 0.009, 0.009, 0.008, 0.009, 0.009, 0.008, 0.008, 0.007, 0.007, 0.007, 0.007, 0.007, 0.007, 0.009, 0.007, 0.007, 0.006, 0.006, 0.006, 0.006, 0.006, 0.006, 0.006, 0.006, 0.006, 0.006, 0.006, 0.008, 0.006, 0.006, 0.006, 0.006, 0.008, 0.006, 0.007, 0.005, 0.006, 0.006, 0.006, 0.006, 0.005, 0.005, 0.005]
Max test score: 0.378 found at epoch: 33
Max test score shapes: 0.181 found at epoch: 104
