percentFullySupervised0.2
domainLossMultiplier0.01

Test Scores: [0.075, 0.073, 0.072, 0.077, 0.079, 0.087, 0.082, 0.097, 0.097, 0.105, 0.113, 0.113, 0.125, 0.131, 0.133, 0.138, 0.146, 0.162, 0.158, 0.179, 0.178, 0.178, 0.175, 0.192, 0.205, 0.201, 0.199, 0.21, 0.231, 0.211, 0.244, 0.244, 0.267, 0.253, 0.263, 0.271, 0.255, 0.236, 0.271, 0.271, 0.268, 0.286, 0.281, 0.304, 0.303, 0.249, 0.296, 0.302, 0.331, 0.308, 0.316, 0.324, 0.312, 0.298, 0.336, 0.316, 0.3, 0.327, 0.328, 0.33, 0.33, 0.328, 0.344, 0.362, 0.355, 0.277, 0.33, 0.346, 0.363, 0.335, 0.367, 0.36, 0.351, 0.35, 0.337, 0.358, 0.349, 0.369, 0.359, 0.374, 0.359, 0.398, 0.378, 0.398, 0.39, 0.397, 0.388, 0.364, 0.377, 0.39, 0.378, 0.418, 0.357, 0.422, 0.415, 0.406, 0.406, 0.403, 0.404, 0.4, 0.411, 0.431, 0.417, 0.436, 0.423, 0.414, 0.418, 0.436, 0.435, 0.39, 0.428, 0.419, 0.421, 0.429, 0.426, 0.458, 0.442, 0.428, 0.427, 0.444]
Test Scores w/o background: [0.084, 0.08, 0.082, 0.085, 0.084, 0.091, 0.091, 0.093, 0.099, 0.103, 0.1, 0.11, 0.112, 0.116, 0.12, 0.123, 0.126, 0.122, 0.135, 0.139, 0.142, 0.146, 0.15, 0.153, 0.155, 0.159, 0.161, 0.162, 0.173, 0.168, 0.175, 0.179, 0.181, 0.186, 0.186, 0.192, 0.19, 0.187, 0.197, 0.196, 0.197, 0.203, 0.205, 0.21, 0.212, 0.197, 0.214, 0.212, 0.222, 0.215, 0.218, 0.224, 0.217, 0.215, 0.229, 0.218, 0.214, 0.226, 0.227, 0.226, 0.227, 0.227, 0.235, 0.241, 0.24, 0.21, 0.233, 0.236, 0.243, 0.23, 0.242, 0.243, 0.24, 0.239, 0.234, 0.238, 0.236, 0.245, 0.243, 0.248, 0.242, 0.26, 0.25, 0.259, 0.257, 0.262, 0.256, 0.244, 0.256, 0.261, 0.255, 0.271, 0.241, 0.276, 0.271, 0.268, 0.27, 0.269, 0.268, 0.268, 0.273, 0.284, 0.273, 0.286, 0.28, 0.275, 0.28, 0.288, 0.286, 0.263, 0.285, 0.283, 0.28, 0.287, 0.286, 0.303, 0.289, 0.285, 0.286, 0.294]
Train Scores: [0.079, 0.076, 0.076, 0.084, 0.086, 0.095, 0.087, 0.104, 0.102, 0.11, 0.123, 0.123, 0.137, 0.142, 0.145, 0.151, 0.158, 0.179, 0.171, 0.192, 0.191, 0.19, 0.186, 0.203, 0.215, 0.212, 0.209, 0.223, 0.241, 0.219, 0.258, 0.254, 0.28, 0.256, 0.275, 0.28, 0.263, 0.238, 0.275, 0.279, 0.275, 0.294, 0.286, 0.313, 0.312, 0.245, 0.297, 0.31, 0.343, 0.313, 0.326, 0.332, 0.318, 0.301, 0.344, 0.323, 0.302, 0.331, 0.334, 0.338, 0.334, 0.331, 0.351, 0.371, 0.363, 0.27, 0.338, 0.35, 0.373, 0.343, 0.371, 0.366, 0.356, 0.359, 0.341, 0.369, 0.355, 0.373, 0.358, 0.379, 0.362, 0.404, 0.381, 0.403, 0.398, 0.4, 0.395, 0.364, 0.382, 0.394, 0.381, 0.427, 0.355, 0.429, 0.422, 0.41, 0.411, 0.408, 0.414, 0.404, 0.416, 0.441, 0.421, 0.444, 0.427, 0.419, 0.425, 0.446, 0.445, 0.402, 0.436, 0.43, 0.437, 0.442, 0.433, 0.467, 0.452, 0.438, 0.436, 0.454]
Train Scores w/o background: [0.087, 0.083, 0.087, 0.09, 0.091, 0.099, 0.096, 0.1, 0.104, 0.109, 0.111, 0.12, 0.121, 0.127, 0.131, 0.134, 0.137, 0.136, 0.146, 0.151, 0.154, 0.158, 0.159, 0.165, 0.168, 0.17, 0.171, 0.173, 0.183, 0.176, 0.187, 0.189, 0.195, 0.193, 0.198, 0.202, 0.196, 0.191, 0.202, 0.203, 0.202, 0.21, 0.21, 0.215, 0.218, 0.193, 0.215, 0.216, 0.229, 0.219, 0.223, 0.228, 0.22, 0.214, 0.232, 0.221, 0.214, 0.227, 0.228, 0.229, 0.224, 0.228, 0.236, 0.243, 0.242, 0.2, 0.236, 0.236, 0.245, 0.232, 0.238, 0.242, 0.241, 0.242, 0.233, 0.244, 0.239, 0.245, 0.238, 0.247, 0.236, 0.262, 0.249, 0.258, 0.26, 0.258, 0.259, 0.238, 0.254, 0.26, 0.252, 0.274, 0.235, 0.274, 0.273, 0.266, 0.268, 0.268, 0.272, 0.265, 0.272, 0.288, 0.269, 0.29, 0.279, 0.272, 0.282, 0.292, 0.292, 0.27, 0.289, 0.288, 0.294, 0.297, 0.288, 0.311, 0.294, 0.29, 0.29, 0.302]
Train Loss: [0.016, 0.016, 0.016, 0.016, 0.016, 0.016, 0.016, 0.016, 0.016, 0.016, 0.016, 0.016, 0.016, 0.015, 0.015, 0.015, 0.015, 0.015, 0.015, 0.015, 0.015, 0.015, 0.015, 0.015, 0.015, 0.015, 0.015, 0.015, 0.015, 0.014, 0.014, 0.014, 0.014, 0.014, 0.014, 0.014, 0.014, 0.014, 0.014, 0.014, 0.014, 0.014, 0.014, 0.014, 0.014, 0.014, 0.013, 0.013, 0.013, 0.013, 0.013, 0.013, 0.013, 0.013, 0.013, 0.013, 0.013, 0.013, 0.013, 0.013, 0.013, 0.013, 0.013, 0.013, 0.013, 0.013, 0.012, 0.012, 0.012, 0.012, 0.012, 0.012, 0.012, 0.012, 0.012, 0.012, 0.012, 0.012, 0.012, 0.012, 0.012, 0.012, 0.012, 0.012, 0.012, 0.012, 0.012, 0.012, 0.012, 0.012, 0.012, 0.012, 0.012, 0.011, 0.011, 0.011, 0.011, 0.011, 0.011, 0.011, 0.011, 0.011, 0.011, 0.011, 0.011, 0.011, 0.011, 0.011, 0.011, 0.011, 0.011, 0.011, 0.011, 0.011, 0.011, 0.011, 0.011, 0.011, 0.011, 0.011]
Max test score: 0.458 found at epoch: 116
Max test score shapes: 0.303 found at epoch: 116
