percentFullySupervised0.2
domainLossMultiplier0.01
Active: Adjacencyloss True True 30 0.0001 True False 
Active: Relationsloss True 2 True 0.1 False True 
Active: OneHotloss True 35 
Active: MinSizeShapesloss True 1 
Active: MaxSizeShapesloss True 1 

Test Scores: [0.117, 0.165, 0.145, 0.154, 0.201, 0.236, 0.223, 0.237, 0.21, 0.214, 0.22, 0.202, 0.205, 0.204, 0.205, 0.211, 0.208, 0.207, 0.224, 0.224, 0.25, 0.253, 0.249, 0.285, 0.286, 0.29, 0.294, 0.291, 0.31, 0.294, 0.326, 0.33, 0.386, 0.37, 0.365, 0.364, 0.353, 0.338, 0.353, 0.367, 0.362, 0.345, 0.344, 0.358, 0.356, 0.309, 0.327, 0.345, 0.355, 0.337, 0.338, 0.339, 0.322, 0.329, 0.346, 0.33, 0.324, 0.339, 0.346, 0.339, 0.331, 0.335, 0.337, 0.345, 0.344, 0.331, 0.358, 0.35, 0.344, 0.358, 0.374, 0.361, 0.367, 0.348, 0.338, 0.343, 0.344, 0.352, 0.342, 0.363, 0.367, 0.363, 0.346, 0.341, 0.327, 0.347, 0.349, 0.351, 0.341, 0.348, 0.357, 0.377, 0.341, 0.345, 0.365, 0.375, 0.367, 0.358, 0.363, 0.356, 0.367, 0.384, 0.366, 0.379, 0.371, 0.377, 0.362, 0.375, 0.368, 0.35, 0.367, 0.363, 0.362, 0.361, 0.338, 0.363, 0.368, 0.349, 0.347, 0.356]
Test Scores w/o background: [0.084, 0.084, 0.083, 0.083, 0.093, 0.112, 0.113, 0.104, 0.107, 0.091, 0.093, 0.092, 0.089, 0.078, 0.087, 0.084, 0.062, 0.08, 0.07, 0.085, 0.09, 0.092, 0.107, 0.117, 0.123, 0.124, 0.13, 0.13, 0.14, 0.135, 0.148, 0.151, 0.178, 0.17, 0.167, 0.169, 0.165, 0.158, 0.164, 0.175, 0.173, 0.159, 0.159, 0.167, 0.166, 0.147, 0.154, 0.161, 0.16, 0.158, 0.159, 0.157, 0.151, 0.152, 0.158, 0.154, 0.152, 0.16, 0.163, 0.159, 0.152, 0.153, 0.155, 0.158, 0.157, 0.149, 0.171, 0.172, 0.175, 0.198, 0.187, 0.174, 0.188, 0.178, 0.171, 0.175, 0.17, 0.173, 0.165, 0.177, 0.173, 0.18, 0.17, 0.153, 0.156, 0.164, 0.175, 0.175, 0.177, 0.177, 0.189, 0.189, 0.168, 0.158, 0.181, 0.2, 0.187, 0.183, 0.185, 0.181, 0.188, 0.202, 0.183, 0.198, 0.193, 0.189, 0.185, 0.186, 0.186, 0.176, 0.187, 0.18, 0.184, 0.183, 0.17, 0.18, 0.172, 0.171, 0.173, 0.178]
Train Scores: [0.12, 0.169, 0.142, 0.155, 0.199, 0.234, 0.216, 0.226, 0.195, 0.199, 0.218, 0.198, 0.197, 0.198, 0.198, 0.198, 0.204, 0.223, 0.232, 0.236, 0.259, 0.262, 0.26, 0.298, 0.302, 0.306, 0.31, 0.307, 0.324, 0.303, 0.34, 0.345, 0.409, 0.397, 0.39, 0.389, 0.373, 0.359, 0.377, 0.388, 0.382, 0.371, 0.37, 0.378, 0.379, 0.32, 0.339, 0.354, 0.371, 0.344, 0.349, 0.348, 0.326, 0.332, 0.355, 0.334, 0.33, 0.348, 0.359, 0.351, 0.342, 0.343, 0.351, 0.36, 0.358, 0.339, 0.369, 0.365, 0.363, 0.368, 0.397, 0.379, 0.385, 0.368, 0.357, 0.361, 0.36, 0.367, 0.357, 0.379, 0.382, 0.378, 0.36, 0.348, 0.337, 0.354, 0.358, 0.363, 0.355, 0.366, 0.378, 0.392, 0.356, 0.361, 0.386, 0.395, 0.384, 0.375, 0.378, 0.372, 0.382, 0.398, 0.382, 0.397, 0.386, 0.39, 0.374, 0.385, 0.379, 0.357, 0.377, 0.374, 0.373, 0.368, 0.342, 0.371, 0.375, 0.356, 0.354, 0.361]
Train Scores w/o background: [0.086, 0.086, 0.081, 0.078, 0.08, 0.095, 0.093, 0.08, 0.086, 0.071, 0.087, 0.084, 0.077, 0.066, 0.078, 0.069, 0.052, 0.088, 0.072, 0.089, 0.095, 0.098, 0.115, 0.129, 0.136, 0.137, 0.141, 0.141, 0.152, 0.143, 0.16, 0.164, 0.2, 0.196, 0.189, 0.189, 0.18, 0.172, 0.184, 0.191, 0.186, 0.18, 0.18, 0.181, 0.185, 0.152, 0.161, 0.167, 0.173, 0.163, 0.168, 0.163, 0.151, 0.153, 0.168, 0.159, 0.158, 0.165, 0.171, 0.166, 0.156, 0.157, 0.165, 0.168, 0.166, 0.149, 0.176, 0.182, 0.188, 0.197, 0.207, 0.186, 0.201, 0.19, 0.182, 0.184, 0.18, 0.183, 0.175, 0.187, 0.182, 0.188, 0.176, 0.152, 0.157, 0.165, 0.177, 0.18, 0.183, 0.186, 0.201, 0.197, 0.172, 0.165, 0.195, 0.21, 0.196, 0.192, 0.192, 0.189, 0.196, 0.209, 0.193, 0.211, 0.2, 0.197, 0.19, 0.192, 0.192, 0.178, 0.192, 0.186, 0.19, 0.185, 0.17, 0.185, 0.176, 0.177, 0.178, 0.181]
Train Loss: [1.121, 0.891, 0.559, 0.394, 0.334, 0.292, 0.261, 0.234, 0.21, 0.19, 0.172, 0.162, 0.153, 0.144, 0.136, 0.128, 0.121, 0.115, 0.108, 0.103, 0.098, 0.094, 0.09, 0.086, 0.082, 0.078, 0.074, 0.07, 0.066, 0.063, 0.06, 0.056, 0.053, 0.05, 0.047, 0.044, 0.042, 0.039, 0.037, 0.035, 0.033, 0.031, 0.029, 0.028, 0.026, 0.025, 0.026, 0.022, 0.021, 0.02, 0.019, 0.018, 0.017, 0.017, 0.016, 0.015, 0.016, 0.014, 0.014, 0.013, 0.014, 0.013, 0.012, 0.012, 0.012, 0.011, 0.011, 0.011, 0.011, 0.01, 0.01, 0.009, 0.009, 0.009, 0.009, 0.009, 0.008, 0.008, 0.008, 0.009, 0.008, 0.008, 0.007, 0.007, 0.008, 0.007, 0.007, 0.007, 0.007, 0.006, 0.006, 0.007, 0.006, 0.006, 0.006, 0.006, 0.006, 0.006, 0.006, 0.006, 0.007, 0.006, 0.005, 0.005, 0.005, 0.005, 0.005, 0.005, 0.005, 0.005, 0.005, 0.006, 0.005, 0.005, 0.005, 0.005, 0.006, 0.006, 0.007, 0.006]
Max test score: 0.386 found at epoch: 33
Max test score shapes: 0.202 found at epoch: 102
