seed 42
percentFullySupervised 0.2
Active: Scribblesloss True 1 
domainLossMultiplier 0.001

Test Scores: [0.138, 0.192, 0.231, 0.274, 0.311, 0.298, 0.352, 0.322, 0.351, 0.371, 0.352, 0.345, 0.355, 0.373, 0.359, 0.361, 0.368, 0.383, 0.323, 0.331, 0.362, 0.384, 0.369, 0.377, 0.367, 0.36, 0.357, 0.399, 0.43, 0.391, 0.387, 0.412, 0.355, 0.391, 0.375, 0.376, 0.37, 0.404, 0.38, 0.392, 0.391, 0.36, 0.358, 0.367, 0.394, 0.383, 0.379, 0.397, 0.391, 0.405, 0.361, 0.409, 0.329, 0.39, 0.361, 0.391, 0.393, 0.387, 0.352, 0.375, 0.389, 0.364, 0.377, 0.378, 0.363, 0.391, 0.412, 0.407, 0.379, 0.41, 0.368, 0.378, 0.381, 0.337, 0.379, 0.361, 0.348, 0.36, 0.364, 0.341, 0.356, 0.357, 0.333, 0.355, 0.374, 0.374, 0.38, 0.362, 0.353, 0.38, 0.346, 0.344, 0.355, 0.353, 0.35, 0.342, 0.348, 0.362, 0.369, 0.374, 0.397, 0.398, 0.388, 0.361, 0.386, 0.415, 0.365, 0.428, 0.357, 0.365, 0.388, 0.395, 0.391, 0.404, 0.413, 0.437, 0.428, 0.428, 0.408, 0.415]
Test Scores w/o background: [0.127, 0.188, 0.214, 0.196, 0.212, 0.204, 0.241, 0.179, 0.206, 0.22, 0.202, 0.201, 0.198, 0.206, 0.195, 0.2, 0.208, 0.22, 0.168, 0.179, 0.215, 0.222, 0.205, 0.216, 0.201, 0.194, 0.191, 0.237, 0.265, 0.247, 0.229, 0.25, 0.214, 0.233, 0.226, 0.23, 0.223, 0.246, 0.239, 0.243, 0.228, 0.228, 0.212, 0.225, 0.235, 0.238, 0.232, 0.263, 0.239, 0.241, 0.224, 0.254, 0.217, 0.245, 0.23, 0.249, 0.245, 0.23, 0.211, 0.224, 0.23, 0.219, 0.228, 0.23, 0.227, 0.24, 0.263, 0.25, 0.226, 0.257, 0.242, 0.25, 0.247, 0.215, 0.246, 0.23, 0.228, 0.236, 0.238, 0.208, 0.228, 0.235, 0.217, 0.238, 0.25, 0.245, 0.24, 0.226, 0.232, 0.244, 0.236, 0.238, 0.235, 0.239, 0.229, 0.233, 0.233, 0.237, 0.239, 0.254, 0.258, 0.262, 0.256, 0.245, 0.256, 0.281, 0.256, 0.285, 0.242, 0.25, 0.254, 0.256, 0.26, 0.264, 0.276, 0.29, 0.271, 0.272, 0.253, 0.254]
Train Scores: [0.155, 0.226, 0.265, 0.273, 0.299, 0.315, 0.392, 0.336, 0.393, 0.42, 0.389, 0.402, 0.407, 0.412, 0.386, 0.399, 0.417, 0.436, 0.363, 0.387, 0.425, 0.425, 0.412, 0.426, 0.415, 0.411, 0.391, 0.463, 0.477, 0.427, 0.425, 0.454, 0.397, 0.435, 0.414, 0.415, 0.408, 0.465, 0.432, 0.452, 0.427, 0.404, 0.375, 0.394, 0.434, 0.424, 0.415, 0.436, 0.445, 0.45, 0.413, 0.479, 0.387, 0.437, 0.413, 0.44, 0.454, 0.444, 0.395, 0.431, 0.449, 0.425, 0.425, 0.428, 0.413, 0.428, 0.46, 0.468, 0.447, 0.495, 0.431, 0.449, 0.435, 0.374, 0.422, 0.419, 0.427, 0.44, 0.44, 0.391, 0.397, 0.402, 0.393, 0.415, 0.423, 0.405, 0.419, 0.408, 0.404, 0.436, 0.405, 0.395, 0.422, 0.392, 0.405, 0.419, 0.412, 0.421, 0.453, 0.439, 0.479, 0.499, 0.487, 0.459, 0.492, 0.518, 0.469, 0.533, 0.435, 0.448, 0.474, 0.477, 0.479, 0.486, 0.498, 0.518, 0.499, 0.492, 0.465, 0.488]
Train Scores w/o background: [0.135, 0.222, 0.262, 0.202, 0.206, 0.222, 0.28, 0.188, 0.233, 0.257, 0.224, 0.243, 0.236, 0.228, 0.198, 0.22, 0.242, 0.261, 0.19, 0.221, 0.264, 0.252, 0.236, 0.254, 0.233, 0.231, 0.209, 0.296, 0.309, 0.273, 0.259, 0.282, 0.244, 0.259, 0.243, 0.243, 0.237, 0.295, 0.272, 0.284, 0.243, 0.241, 0.204, 0.23, 0.26, 0.257, 0.239, 0.275, 0.276, 0.275, 0.265, 0.315, 0.26, 0.277, 0.274, 0.282, 0.293, 0.281, 0.24, 0.27, 0.286, 0.267, 0.259, 0.266, 0.257, 0.26, 0.294, 0.301, 0.279, 0.334, 0.282, 0.3, 0.276, 0.229, 0.269, 0.258, 0.279, 0.293, 0.29, 0.236, 0.24, 0.252, 0.251, 0.271, 0.278, 0.255, 0.259, 0.258, 0.269, 0.282, 0.28, 0.274, 0.277, 0.257, 0.254, 0.277, 0.268, 0.265, 0.295, 0.297, 0.321, 0.347, 0.333, 0.312, 0.338, 0.371, 0.335, 0.381, 0.295, 0.31, 0.326, 0.321, 0.33, 0.328, 0.344, 0.368, 0.337, 0.326, 0.302, 0.324]
Train Loss: [5.066, 3.523, 2.195, 1.188, 0.545, 0.272, 0.096, 0.055, 0.014, 0.008, 0.003, 0.001, 0.001, 0.001, 0.001, 0.001, 0.0, 0.0, 0.0, 0.007, 0.0, 0.0, 0.004, 0.0, 0.011, 0.021, 0.001, 0.023, 0.008, 0.005, 0.023, 0.011, 0.025, 0.003, 0.001, 0.001, 0.001, 0.001, 0.02, 0.0, 0.003, 0.0, 0.003, 0.0, 0.0, 0.026, 0.024, 0.012, 0.007, 0.004, 0.011, 0.01, 0.008, 0.011, 0.021, 0.003, 0.005, 0.0, 0.003, 0.001, 0.0, 0.0, 0.001, 0.0, 0.003, 0.004, 0.003, 0.0, 0.001, 0.008, 0.003, 0.015, 0.011, 0.012, 0.018, 0.018, 0.0, 0.0, 0.0, 0.0, 0.005, 0.0, 0.002, 0.0, 0.0, 0.001, 0.007, 0.002, 0.0, 0.0, 0.002, 0.0, 0.0, 0.0, 0.0, 0.0, 0.003, 0.012, 0.013, 0.005, 0.0, 0.0, 0.001, 0.0, 0.0, 0.0, 0.0, 0.0, 0.0, 0.0, 0.0, 0.0, 0.0, 0.0, 0.0, 0.0, 0.0, 0.0, 0.0, 0.0]
Max test score: 0.437 found at epoch: 116
Max test score shapes: 0.29 found at epoch: 116
Avg generalisation ratio: 0.865
Avg generalisation diff: 0.038