seed 42
percentFullySupervised 0.2
Active:  BBox loss [True, False, 1] [True, 0.2] [False, 1] linear True False 20 
domainLossMultiplier 0.001
Active: Adjacencyloss True True 30 0.0001 False False 
Active: Relationsloss True 2 True 0.1 False True False 
Active: OneHotloss True 20 
Active: Smoothnessloss True 100 
Active: MinSizeShapesloss True 1 0.5 0.0035 0.015 
Active: MaxSizeShapesloss True 1 0.98 0.2 0.42 

Test Scores: [0.311, 0.336, 0.354, 0.384, 0.375, 0.397, 0.384, 0.421, 0.395, 0.398, 0.411, 0.412, 0.419, 0.405, 0.432, 0.429, 0.408, 0.436, 0.435, 0.433, 0.417, 0.427, 0.409, 0.456, 0.431, 0.425, 0.434, 0.41, 0.416, 0.453, 0.409, 0.422, 0.456, 0.433, 0.422, 0.439, 0.419, 0.41, 0.451, 0.441, 0.396, 0.462, 0.461, 0.443, 0.412, 0.435, 0.426, 0.444, 0.414, 0.419, 0.419, 0.411, 0.481, 0.43, 0.476, 0.426, 0.398, 0.42, 0.477, 0.443, 0.42, 0.479, 0.434, 0.437, 0.444, 0.436, 0.433, 0.465, 0.427, 0.416, 0.465, 0.478, 0.496, 0.474, 0.455, 0.493, 0.484, 0.47, 0.445, 0.474, 0.476, 0.466, 0.491, 0.494, 0.469, 0.463, 0.478, 0.454, 0.459, 0.435, 0.455, 0.464, 0.479, 0.501, 0.489, 0.505, 0.528, 0.514, 0.485, 0.5, 0.47, 0.507, 0.486, 0.477, 0.469, 0.485, 0.496, 0.462, 0.488, 0.504, 0.484, 0.483, 0.496, 0.466, 0.488, 0.475, 0.447, 0.471, 0.486, 0.503]
Test Scores w/o background: [0.129, 0.176, 0.199, 0.222, 0.215, 0.237, 0.225, 0.254, 0.232, 0.232, 0.25, 0.237, 0.256, 0.224, 0.269, 0.25, 0.239, 0.261, 0.265, 0.261, 0.253, 0.246, 0.218, 0.283, 0.253, 0.237, 0.248, 0.208, 0.219, 0.287, 0.204, 0.224, 0.281, 0.239, 0.22, 0.25, 0.22, 0.205, 0.263, 0.252, 0.18, 0.282, 0.276, 0.254, 0.205, 0.239, 0.226, 0.253, 0.205, 0.213, 0.213, 0.204, 0.302, 0.229, 0.294, 0.223, 0.181, 0.211, 0.297, 0.247, 0.211, 0.298, 0.231, 0.237, 0.249, 0.235, 0.233, 0.277, 0.22, 0.207, 0.275, 0.294, 0.319, 0.287, 0.259, 0.315, 0.3, 0.279, 0.244, 0.283, 0.288, 0.275, 0.309, 0.315, 0.278, 0.267, 0.289, 0.255, 0.264, 0.229, 0.26, 0.271, 0.289, 0.322, 0.304, 0.327, 0.362, 0.34, 0.301, 0.323, 0.278, 0.33, 0.3, 0.287, 0.275, 0.299, 0.313, 0.268, 0.301, 0.327, 0.298, 0.299, 0.315, 0.272, 0.304, 0.287, 0.246, 0.281, 0.298, 0.323]
Train Scores: [0.332, 0.37, 0.38, 0.427, 0.426, 0.42, 0.41, 0.441, 0.447, 0.436, 0.428, 0.416, 0.427, 0.437, 0.45, 0.444, 0.413, 0.452, 0.469, 0.45, 0.463, 0.44, 0.418, 0.469, 0.454, 0.43, 0.46, 0.428, 0.43, 0.469, 0.42, 0.449, 0.448, 0.436, 0.41, 0.436, 0.435, 0.426, 0.447, 0.433, 0.406, 0.447, 0.474, 0.423, 0.395, 0.434, 0.432, 0.435, 0.42, 0.431, 0.416, 0.429, 0.499, 0.436, 0.463, 0.448, 0.427, 0.445, 0.484, 0.442, 0.441, 0.485, 0.448, 0.43, 0.452, 0.456, 0.462, 0.5, 0.455, 0.458, 0.482, 0.495, 0.526, 0.499, 0.447, 0.515, 0.49, 0.471, 0.47, 0.482, 0.474, 0.466, 0.514, 0.515, 0.504, 0.486, 0.478, 0.462, 0.451, 0.469, 0.512, 0.488, 0.528, 0.518, 0.532, 0.536, 0.563, 0.537, 0.494, 0.5, 0.499, 0.544, 0.524, 0.496, 0.505, 0.498, 0.49, 0.466, 0.493, 0.512, 0.502, 0.526, 0.517, 0.468, 0.505, 0.495, 0.485, 0.51, 0.522, 0.534]
Train Scores w/o background: [0.143, 0.204, 0.224, 0.254, 0.261, 0.27, 0.261, 0.279, 0.294, 0.287, 0.278, 0.258, 0.265, 0.268, 0.293, 0.278, 0.255, 0.282, 0.306, 0.282, 0.31, 0.265, 0.226, 0.302, 0.287, 0.241, 0.288, 0.228, 0.236, 0.305, 0.223, 0.258, 0.27, 0.244, 0.197, 0.25, 0.243, 0.224, 0.251, 0.241, 0.191, 0.259, 0.286, 0.223, 0.183, 0.234, 0.232, 0.238, 0.212, 0.226, 0.204, 0.228, 0.321, 0.232, 0.269, 0.248, 0.217, 0.24, 0.299, 0.24, 0.236, 0.297, 0.242, 0.219, 0.253, 0.257, 0.266, 0.311, 0.248, 0.255, 0.286, 0.308, 0.349, 0.312, 0.238, 0.334, 0.299, 0.273, 0.271, 0.286, 0.274, 0.265, 0.33, 0.334, 0.315, 0.288, 0.277, 0.254, 0.24, 0.265, 0.327, 0.291, 0.343, 0.329, 0.351, 0.357, 0.396, 0.358, 0.298, 0.306, 0.306, 0.366, 0.338, 0.301, 0.312, 0.3, 0.29, 0.258, 0.294, 0.322, 0.309, 0.345, 0.33, 0.262, 0.314, 0.302, 0.288, 0.322, 0.337, 0.352]
Train Loss: [2.424, 1.898, 1.538, 1.267, 1.114, 0.974, 0.855, 0.768, 0.696, 0.711, 0.638, 0.625, 0.512, 0.484, 0.433, 0.417, 0.412, 0.369, 0.375, 0.3, 0.315, 0.281, 0.281, 0.313, 0.292, 0.296, 0.282, 0.235, 0.232, 0.233, 0.211, 0.191, 0.178, 0.18, 0.177, 0.179, 0.208, 0.248, 0.275, 0.282, 0.179, 0.169, 0.156, 0.145, 0.161, 0.154, 0.231, 0.108, 0.547, 0.109, 0.171, 0.203, 0.15, 0.315, 0.254, 0.336, 0.289, 0.164, 0.212, 0.122, 0.085, 0.225, 0.106, 0.122, 0.259, 0.19, 0.233, 0.105, 0.197, 0.335, 0.092, 0.12, 0.354, 0.095, 0.143, 0.317, 0.252, 0.202, 0.223, 0.183, 0.127, 0.142, 0.115, 0.131, 0.175, 0.247, 0.226, 0.265, 0.179, 0.357, 0.129, 0.203, 0.166, 0.193, 0.114, 0.211, 0.161, 0.115, 0.382, 0.409, 0.225, 0.143, 0.166, 0.114, 0.169, 0.138, 0.162, 0.18, 0.083, 0.177, 0.197, 0.194, 0.261, 0.106, 0.198, 0.875, 0.949, 1.448, 0.553, 0.367]
Max test score: 0.528 found at epoch: 97
Max test score shapes: 0.362 found at epoch: 97
Avg generalisation ratio: 0.946
Avg generalisation diff: 0.016