seed 42
percentFullySupervised 0.2
Active:  BBox loss [True, False, 1] [True, 0.2] [False, 1] linear True False 20 
domainLossMultiplier 0.001
Active: OneHotloss True 20 
Active: Smoothnessloss True 100 
Active: MinSizeShapesloss True 1 0.5 0.0035 0.015 
Active: MaxSizeShapesloss True 1 0.98 0.2 0.42 

Test Scores: [0.356, 0.373, 0.39, 0.403, 0.397, 0.412, 0.423, 0.433, 0.44, 0.431, 0.444, 0.45, 0.45, 0.439, 0.458, 0.447, 0.442, 0.449, 0.435, 0.455, 0.466, 0.443, 0.45, 0.465, 0.444, 0.466, 0.454, 0.462, 0.441, 0.482, 0.47, 0.461, 0.469, 0.469, 0.457, 0.472, 0.476, 0.441, 0.468, 0.468, 0.436, 0.488, 0.479, 0.488, 0.457, 0.455, 0.47, 0.451, 0.475, 0.431, 0.492, 0.47, 0.505, 0.47, 0.512, 0.488, 0.46, 0.486, 0.49, 0.462, 0.482, 0.51, 0.481, 0.49, 0.507, 0.455, 0.476, 0.481, 0.49, 0.479, 0.495, 0.516, 0.515, 0.515, 0.488, 0.501, 0.513, 0.503, 0.49, 0.503, 0.506, 0.503, 0.509, 0.52, 0.512, 0.501, 0.496, 0.506, 0.516, 0.495, 0.522, 0.513, 0.507, 0.5, 0.522, 0.505, 0.524, 0.515, 0.496, 0.537, 0.5, 0.516, 0.505, 0.494, 0.519, 0.493, 0.52, 0.487, 0.517, 0.537, 0.504, 0.516, 0.524, 0.496, 0.516, 0.48, 0.485, 0.495, 0.526, 0.508]
Test Scores w/o background: [0.176, 0.205, 0.23, 0.219, 0.225, 0.24, 0.25, 0.261, 0.271, 0.26, 0.281, 0.277, 0.279, 0.275, 0.296, 0.278, 0.284, 0.286, 0.267, 0.287, 0.313, 0.267, 0.278, 0.301, 0.282, 0.308, 0.274, 0.294, 0.255, 0.327, 0.303, 0.282, 0.315, 0.297, 0.278, 0.308, 0.318, 0.249, 0.301, 0.293, 0.241, 0.322, 0.305, 0.32, 0.277, 0.268, 0.29, 0.262, 0.297, 0.235, 0.329, 0.291, 0.342, 0.287, 0.35, 0.313, 0.271, 0.307, 0.322, 0.28, 0.305, 0.348, 0.306, 0.311, 0.339, 0.265, 0.291, 0.302, 0.314, 0.296, 0.319, 0.351, 0.349, 0.35, 0.308, 0.331, 0.35, 0.328, 0.31, 0.329, 0.335, 0.328, 0.338, 0.355, 0.34, 0.324, 0.315, 0.331, 0.348, 0.314, 0.355, 0.341, 0.333, 0.327, 0.358, 0.329, 0.358, 0.344, 0.317, 0.379, 0.32, 0.349, 0.33, 0.313, 0.349, 0.312, 0.353, 0.303, 0.344, 0.378, 0.327, 0.344, 0.355, 0.314, 0.344, 0.296, 0.3, 0.314, 0.362, 0.331]
Train Scores: [0.397, 0.4, 0.411, 0.436, 0.446, 0.451, 0.46, 0.459, 0.484, 0.46, 0.478, 0.493, 0.477, 0.447, 0.48, 0.451, 0.479, 0.493, 0.486, 0.47, 0.493, 0.485, 0.437, 0.461, 0.48, 0.462, 0.448, 0.455, 0.451, 0.481, 0.488, 0.482, 0.495, 0.46, 0.453, 0.482, 0.493, 0.444, 0.482, 0.472, 0.477, 0.477, 0.496, 0.51, 0.468, 0.454, 0.484, 0.451, 0.496, 0.461, 0.506, 0.505, 0.533, 0.52, 0.533, 0.523, 0.504, 0.517, 0.529, 0.51, 0.501, 0.519, 0.502, 0.49, 0.502, 0.49, 0.512, 0.527, 0.516, 0.524, 0.506, 0.571, 0.55, 0.555, 0.509, 0.543, 0.549, 0.533, 0.539, 0.542, 0.549, 0.541, 0.56, 0.544, 0.553, 0.53, 0.541, 0.55, 0.554, 0.543, 0.555, 0.538, 0.541, 0.538, 0.571, 0.56, 0.566, 0.556, 0.547, 0.574, 0.548, 0.57, 0.57, 0.557, 0.575, 0.554, 0.562, 0.552, 0.56, 0.575, 0.543, 0.575, 0.555, 0.538, 0.568, 0.526, 0.543, 0.557, 0.558, 0.561]
Train Scores w/o background: [0.201, 0.217, 0.235, 0.25, 0.271, 0.267, 0.286, 0.289, 0.322, 0.287, 0.318, 0.33, 0.304, 0.285, 0.321, 0.276, 0.32, 0.331, 0.319, 0.295, 0.338, 0.309, 0.254, 0.282, 0.313, 0.294, 0.261, 0.275, 0.265, 0.321, 0.321, 0.302, 0.349, 0.294, 0.264, 0.315, 0.336, 0.247, 0.32, 0.301, 0.291, 0.308, 0.321, 0.341, 0.283, 0.262, 0.302, 0.253, 0.321, 0.267, 0.333, 0.329, 0.371, 0.347, 0.366, 0.348, 0.322, 0.341, 0.365, 0.332, 0.318, 0.349, 0.323, 0.303, 0.327, 0.304, 0.333, 0.356, 0.338, 0.344, 0.32, 0.417, 0.393, 0.394, 0.327, 0.375, 0.384, 0.36, 0.366, 0.372, 0.381, 0.368, 0.394, 0.376, 0.385, 0.353, 0.363, 0.377, 0.384, 0.367, 0.387, 0.362, 0.366, 0.364, 0.408, 0.389, 0.402, 0.387, 0.371, 0.413, 0.371, 0.404, 0.403, 0.384, 0.409, 0.38, 0.398, 0.377, 0.389, 0.415, 0.366, 0.411, 0.385, 0.357, 0.402, 0.343, 0.365, 0.383, 0.389, 0.388]
Train Loss: [2.062, 1.642, 1.359, 1.145, 0.997, 0.892, 0.795, 0.704, 0.638, 0.563, 0.541, 0.485, 0.473, 0.399, 0.365, 0.346, 0.347, 0.336, 0.316, 0.291, 0.316, 0.278, 0.327, 0.371, 0.275, 0.219, 0.223, 0.217, 0.177, 0.195, 0.209, 0.226, 0.218, 0.221, 0.159, 0.213, 0.203, 0.124, 0.181, 0.329, 0.165, 0.177, 0.16, 0.194, 0.24, 0.208, 0.163, 0.139, 0.141, 0.135, 0.197, 0.181, 0.121, 0.096, 0.122, 0.231, 0.202, 0.183, 0.132, 0.217, 0.208, 0.225, 0.201, 0.237, 0.222, 0.2, 0.24, 0.221, 0.506, 0.402, 0.316, 0.372, 0.516, 0.084, 0.414, 0.155, 0.248, 0.211, 0.267, 0.09, 0.339, 0.187, 0.205, 0.19, 0.408, 0.213, 0.709, 0.089, 0.471, 0.444, 0.102, 0.08, 0.19, 0.211, 0.339, 0.232, 0.212, 0.106, 0.436, 0.128, 0.109, 0.166, 0.164, 0.119, 0.191, 0.092, 0.219, 0.132, 0.851, 0.244, 0.276, 0.171, 0.233, 0.299, 0.374, 0.149, 0.128, 0.087, 0.157, 0.149]
Max test score: 0.537 found at epoch: 100
Max test score shapes: 0.379 found at epoch: 100
Avg generalisation ratio: 0.913
Avg generalisation diff: 0.031