seed 42
percentFullySupervised 0.2
Active: Scribblesloss True 1 
domainLossMultiplier 0.001
Active: OneHotloss True 20 
Active: Smoothnessloss True 100 
Active: MinSizeShapesloss True 1 0.5 0.0035 0.015 
Active: MaxSizeShapesloss True 1 0.98 0.2 0.42 

Test Scores: [0.19, 0.252, 0.275, 0.339, 0.351, 0.375, 0.397, 0.402, 0.403, 0.396, 0.411, 0.412, 0.396, 0.389, 0.369, 0.329, 0.358, 0.341, 0.313, 0.321, 0.298, 0.343, 0.332, 0.327, 0.36, 0.367, 0.343, 0.373, 0.38, 0.343, 0.329, 0.356, 0.313, 0.336, 0.287, 0.33, 0.33, 0.351, 0.347, 0.362, 0.379, 0.344, 0.372, 0.383, 0.357, 0.357, 0.391, 0.364, 0.36, 0.383, 0.313, 0.383, 0.294, 0.376, 0.357, 0.381, 0.402, 0.408, 0.385, 0.411, 0.407, 0.381, 0.388, 0.384, 0.383, 0.412, 0.414, 0.432, 0.418, 0.423, 0.414, 0.386, 0.379, 0.369, 0.405, 0.414, 0.394, 0.383, 0.412, 0.369, 0.375, 0.401, 0.372, 0.369, 0.414, 0.4, 0.403, 0.407, 0.364, 0.396, 0.377, 0.427, 0.414, 0.402, 0.411, 0.403, 0.385, 0.39, 0.419, 0.373, 0.412, 0.401, 0.39, 0.348, 0.406, 0.401, 0.331, 0.419, 0.342, 0.356, 0.391, 0.412, 0.392, 0.386, 0.379, 0.399, 0.411, 0.409, 0.384, 0.395]
Test Scores w/o background: [0.151, 0.187, 0.209, 0.239, 0.254, 0.267, 0.284, 0.287, 0.291, 0.276, 0.294, 0.297, 0.289, 0.286, 0.285, 0.235, 0.26, 0.238, 0.222, 0.224, 0.208, 0.227, 0.226, 0.23, 0.255, 0.254, 0.241, 0.259, 0.253, 0.232, 0.229, 0.24, 0.224, 0.233, 0.202, 0.229, 0.234, 0.238, 0.246, 0.252, 0.257, 0.242, 0.259, 0.268, 0.241, 0.251, 0.273, 0.257, 0.251, 0.259, 0.234, 0.258, 0.228, 0.278, 0.267, 0.282, 0.292, 0.291, 0.281, 0.294, 0.301, 0.282, 0.284, 0.288, 0.274, 0.302, 0.29, 0.309, 0.301, 0.293, 0.303, 0.278, 0.275, 0.268, 0.288, 0.301, 0.276, 0.271, 0.297, 0.275, 0.279, 0.302, 0.272, 0.272, 0.299, 0.285, 0.297, 0.293, 0.267, 0.284, 0.267, 0.312, 0.308, 0.298, 0.3, 0.3, 0.288, 0.286, 0.307, 0.277, 0.289, 0.281, 0.28, 0.265, 0.302, 0.301, 0.255, 0.307, 0.268, 0.275, 0.304, 0.311, 0.298, 0.284, 0.278, 0.296, 0.302, 0.292, 0.272, 0.285]
Train Scores: [0.184, 0.273, 0.295, 0.381, 0.357, 0.374, 0.425, 0.441, 0.436, 0.464, 0.497, 0.465, 0.439, 0.439, 0.399, 0.369, 0.406, 0.374, 0.355, 0.357, 0.336, 0.404, 0.38, 0.366, 0.416, 0.438, 0.4, 0.435, 0.448, 0.411, 0.394, 0.443, 0.37, 0.403, 0.328, 0.393, 0.387, 0.404, 0.397, 0.425, 0.464, 0.448, 0.467, 0.451, 0.407, 0.401, 0.468, 0.436, 0.453, 0.461, 0.333, 0.423, 0.312, 0.445, 0.425, 0.455, 0.478, 0.485, 0.441, 0.489, 0.475, 0.456, 0.475, 0.449, 0.457, 0.486, 0.506, 0.506, 0.492, 0.504, 0.468, 0.449, 0.435, 0.426, 0.482, 0.492, 0.478, 0.458, 0.479, 0.422, 0.433, 0.464, 0.466, 0.465, 0.522, 0.506, 0.49, 0.503, 0.436, 0.488, 0.457, 0.519, 0.509, 0.473, 0.505, 0.482, 0.457, 0.457, 0.489, 0.446, 0.499, 0.47, 0.447, 0.417, 0.471, 0.473, 0.395, 0.48, 0.416, 0.433, 0.455, 0.471, 0.449, 0.453, 0.433, 0.457, 0.479, 0.499, 0.445, 0.47]
Train Scores w/o background: [0.142, 0.205, 0.226, 0.263, 0.245, 0.249, 0.296, 0.313, 0.32, 0.339, 0.366, 0.339, 0.311, 0.319, 0.293, 0.251, 0.287, 0.246, 0.24, 0.243, 0.222, 0.258, 0.248, 0.246, 0.277, 0.305, 0.268, 0.293, 0.295, 0.27, 0.262, 0.296, 0.244, 0.267, 0.219, 0.267, 0.27, 0.273, 0.279, 0.289, 0.318, 0.323, 0.336, 0.318, 0.273, 0.273, 0.325, 0.297, 0.315, 0.316, 0.237, 0.272, 0.215, 0.317, 0.301, 0.332, 0.344, 0.358, 0.315, 0.349, 0.337, 0.322, 0.34, 0.316, 0.311, 0.35, 0.372, 0.368, 0.358, 0.361, 0.322, 0.325, 0.313, 0.302, 0.345, 0.35, 0.338, 0.324, 0.341, 0.307, 0.302, 0.329, 0.333, 0.332, 0.38, 0.361, 0.354, 0.365, 0.308, 0.353, 0.326, 0.392, 0.39, 0.356, 0.383, 0.356, 0.339, 0.33, 0.351, 0.329, 0.362, 0.329, 0.304, 0.291, 0.332, 0.34, 0.288, 0.344, 0.304, 0.315, 0.336, 0.355, 0.331, 0.329, 0.311, 0.327, 0.351, 0.369, 0.305, 0.337]
Train Loss: [4.209, 2.848, 1.758, 1.009, 0.561, 0.283, 0.214, 0.067, 0.043, 0.036, 0.026, 0.021, 0.019, 0.018, 0.015, 0.013, 0.012, 0.011, 0.01, 0.009, 0.01, 0.01, 0.007, 0.006, 0.005, 0.005, 0.004, 0.003, 0.004, 0.002, 0.002, 0.002, 0.009, 0.006, 0.006, 0.003, 0.007, 0.02, 0.009, 0.009, 0.035, 0.001, 0.001, 0.002, 0.008, 0.002, 0.009, 0.006, 0.015, 0.018, 0.042, 0.077, 0.079, 0.045, 0.076, 0.023, 0.009, 0.009, 0.008, 0.013, 0.003, 0.004, 0.006, 0.037, 0.018, 0.022, 0.009, 0.012, 0.07, 0.067, 0.118, 0.015, 0.034, 0.033, 0.168, 0.084, 0.061, 0.054, 0.01, 0.0, 0.003, 0.009, 0.02, 0.104, 0.036, 0.012, 0.016, 0.018, 0.026, 0.01, 0.03, 0.007, 0.027, 0.013, 0.037, 0.001, 0.01, 0.008, 0.024, 0.068, 0.046, 0.053, 0.023, 0.01, 0.009, 0.001, 0.027, 0.017, 0.005, 0.001, 0.006, 0.04, 0.011, 0.028, 0.016, 0.019, 0.011, 0.005, 0.0, 0.015]
Max test score: 0.432 found at epoch: 68
Max test score shapes: 0.312 found at epoch: 92
Avg generalisation ratio: 0.875
Avg generalisation diff: 0.041