seed 42
percentFullySupervised 0.2
Active:  BBox loss [True, False, 1] [True, 0.2] [False, 1] linear True True 20 
domainLossMultiplier 0.001

Test Scores: [0.218, 0.313, 0.313, 0.352, 0.364, 0.4, 0.38, 0.405, 0.404, 0.398, 0.38, 0.402, 0.394, 0.391, 0.414, 0.433, 0.388, 0.41, 0.441, 0.437, 0.448, 0.416, 0.406, 0.435, 0.426, 0.412, 0.444, 0.424, 0.435, 0.451, 0.419, 0.414, 0.452, 0.433, 0.425, 0.448, 0.438, 0.413, 0.454, 0.423, 0.418, 0.454, 0.457, 0.441, 0.431, 0.423, 0.431, 0.433, 0.422, 0.434, 0.448, 0.411, 0.473, 0.429, 0.493, 0.445, 0.415, 0.446, 0.469, 0.437, 0.452, 0.47, 0.421, 0.436, 0.462, 0.451, 0.444, 0.433, 0.442, 0.451, 0.437, 0.447, 0.476, 0.451, 0.436, 0.455, 0.473, 0.457, 0.43, 0.462, 0.443, 0.437, 0.461, 0.464, 0.426, 0.448, 0.451, 0.436, 0.476, 0.433, 0.436, 0.44, 0.453, 0.437, 0.444, 0.449, 0.483, 0.44, 0.435, 0.456, 0.448, 0.476, 0.443, 0.474, 0.443, 0.434, 0.45, 0.424, 0.448, 0.446, 0.433, 0.421, 0.421, 0.377, 0.419, 0.441, 0.404, 0.432, 0.439, 0.401]
Test Scores w/o background: [0.145, 0.204, 0.198, 0.217, 0.216, 0.249, 0.228, 0.239, 0.255, 0.248, 0.235, 0.24, 0.242, 0.235, 0.256, 0.275, 0.232, 0.257, 0.286, 0.276, 0.31, 0.245, 0.243, 0.271, 0.272, 0.25, 0.284, 0.25, 0.258, 0.294, 0.238, 0.234, 0.297, 0.26, 0.239, 0.282, 0.272, 0.214, 0.288, 0.228, 0.226, 0.28, 0.285, 0.253, 0.247, 0.235, 0.239, 0.246, 0.229, 0.247, 0.267, 0.21, 0.302, 0.242, 0.325, 0.258, 0.215, 0.269, 0.302, 0.249, 0.269, 0.3, 0.219, 0.238, 0.279, 0.269, 0.26, 0.243, 0.25, 0.266, 0.242, 0.262, 0.302, 0.269, 0.238, 0.266, 0.302, 0.273, 0.234, 0.285, 0.255, 0.243, 0.274, 0.278, 0.225, 0.255, 0.259, 0.238, 0.298, 0.241, 0.241, 0.247, 0.264, 0.243, 0.257, 0.259, 0.313, 0.247, 0.24, 0.273, 0.255, 0.296, 0.247, 0.29, 0.247, 0.238, 0.261, 0.224, 0.256, 0.256, 0.238, 0.223, 0.22, 0.158, 0.219, 0.248, 0.193, 0.233, 0.244, 0.19]
Train Scores: [0.242, 0.364, 0.324, 0.384, 0.414, 0.446, 0.407, 0.432, 0.443, 0.426, 0.417, 0.427, 0.437, 0.421, 0.472, 0.458, 0.421, 0.442, 0.462, 0.49, 0.476, 0.461, 0.44, 0.468, 0.435, 0.453, 0.471, 0.444, 0.453, 0.483, 0.453, 0.433, 0.473, 0.455, 0.43, 0.472, 0.493, 0.443, 0.47, 0.436, 0.434, 0.469, 0.473, 0.446, 0.454, 0.448, 0.44, 0.447, 0.439, 0.473, 0.464, 0.437, 0.477, 0.446, 0.498, 0.474, 0.431, 0.473, 0.494, 0.448, 0.469, 0.485, 0.437, 0.462, 0.461, 0.48, 0.46, 0.451, 0.447, 0.474, 0.445, 0.463, 0.481, 0.459, 0.427, 0.483, 0.517, 0.486, 0.455, 0.508, 0.456, 0.457, 0.487, 0.471, 0.446, 0.45, 0.462, 0.461, 0.49, 0.466, 0.475, 0.463, 0.481, 0.453, 0.473, 0.473, 0.519, 0.448, 0.463, 0.464, 0.457, 0.505, 0.49, 0.499, 0.492, 0.458, 0.445, 0.414, 0.452, 0.448, 0.45, 0.443, 0.433, 0.386, 0.439, 0.453, 0.427, 0.454, 0.457, 0.436]
Train Scores w/o background: [0.16, 0.238, 0.19, 0.234, 0.261, 0.303, 0.258, 0.274, 0.292, 0.281, 0.269, 0.266, 0.279, 0.257, 0.315, 0.288, 0.261, 0.278, 0.301, 0.331, 0.329, 0.292, 0.265, 0.299, 0.282, 0.286, 0.306, 0.275, 0.274, 0.32, 0.271, 0.251, 0.309, 0.279, 0.234, 0.301, 0.332, 0.251, 0.297, 0.24, 0.236, 0.291, 0.3, 0.255, 0.268, 0.262, 0.247, 0.253, 0.248, 0.295, 0.281, 0.243, 0.299, 0.256, 0.326, 0.289, 0.229, 0.295, 0.321, 0.255, 0.287, 0.31, 0.231, 0.264, 0.268, 0.297, 0.274, 0.26, 0.252, 0.293, 0.245, 0.272, 0.297, 0.268, 0.219, 0.298, 0.353, 0.304, 0.261, 0.337, 0.264, 0.264, 0.305, 0.282, 0.25, 0.251, 0.265, 0.266, 0.308, 0.277, 0.287, 0.269, 0.292, 0.257, 0.286, 0.278, 0.348, 0.25, 0.266, 0.274, 0.257, 0.323, 0.299, 0.309, 0.303, 0.261, 0.243, 0.2, 0.252, 0.246, 0.247, 0.241, 0.225, 0.157, 0.234, 0.251, 0.214, 0.251, 0.255, 0.227]
Train Loss: [2.538, 2.146, 1.715, 1.427, 1.23, 1.044, 0.928, 0.827, 0.75, 0.683, 0.62, 0.606, 0.591, 0.531, 0.493, 0.511, 0.458, 0.416, 0.408, 0.341, 0.397, 0.33, 0.444, 0.317, 0.271, 0.285, 0.284, 0.243, 0.252, 0.272, 0.196, 0.227, 0.209, 0.228, 0.217, 0.195, 0.176, 0.294, 0.196, 0.181, 0.255, 0.297, 0.16, 0.214, 0.159, 0.335, 0.259, 0.141, 0.192, 0.188, 0.151, 0.215, 0.156, 0.239, 0.245, 0.165, 0.288, 0.315, 0.166, 0.215, 0.157, 0.154, 0.19, 0.201, 0.161, 0.099, 0.145, 0.09, 0.173, 0.115, 0.321, 0.186, 0.375, 0.393, 0.268, 0.325, 0.23, 0.347, 0.197, 0.234, 0.133, 0.25, 0.463, 0.138, 0.216, 0.135, 0.18, 0.157, 0.143, 0.156, 0.089, 0.23, 0.15, 0.225, 0.235, 0.323, 0.179, 0.32, 0.213, 0.206, 0.207, 0.204, 0.071, 0.175, 0.132, 0.146, 0.097, 0.187, 0.072, 0.264, 0.102, 0.218, 0.171, 0.104, 0.054, 0.06, 0.261, 0.19, 0.435, 0.207]
Max test score: 0.493 found at epoch: 55
Max test score shapes: 0.325 found at epoch: 55
Avg generalisation ratio: 0.93
Avg generalisation diff: 0.02