seed 42
percentFullySupervised 0.2
Active: Scribblesloss True 1 
domainLossMultiplier 0.001
Active: Adjacencyloss True True 30 0.0001 False False 
Active: Relationsloss True 2 True 0.1 False True False 
Active: OneHotloss True 20 
Active: Smoothnessloss True 100 
Active: MinSizeShapesloss True 1 0.5 0.0035 0.015 
Active: MaxSizeShapesloss True 1 0.98 0.2 0.42 

Test Scores: [0.266, 0.339, 0.351, 0.416, 0.42, 0.415, 0.318, 0.288, 0.314, 0.278, 0.311, 0.289, 0.286, 0.291, 0.301, 0.303, 0.311, 0.31, 0.316, 0.312, 0.3, 0.313, 0.309, 0.317, 0.325, 0.42, 0.434, 0.449, 0.453, 0.417, 0.421, 0.398, 0.353, 0.365, 0.358, 0.351, 0.345, 0.374, 0.351, 0.359, 0.389, 0.344, 0.37, 0.374, 0.378, 0.406, 0.379, 0.372, 0.369, 0.381, 0.349, 0.374, 0.338, 0.379, 0.355, 0.376, 0.386, 0.39, 0.35, 0.392, 0.41, 0.357, 0.4, 0.398, 0.367, 0.412, 0.405, 0.398, 0.391, 0.381, 0.404, 0.393, 0.39, 0.378, 0.404, 0.368, 0.368, 0.386, 0.396, 0.361, 0.377, 0.391, 0.372, 0.379, 0.395, 0.393, 0.4, 0.407, 0.413, 0.421, 0.393, 0.415, 0.398, 0.38, 0.381, 0.406, 0.374, 0.378, 0.416, 0.377, 0.409, 0.414, 0.401, 0.38, 0.405, 0.404, 0.388, 0.455, 0.363, 0.384, 0.384, 0.396, 0.389, 0.41, 0.4, 0.429, 0.414, 0.415, 0.41, 0.399]
Test Scores w/o background: [0.154, 0.22, 0.251, 0.288, 0.292, 0.293, 0.219, 0.214, 0.23, 0.187, 0.243, 0.233, 0.227, 0.236, 0.249, 0.23, 0.243, 0.245, 0.254, 0.249, 0.238, 0.246, 0.229, 0.246, 0.246, 0.283, 0.288, 0.303, 0.294, 0.288, 0.287, 0.265, 0.231, 0.229, 0.242, 0.231, 0.224, 0.248, 0.233, 0.236, 0.249, 0.231, 0.244, 0.239, 0.246, 0.274, 0.247, 0.251, 0.238, 0.251, 0.225, 0.239, 0.229, 0.243, 0.24, 0.25, 0.252, 0.252, 0.222, 0.257, 0.276, 0.232, 0.263, 0.267, 0.242, 0.273, 0.268, 0.263, 0.261, 0.254, 0.272, 0.27, 0.27, 0.258, 0.279, 0.249, 0.247, 0.26, 0.261, 0.238, 0.253, 0.263, 0.247, 0.252, 0.267, 0.269, 0.277, 0.284, 0.289, 0.293, 0.271, 0.291, 0.278, 0.261, 0.262, 0.286, 0.26, 0.257, 0.287, 0.256, 0.274, 0.288, 0.277, 0.258, 0.273, 0.272, 0.264, 0.325, 0.252, 0.266, 0.267, 0.271, 0.266, 0.279, 0.274, 0.295, 0.276, 0.285, 0.279, 0.272]
Train Scores: [0.272, 0.369, 0.369, 0.469, 0.464, 0.437, 0.361, 0.328, 0.379, 0.318, 0.359, 0.329, 0.325, 0.328, 0.328, 0.344, 0.353, 0.35, 0.35, 0.345, 0.336, 0.358, 0.328, 0.343, 0.357, 0.467, 0.505, 0.539, 0.537, 0.48, 0.484, 0.466, 0.408, 0.428, 0.409, 0.403, 0.39, 0.432, 0.423, 0.423, 0.464, 0.409, 0.423, 0.438, 0.427, 0.446, 0.413, 0.424, 0.427, 0.431, 0.418, 0.44, 0.401, 0.449, 0.401, 0.426, 0.445, 0.444, 0.411, 0.465, 0.465, 0.421, 0.476, 0.48, 0.438, 0.483, 0.474, 0.467, 0.457, 0.44, 0.479, 0.45, 0.442, 0.443, 0.462, 0.417, 0.434, 0.472, 0.474, 0.423, 0.43, 0.445, 0.417, 0.439, 0.447, 0.459, 0.47, 0.462, 0.476, 0.474, 0.44, 0.46, 0.441, 0.425, 0.436, 0.475, 0.436, 0.446, 0.467, 0.426, 0.476, 0.474, 0.48, 0.465, 0.486, 0.478, 0.461, 0.536, 0.435, 0.449, 0.441, 0.464, 0.456, 0.486, 0.476, 0.5, 0.471, 0.478, 0.48, 0.466]
Train Scores w/o background: [0.155, 0.242, 0.257, 0.333, 0.316, 0.292, 0.25, 0.234, 0.276, 0.226, 0.297, 0.284, 0.285, 0.287, 0.289, 0.288, 0.3, 0.302, 0.3, 0.294, 0.287, 0.309, 0.257, 0.279, 0.28, 0.329, 0.361, 0.403, 0.388, 0.344, 0.346, 0.324, 0.274, 0.281, 0.274, 0.268, 0.253, 0.293, 0.295, 0.289, 0.315, 0.279, 0.286, 0.294, 0.284, 0.305, 0.275, 0.295, 0.293, 0.296, 0.285, 0.296, 0.278, 0.309, 0.276, 0.291, 0.307, 0.302, 0.273, 0.322, 0.323, 0.285, 0.329, 0.341, 0.303, 0.34, 0.33, 0.322, 0.316, 0.303, 0.337, 0.314, 0.306, 0.313, 0.329, 0.292, 0.307, 0.339, 0.334, 0.292, 0.298, 0.314, 0.288, 0.312, 0.314, 0.328, 0.334, 0.322, 0.34, 0.334, 0.306, 0.324, 0.304, 0.288, 0.304, 0.342, 0.307, 0.314, 0.328, 0.294, 0.336, 0.335, 0.349, 0.332, 0.35, 0.341, 0.327, 0.401, 0.318, 0.323, 0.314, 0.333, 0.326, 0.35, 0.345, 0.363, 0.326, 0.343, 0.349, 0.335]
Train Loss: [4.311, 2.884, 1.96, 1.309, 0.817, 0.491, 0.3, 0.195, 0.137, 0.095, 0.074, 0.06, 0.049, 0.052, 0.038, 0.037, 0.033, 0.029, 0.028, 0.039, 0.021, 0.027, 0.024, 0.017, 0.018, 0.029, 0.02, 0.015, 0.02, 0.016, 0.013, 0.012, 0.016, 0.023, 0.02, 0.01, 0.015, 0.017, 0.009, 0.009, 0.007, 0.008, 0.008, 0.005, 0.006, 0.011, 0.015, 0.015, 0.003, 0.005, 0.016, 0.009, 0.008, 0.004, 0.007, 0.005, 0.024, 0.007, 0.004, 0.011, 0.016, 0.022, 0.025, 0.011, 0.027, 0.012, 0.006, 0.006, 0.002, 0.002, 0.002, 0.018, 0.036, 0.021, 0.008, 0.004, 0.005, 0.004, 0.002, 0.006, 0.003, 0.005, 0.004, 0.006, 0.005, 0.013, 0.007, 0.002, 0.004, 0.002, 0.038, 0.009, 0.005, 0.004, 0.002, 0.004, 0.002, 0.002, 0.009, 0.007, 0.015, 0.003, 0.011, 0.005, 0.007, 0.005, 0.011, 0.002, 0.05, 0.004, 0.004, 0.009, 0.006, 0.006, 0.009, 0.009, 0.004, 0.006, 0.006, 0.009]
Max test score: 0.455 found at epoch: 108
Max test score shapes: 0.325 found at epoch: 108
Avg generalisation ratio: 0.837
Avg generalisation diff: 0.051