seed 42
FullySupervisedPercentage: 0
logic loss multiplier: 0.01
Active: Adjacencyloss True True 30 0.0001 False False 
Active: Relationsloss True 2 True 0.1 True 
Active: OneHotloss True 20 
Active: MinSizeBackgroundloss True 1 
Active: MaxSizeBackgroundloss True 20 
Active: MinSizeShapesloss True 30 
Active: MaxSizeShapesloss True 1 

Test Scores: [0.125, 0.235, 0.246, 0.246, 0.268, 0.26, 0.257, 0.253, 0.249, 0.247, 0.242, 0.245, 0.242, 0.241, 0.237, 0.238, 0.241, 0.242, 0.236, 0.236, 0.236, 0.236, 0.237, 0.235, 0.238, 0.237, 0.24, 0.24, 0.233, 0.238, 0.232, 0.231, 0.231, 0.23, 0.23, 0.229, 0.228, 0.228, 0.228, 0.228, 0.227, 0.227, 0.227, 0.227, 0.228, 0.227, 0.227, 0.227, 0.227, 0.227, 0.227, 0.227, 0.227, 0.226, 0.227, 0.226, 0.227, 0.227, 0.227, 0.227, 0.227, 0.227, 0.227, 0.227, 0.227, 0.227, 0.227, 0.227, 0.227, 0.227, 0.227, 0.227, 0.227, 0.227, 0.227, 0.227, 0.227, 0.227, 0.227, 0.227, 0.227, 0.227, 0.227, 0.227, 0.227, 0.227, 0.227, 0.227, 0.227, 0.227, 0.227, 0.227, 0.227, 0.227, 0.227, 0.227, 0.227, 0.227, 0.227, 0.227, 0.227, 0.227, 0.227, 0.227, 0.227, 0.227, 0.227, 0.227, 0.227, 0.227, 0.227, 0.227, 0.227, 0.227, 0.227, 0.227, 0.227, 0.227, 0.227, 0.227, 0.227, 0.227, 0.227, 0.227, 0.227, 0.227, 0.227, 0.227, 0.227, 0.227, 0.227, 0.227, 0.227, 0.227, 0.227, 0.227, 0.227, 0.227, 0.227, 0.227, 0.227, 0.227, 0.227, 0.227, 0.227, 0.227, 0.227, 0.227, 0.227, 0.227, 0.227, 0.227, 0.227, 0.227, 0.227, 0.227, 0.227, 0.227, 0.227, 0.227]
Test Scores w/o background: [0.021, 0.032, 0.034, 0.036, 0.052, 0.036, 0.033, 0.028, 0.021, 0.019, 0.014, 0.017, 0.013, 0.012, 0.006, 0.009, 0.012, 0.013, 0.006, 0.005, 0.005, 0.005, 0.007, 0.005, 0.008, 0.007, 0.011, 0.01, 0.002, 0.008, 0.0, 0.0, 0.0, 0.0, 0.0, 0.0, 0.0, 0.0, 0.0, 0.0, 0.0, 0.0, 0.0, 0.0, 0.0, 0.0, 0.0, 0.0, 0.0, 0.0, 0.0, 0.0, 0.0, 0.0, 0.0, 0.0, 0.0, 0.0, 0.0, 0.0, 0.0, 0.0, 0.0, 0.0, 0.0, 0.0, 0.0, 0.0, 0.0, 0.0, 0.0, 0.0, 0.0, 0.0, 0.0, 0.0, 0.0, 0.0, 0.0, 0.0, 0.0, 0.0, 0.0, 0.0, 0.0, 0.0, 0.0, 0.0, 0.0, 0.0, 0.0, 0.0, 0.0, 0.0, 0.0, 0.0, 0.0, 0.0, 0.0, 0.0, 0.0, 0.0, 0.0, 0.0, 0.0, 0.0, 0.0, 0.0, 0.0, 0.0, 0.0, 0.0, 0.0, 0.0, 0.0, 0.0, 0.0, 0.0, 0.0, 0.0, 0.0, 0.0, 0.0, 0.0, 0.0, 0.0, 0.0, 0.0, 0.0, 0.0, 0.0, 0.0, 0.0, 0.0, 0.0, 0.0, 0.0, 0.0, 0.0, 0.0, 0.0, 0.0, 0.0, 0.0, 0.0, 0.0, 0.0, 0.0, 0.0, 0.0, 0.0, 0.0, 0.0, 0.0, 0.0, 0.0, 0.0, 0.0, 0.0, 0.0]
Train Scores: [0.127, 0.244, 0.25, 0.247, 0.264, 0.259, 0.257, 0.256, 0.25, 0.247, 0.244, 0.246, 0.243, 0.243, 0.238, 0.24, 0.242, 0.242, 0.238, 0.237, 0.238, 0.238, 0.239, 0.235, 0.239, 0.24, 0.244, 0.244, 0.236, 0.242, 0.233, 0.232, 0.232, 0.231, 0.231, 0.23, 0.229, 0.229, 0.229, 0.229, 0.228, 0.228, 0.228, 0.228, 0.228, 0.228, 0.228, 0.228, 0.228, 0.228, 0.228, 0.228, 0.228, 0.227, 0.228, 0.227, 0.228, 0.228, 0.228, 0.228, 0.228, 0.228, 0.228, 0.228, 0.228, 0.228, 0.228, 0.228, 0.228, 0.228, 0.228, 0.228, 0.228, 0.228, 0.228, 0.228, 0.228, 0.228, 0.228, 0.228, 0.228, 0.228, 0.228, 0.228, 0.228, 0.228, 0.228, 0.228, 0.228, 0.228, 0.228, 0.228, 0.228, 0.228, 0.228, 0.228, 0.228, 0.228, 0.228, 0.228, 0.228, 0.228, 0.228, 0.228, 0.228, 0.228, 0.228, 0.228, 0.228, 0.228, 0.228, 0.228, 0.228, 0.228, 0.228, 0.228, 0.228, 0.228, 0.228, 0.228, 0.228, 0.228, 0.228, 0.228, 0.228, 0.228, 0.228, 0.228, 0.228, 0.228, 0.228, 0.228, 0.228, 0.228, 0.228, 0.228, 0.228, 0.228, 0.228, 0.228, 0.228, 0.228, 0.228, 0.228, 0.228, 0.228, 0.228, 0.228, 0.228, 0.228, 0.228, 0.228, 0.228, 0.228, 0.228, 0.228, 0.228, 0.228, 0.228, 0.228]
Train Scores w/o background: [0.021, 0.039, 0.035, 0.034, 0.044, 0.034, 0.032, 0.031, 0.021, 0.018, 0.016, 0.017, 0.012, 0.013, 0.007, 0.009, 0.012, 0.012, 0.007, 0.006, 0.006, 0.007, 0.008, 0.003, 0.008, 0.009, 0.014, 0.014, 0.003, 0.011, 0.001, 0.0, 0.0, 0.0, 0.0, 0.0, 0.0, 0.0, 0.0, 0.0, 0.0, 0.0, 0.0, 0.0, 0.0, 0.0, 0.0, 0.0, 0.0, 0.0, 0.0, 0.0, 0.0, 0.0, 0.0, 0.0, 0.0, 0.0, 0.0, 0.0, 0.0, 0.0, 0.0, 0.0, 0.0, 0.0, 0.0, 0.0, 0.0, 0.0, 0.0, 0.0, 0.0, 0.0, 0.0, 0.0, 0.0, 0.0, 0.0, 0.0, 0.0, 0.0, 0.0, 0.0, 0.0, 0.0, 0.0, 0.0, 0.0, 0.0, 0.0, 0.0, 0.0, 0.0, 0.0, 0.0, 0.0, 0.0, 0.0, 0.0, 0.0, 0.0, 0.0, 0.0, 0.0, 0.0, 0.0, 0.0, 0.0, 0.0, 0.0, 0.0, 0.0, 0.0, 0.0, 0.0, 0.0, 0.0, 0.0, 0.0, 0.0, 0.0, 0.0, 0.0, 0.0, 0.0, 0.0, 0.0, 0.0, 0.0, 0.0, 0.0, 0.0, 0.0, 0.0, 0.0, 0.0, 0.0, 0.0, 0.0, 0.0, 0.0, 0.0, 0.0, 0.0, 0.0, 0.0, 0.0, 0.0, 0.0, 0.0, 0.0, 0.0, 0.0, 0.0, 0.0, 0.0, 0.0, 0.0, 0.0]
Train Loss: [1.542, 1.12, 0.858, 0.698, 0.579, 0.488, 0.416, 0.349, 0.299, 0.273, 0.248, 0.224, 0.2, 0.178, 0.158, 0.14, 0.125, 0.112, 0.101, 0.092, 0.084, 0.078, 0.077, 0.076, 0.075, 0.074, 0.073, 0.072, 0.071, 0.069, 0.068, 0.066, 0.063, 0.059, 0.054, 0.049, 0.044, 0.039, 0.033, 0.028, 0.023, 0.019, 0.015, 0.012, 0.01, 0.008, 0.007, 0.006, 0.005, 0.004, 0.004, 0.003, 0.003, 0.003, 0.002, 0.002, 0.002, 0.002, 0.002, 0.001, 0.001, 0.001, 0.001, 0.001, 0.001, 0.0, 0.0, 0.0, 0.0, 0.0, 0.0, 0.0, 0.0, 0.0, 0.0, 0.0, 0.0, 0.0, 0.0, 0.0, 0.0, 0.0, 0.0, 0.0, 0.0, 0.0, 0.0, 0.0, 0.0, 0.0, 0.0, 0.0, 0.0, 0.0, 0.0, 0.0, 0.0, 0.0, 0.0, 0.0, 0.0, 0.0, 0.0, 0.0, 0.0, 0.0, 0.0, 0.0, 0.0, 0.0, 0.0, 0.0, 0.0, 0.0, 0.0, 0.0, 0.0, 0.0, 0.0, 0.0, 0.0, 0.0, 0.0, 0.0, 0.0, 0.0, 0.0, 0.0, 0.0, 0.0, 0.0, 0.0, 0.0, 0.0, 0.0, 0.002, 0.0, 0.0, 0.0, 0.0, 0.0, 0.0, 0.0, 0.0, 0.0, 0.0, 0.0, 0.0, 0.0, 0.0, 0.0, 0.0, 0.0, 0.0, 0.0, 0.0, 0.0, 0.0, 0.0, 0.0]
Max test score: 0.268 found at epoch: 5
Max test score shapes: 0.052 found at epoch: 5
Avg generalisation ratio: 0.945
Avg generalisation diff: 0.0