seed 42
FullySupervisedPercentage: 0
logic loss multiplier: 0.01
Active: Arealoss True False 1 10 False 
Active: Adjacencyloss True True 30 0.0001 False False 
Active: OneHotloss True 20 
Active: MinSizeBackgroundloss True 1 
Active: MaxSizeBackgroundloss True 20 
Active: MinSizeShapesloss True 30 
Active: MaxSizeShapesloss True 1 

Test Scores: [0.23, 0.242, 0.256, 0.28, 0.287, 0.246, 0.266, 0.262, 0.258, 0.26, 0.284, 0.259, 0.259, 0.236, 0.277, 0.273, 0.276, 0.266, 0.253, 0.258, 0.286, 0.271, 0.265, 0.291, 0.301, 0.286, 0.286, 0.288, 0.308, 0.27, 0.297, 0.31, 0.29, 0.294, 0.295, 0.283, 0.305, 0.328, 0.335, 0.355, 0.343, 0.347, 0.372, 0.345, 0.381, 0.36, 0.37, 0.351, 0.368, 0.372, 0.397, 0.403, 0.408, 0.421, 0.411, 0.469, 0.438, 0.465, 0.411, 0.432, 0.477, 0.45, 0.445, 0.426, 0.465, 0.455, 0.433, 0.444, 0.433, 0.487, 0.444, 0.459, 0.443, 0.452, 0.432, 0.448, 0.499, 0.458, 0.441, 0.444, 0.452, 0.457, 0.492, 0.467, 0.491, 0.489, 0.528, 0.459, 0.498, 0.466, 0.516, 0.505, 0.447, 0.49, 0.445, 0.453, 0.438, 0.469, 0.438, 0.428, 0.466, 0.478, 0.44, 0.432, 0.432, 0.489, 0.503, 0.512, 0.476, 0.462, 0.443, 0.454, 0.517, 0.498, 0.528, 0.485, 0.45, 0.47, 0.5, 0.47, 0.492, 0.46, 0.466, 0.467, 0.456, 0.434, 0.465, 0.469, 0.468, 0.464, 0.49, 0.516, 0.502, 0.512, 0.542, 0.588, 0.494, 0.508, 0.537, 0.508, 0.489, 0.47, 0.486, 0.472, 0.495, 0.467, 0.492, 0.486, 0.475, 0.509, 0.505, 0.453, 0.481, 0.495, 0.484, 0.464, 0.507, 0.473, 0.471, 0.448]
Test Scores w/o background: [0.063, 0.054, 0.057, 0.103, 0.113, 0.062, 0.068, 0.066, 0.074, 0.082, 0.111, 0.08, 0.07, 0.066, 0.089, 0.085, 0.089, 0.08, 0.059, 0.075, 0.089, 0.081, 0.082, 0.104, 0.111, 0.093, 0.09, 0.088, 0.115, 0.08, 0.104, 0.119, 0.094, 0.104, 0.104, 0.094, 0.107, 0.136, 0.145, 0.172, 0.157, 0.163, 0.193, 0.159, 0.202, 0.175, 0.187, 0.164, 0.183, 0.185, 0.22, 0.226, 0.231, 0.246, 0.235, 0.309, 0.267, 0.304, 0.233, 0.261, 0.319, 0.285, 0.278, 0.251, 0.302, 0.289, 0.261, 0.276, 0.261, 0.331, 0.276, 0.297, 0.274, 0.286, 0.26, 0.282, 0.349, 0.295, 0.272, 0.278, 0.287, 0.293, 0.339, 0.306, 0.337, 0.334, 0.385, 0.297, 0.347, 0.305, 0.369, 0.355, 0.279, 0.335, 0.277, 0.287, 0.268, 0.309, 0.268, 0.256, 0.306, 0.321, 0.27, 0.261, 0.261, 0.333, 0.35, 0.364, 0.318, 0.3, 0.276, 0.29, 0.371, 0.346, 0.385, 0.33, 0.284, 0.311, 0.35, 0.31, 0.34, 0.299, 0.306, 0.307, 0.293, 0.263, 0.303, 0.31, 0.309, 0.304, 0.335, 0.371, 0.352, 0.364, 0.403, 0.463, 0.341, 0.358, 0.398, 0.361, 0.337, 0.312, 0.333, 0.313, 0.343, 0.305, 0.339, 0.33, 0.316, 0.361, 0.355, 0.287, 0.324, 0.343, 0.328, 0.302, 0.359, 0.315, 0.313, 0.283]
Train Scores: [0.234, 0.245, 0.263, 0.283, 0.283, 0.249, 0.275, 0.267, 0.264, 0.255, 0.263, 0.265, 0.256, 0.242, 0.27, 0.281, 0.288, 0.271, 0.269, 0.272, 0.286, 0.287, 0.275, 0.294, 0.292, 0.297, 0.29, 0.29, 0.31, 0.279, 0.311, 0.318, 0.294, 0.306, 0.309, 0.288, 0.326, 0.341, 0.341, 0.359, 0.373, 0.36, 0.389, 0.356, 0.398, 0.407, 0.398, 0.381, 0.407, 0.421, 0.443, 0.434, 0.451, 0.475, 0.442, 0.485, 0.479, 0.51, 0.45, 0.478, 0.541, 0.484, 0.496, 0.5, 0.516, 0.51, 0.487, 0.494, 0.496, 0.525, 0.51, 0.506, 0.493, 0.504, 0.503, 0.508, 0.542, 0.497, 0.475, 0.475, 0.49, 0.511, 0.561, 0.534, 0.551, 0.543, 0.593, 0.518, 0.538, 0.516, 0.578, 0.575, 0.515, 0.565, 0.507, 0.51, 0.5, 0.532, 0.502, 0.486, 0.513, 0.526, 0.506, 0.491, 0.484, 0.539, 0.55, 0.546, 0.523, 0.52, 0.504, 0.52, 0.584, 0.555, 0.586, 0.544, 0.496, 0.524, 0.559, 0.539, 0.565, 0.536, 0.539, 0.53, 0.497, 0.48, 0.519, 0.513, 0.505, 0.502, 0.554, 0.561, 0.554, 0.566, 0.596, 0.623, 0.541, 0.579, 0.593, 0.56, 0.524, 0.514, 0.517, 0.504, 0.547, 0.524, 0.538, 0.55, 0.542, 0.559, 0.569, 0.504, 0.54, 0.547, 0.549, 0.528, 0.553, 0.539, 0.521, 0.508]
Train Scores w/o background: [0.065, 0.057, 0.065, 0.11, 0.115, 0.071, 0.08, 0.075, 0.082, 0.079, 0.084, 0.084, 0.067, 0.07, 0.083, 0.096, 0.105, 0.085, 0.078, 0.091, 0.091, 0.1, 0.093, 0.109, 0.103, 0.108, 0.098, 0.095, 0.121, 0.092, 0.124, 0.132, 0.1, 0.121, 0.124, 0.101, 0.133, 0.155, 0.156, 0.178, 0.198, 0.182, 0.218, 0.174, 0.227, 0.238, 0.225, 0.205, 0.236, 0.25, 0.281, 0.267, 0.287, 0.316, 0.276, 0.33, 0.32, 0.362, 0.284, 0.321, 0.403, 0.329, 0.344, 0.349, 0.369, 0.361, 0.333, 0.343, 0.345, 0.382, 0.362, 0.358, 0.339, 0.355, 0.353, 0.359, 0.405, 0.344, 0.316, 0.318, 0.336, 0.363, 0.429, 0.394, 0.414, 0.404, 0.47, 0.373, 0.398, 0.371, 0.451, 0.446, 0.368, 0.434, 0.358, 0.362, 0.349, 0.391, 0.352, 0.332, 0.367, 0.384, 0.356, 0.338, 0.329, 0.4, 0.413, 0.409, 0.38, 0.375, 0.355, 0.376, 0.459, 0.421, 0.462, 0.408, 0.344, 0.38, 0.427, 0.399, 0.434, 0.398, 0.401, 0.388, 0.346, 0.323, 0.374, 0.366, 0.356, 0.352, 0.419, 0.429, 0.421, 0.435, 0.473, 0.509, 0.403, 0.45, 0.471, 0.428, 0.381, 0.369, 0.373, 0.355, 0.411, 0.38, 0.398, 0.414, 0.404, 0.427, 0.439, 0.354, 0.401, 0.411, 0.413, 0.386, 0.419, 0.401, 0.378, 0.361]
Train Loss: [1.683, 1.263, 1.028, 0.867, 0.728, 0.615, 0.506, 0.407, 0.34, 0.281, 0.229, 0.181, 0.144, 0.116, 0.093, 0.073, 0.057, 0.051, 0.044, 0.039, 0.034, 0.03, 0.028, 0.024, 0.023, 0.018, 0.015, 0.014, 0.012, 0.011, 0.01, 0.009, 0.01, 0.007, 0.008, 0.01, 0.009, 0.007, 0.005, 0.005, 0.006, 0.005, 0.003, 0.003, 0.004, 0.004, 0.003, 0.002, 0.003, 0.002, 0.002, 0.002, 0.004, 0.002, 0.003, 0.001, 0.001, 0.001, 0.001, 0.003, 0.003, 0.002, 0.003, 0.002, 0.002, 0.003, 0.001, 0.002, 0.004, 0.002, 0.001, 0.002, 0.001, 0.001, 0.001, 0.001, 0.001, 0.001, 0.001, 0.0, 0.001, 0.002, 0.001, 0.001, 0.001, 0.004, 0.001, 0.002, 0.001, 0.001, 0.0, 0.001, 0.002, 0.007, 0.001, 0.001, 0.004, 0.0, 0.0, 0.0, 0.001, 0.001, 0.0, 0.001, 0.001, 0.0, 0.003, 0.003, 0.001, 0.0, 0.003, 0.005, 0.004, 0.001, 0.002, 0.004, 0.001, 0.0, 0.0, 0.002, 0.001, 0.01, 0.004, 0.002, 0.001, 0.002, 0.0, 0.007, 0.0, 0.002, 0.001, 0.001, 0.001, 0.001, 0.0, 0.004, 0.002, 0.006, 0.0, 0.002, 0.001, 0.0, 0.001, 0.0, 0.001, 0.002, 0.001, 0.001, 0.003, 0.006, 0.0, 0.005, 0.003, 0.0, 0.001, 0.002, 0.0, 0.0, 0.01, 0.001]
Max test score: 0.588 found at epoch: 136
Max test score shapes: 0.463 found at epoch: 136
Avg generalisation ratio: 0.844
Avg generalisation diff: 0.052