seed 42
FullySupervisedPercentage: 0
logic loss multiplier: 0.01
Active: Pointloss True 10 
Active: Relationsloss True 2 True 0.1 True 
Active: OneHotloss True 20 
Active: MinSizeBackgroundloss True 1 
Active: MaxSizeBackgroundloss True 20 
Active: MinSizeShapesloss True 30 
Active: MaxSizeShapesloss True 1 

Test Scores: [0.192, 0.23, 0.345, 0.411, 0.434, 0.442, 0.476, 0.458, 0.414, 0.364, 0.347, 0.35, 0.319, 0.32, 0.328, 0.351, 0.391, 0.391, 0.416, 0.405, 0.391, 0.41, 0.407, 0.458, 0.448, 0.461, 0.467, 0.474, 0.47, 0.477, 0.488, 0.484, 0.499, 0.484, 0.474, 0.48, 0.482, 0.514, 0.498, 0.488, 0.481, 0.485, 0.501, 0.471, 0.492, 0.474, 0.471, 0.5, 0.485, 0.472, 0.469, 0.502, 0.493, 0.497, 0.517, 0.516, 0.534, 0.467, 0.484, 0.471, 0.472, 0.472, 0.5, 0.475, 0.479, 0.498, 0.504, 0.535, 0.509, 0.507, 0.492, 0.512, 0.524, 0.511, 0.507, 0.489, 0.502, 0.512, 0.505, 0.495, 0.489, 0.494, 0.536, 0.514, 0.493, 0.537, 0.527, 0.504, 0.493, 0.46, 0.516, 0.527, 0.513, 0.49, 0.51, 0.555, 0.534, 0.507, 0.497, 0.46, 0.423, 0.473, 0.446, 0.484, 0.507, 0.51, 0.493, 0.452, 0.459, 0.479, 0.515, 0.522, 0.525, 0.497, 0.474, 0.504, 0.495, 0.49, 0.493, 0.528, 0.524, 0.514, 0.506, 0.51, 0.535, 0.525, 0.485, 0.528, 0.545, 0.55, 0.5, 0.488, 0.487, 0.495, 0.517, 0.505, 0.506, 0.513, 0.479, 0.483, 0.472, 0.491, 0.518, 0.498, 0.479, 0.461, 0.494, 0.498, 0.502, 0.496, 0.526, 0.54, 0.52, 0.512, 0.516, 0.56, 0.565, 0.54, 0.537, 0.526]
Test Scores w/o background: [0.073, 0.079, 0.156, 0.226, 0.252, 0.26, 0.307, 0.289, 0.235, 0.171, 0.15, 0.154, 0.114, 0.115, 0.126, 0.156, 0.21, 0.209, 0.241, 0.228, 0.21, 0.235, 0.231, 0.298, 0.283, 0.301, 0.308, 0.317, 0.313, 0.322, 0.336, 0.331, 0.351, 0.331, 0.317, 0.326, 0.328, 0.37, 0.35, 0.337, 0.327, 0.332, 0.353, 0.314, 0.342, 0.318, 0.314, 0.351, 0.332, 0.315, 0.311, 0.353, 0.342, 0.347, 0.374, 0.373, 0.396, 0.307, 0.33, 0.313, 0.315, 0.315, 0.352, 0.318, 0.324, 0.349, 0.357, 0.397, 0.363, 0.361, 0.34, 0.367, 0.382, 0.366, 0.361, 0.337, 0.355, 0.368, 0.358, 0.345, 0.338, 0.343, 0.398, 0.369, 0.342, 0.399, 0.386, 0.357, 0.342, 0.299, 0.372, 0.386, 0.368, 0.338, 0.364, 0.423, 0.395, 0.36, 0.347, 0.299, 0.25, 0.316, 0.28, 0.33, 0.36, 0.364, 0.343, 0.289, 0.298, 0.324, 0.371, 0.379, 0.383, 0.348, 0.318, 0.356, 0.344, 0.339, 0.343, 0.388, 0.382, 0.369, 0.36, 0.365, 0.397, 0.384, 0.332, 0.388, 0.41, 0.417, 0.351, 0.336, 0.335, 0.344, 0.374, 0.358, 0.359, 0.369, 0.325, 0.331, 0.316, 0.341, 0.376, 0.349, 0.325, 0.3, 0.343, 0.349, 0.353, 0.345, 0.384, 0.402, 0.376, 0.367, 0.372, 0.429, 0.436, 0.403, 0.399, 0.386]
Train Scores: [0.199, 0.24, 0.37, 0.446, 0.48, 0.489, 0.511, 0.495, 0.436, 0.399, 0.363, 0.373, 0.343, 0.342, 0.355, 0.382, 0.426, 0.434, 0.466, 0.453, 0.435, 0.456, 0.453, 0.508, 0.509, 0.508, 0.515, 0.533, 0.53, 0.523, 0.527, 0.524, 0.53, 0.531, 0.524, 0.52, 0.55, 0.573, 0.54, 0.53, 0.539, 0.524, 0.537, 0.52, 0.526, 0.517, 0.523, 0.545, 0.527, 0.516, 0.511, 0.564, 0.551, 0.527, 0.552, 0.558, 0.565, 0.511, 0.524, 0.515, 0.514, 0.495, 0.535, 0.522, 0.527, 0.546, 0.543, 0.592, 0.563, 0.547, 0.539, 0.551, 0.566, 0.556, 0.56, 0.53, 0.532, 0.543, 0.536, 0.527, 0.533, 0.544, 0.577, 0.561, 0.533, 0.568, 0.552, 0.531, 0.527, 0.489, 0.537, 0.556, 0.55, 0.509, 0.537, 0.569, 0.556, 0.534, 0.528, 0.492, 0.459, 0.517, 0.487, 0.518, 0.556, 0.561, 0.535, 0.489, 0.49, 0.514, 0.547, 0.556, 0.563, 0.526, 0.505, 0.533, 0.525, 0.518, 0.531, 0.56, 0.573, 0.554, 0.531, 0.535, 0.557, 0.559, 0.519, 0.559, 0.576, 0.58, 0.534, 0.514, 0.516, 0.534, 0.542, 0.534, 0.534, 0.544, 0.517, 0.52, 0.505, 0.523, 0.551, 0.538, 0.521, 0.488, 0.528, 0.533, 0.524, 0.522, 0.554, 0.576, 0.558, 0.545, 0.552, 0.591, 0.6, 0.581, 0.571, 0.558]
Train Scores w/o background: [0.082, 0.088, 0.188, 0.271, 0.314, 0.323, 0.354, 0.337, 0.263, 0.216, 0.171, 0.184, 0.144, 0.143, 0.16, 0.196, 0.254, 0.265, 0.306, 0.29, 0.266, 0.295, 0.29, 0.362, 0.363, 0.363, 0.37, 0.395, 0.39, 0.382, 0.386, 0.382, 0.39, 0.393, 0.383, 0.377, 0.417, 0.447, 0.405, 0.391, 0.403, 0.382, 0.399, 0.377, 0.385, 0.373, 0.382, 0.41, 0.387, 0.372, 0.366, 0.435, 0.418, 0.385, 0.419, 0.428, 0.435, 0.364, 0.382, 0.371, 0.37, 0.344, 0.397, 0.379, 0.387, 0.411, 0.407, 0.471, 0.433, 0.413, 0.402, 0.418, 0.437, 0.424, 0.429, 0.391, 0.393, 0.407, 0.399, 0.386, 0.395, 0.409, 0.452, 0.431, 0.394, 0.439, 0.419, 0.391, 0.386, 0.336, 0.399, 0.424, 0.416, 0.363, 0.399, 0.44, 0.423, 0.395, 0.388, 0.34, 0.296, 0.373, 0.334, 0.374, 0.424, 0.43, 0.397, 0.337, 0.338, 0.369, 0.413, 0.423, 0.433, 0.385, 0.358, 0.394, 0.384, 0.375, 0.392, 0.429, 0.446, 0.422, 0.391, 0.397, 0.425, 0.428, 0.375, 0.428, 0.45, 0.455, 0.395, 0.368, 0.372, 0.394, 0.406, 0.396, 0.395, 0.408, 0.374, 0.377, 0.358, 0.381, 0.418, 0.401, 0.379, 0.336, 0.388, 0.393, 0.383, 0.38, 0.42, 0.449, 0.426, 0.41, 0.418, 0.47, 0.481, 0.457, 0.444, 0.426]
Train Loss: [1.805, 1.394, 1.072, 0.822, 0.632, 0.495, 0.392, 0.309, 0.271, 0.238, 0.209, 0.182, 0.158, 0.139, 0.118, 0.101, 0.084, 0.071, 0.056, 0.045, 0.035, 0.027, 0.021, 0.016, 0.013, 0.01, 0.008, 0.006, 0.005, 0.006, 0.008, 0.005, 0.002, 0.004, 0.003, 0.001, 0.001, 0.001, 0.001, 0.0, 0.001, 0.0, 0.0, 0.0, 0.0, 0.0, 0.0, 0.004, 0.0, 0.008, 0.004, 0.008, 0.001, 0.002, 0.0, 0.013, 0.002, 0.0, 0.0, 0.004, 0.002, 0.01, 0.001, 0.0, 0.0, 0.011, 0.014, 0.027, 0.004, 0.003, 0.011, 0.007, 0.0, 0.011, 0.007, 0.007, 0.017, 0.028, 0.04, 0.02, 0.004, 0.045, 0.027, 0.004, 0.0, 0.003, 0.003, 0.055, 0.009, 0.017, 0.03, 0.009, 0.005, 0.015, 0.149, 0.0, 0.011, 0.027, 0.021, 0.024, 0.062, 0.06, 0.025, 0.017, 0.011, 0.02, 0.004, 0.005, 0.014, 0.008, 0.003, 0.008, 0.002, 0.001, 0.036, 0.036, 0.018, 0.005, 0.009, 0.007, 0.001, 0.0, 0.012, 0.077, 0.007, 0.0, 0.0, 0.088, 0.046, 0.0, 0.0, 0.003, 0.015, 0.006, 0.0, 0.019, 0.024, 0.0, 0.002, 0.005, 0.007, 0.007, 0.001, 0.0, 0.007, 0.071, 0.048, 0.009, 0.003, 0.01, 0.035, 0.02, 0.021, 0.017, 0.082, 0.002, 0.0, 0.0, 0.014, 0.015]
Max test score: 0.565 found at epoch: 157
Max test score shapes: 0.436 found at epoch: 157
Avg generalisation ratio: 0.869
Avg generalisation diff: 0.048