seed 42
FullySupervisedPercentage: 0
logic loss multiplier: 0.01
Active: Arealoss True False 1 10 False 
Active: Relationsloss True 2 True 0.1 True 
Active: OneHotloss True 20 
Active: MinSizeBackgroundloss True 1 
Active: MaxSizeBackgroundloss True 20 
Active: MinSizeShapesloss True 30 
Active: MaxSizeShapesloss True 1 

Test Scores: [0.132, 0.209, 0.253, 0.28, 0.29, 0.298, 0.292, 0.275, 0.273, 0.268, 0.258, 0.256, 0.254, 0.261, 0.243, 0.253, 0.247, 0.243, 0.24, 0.237, 0.241, 0.245, 0.24, 0.237, 0.239, 0.237, 0.235, 0.24, 0.237, 0.249, 0.242, 0.253, 0.242, 0.242, 0.245, 0.241, 0.254, 0.247, 0.3, 0.352, 0.342, 0.359, 0.388, 0.391, 0.392, 0.408, 0.378, 0.377, 0.399, 0.388, 0.417, 0.394, 0.419, 0.435, 0.409, 0.459, 0.393, 0.44, 0.402, 0.426, 0.433, 0.422, 0.425, 0.398, 0.402, 0.44, 0.402, 0.446, 0.439, 0.444, 0.433, 0.478, 0.43, 0.457, 0.428, 0.449, 0.446, 0.423, 0.444, 0.441, 0.458, 0.448, 0.456, 0.415, 0.433, 0.424, 0.438, 0.416, 0.417, 0.432, 0.442, 0.467, 0.427, 0.473, 0.411, 0.401, 0.404, 0.434, 0.446, 0.403, 0.456, 0.479, 0.468, 0.463, 0.437, 0.435, 0.444, 0.437, 0.44, 0.393, 0.389, 0.402, 0.41, 0.447, 0.47, 0.488, 0.451, 0.456, 0.438, 0.426, 0.421, 0.476, 0.503, 0.448, 0.467, 0.407, 0.458, 0.45, 0.467, 0.437, 0.418, 0.431, 0.467, 0.453, 0.478, 0.463, 0.447, 0.445, 0.448, 0.421, 0.403, 0.441, 0.481, 0.482, 0.484, 0.446, 0.468, 0.477, 0.462, 0.428, 0.441, 0.47, 0.468, 0.436, 0.469, 0.437, 0.458, 0.43, 0.481, 0.48]
Test Scores w/o background: [0.032, 0.039, 0.056, 0.074, 0.079, 0.085, 0.077, 0.054, 0.051, 0.045, 0.032, 0.031, 0.027, 0.037, 0.015, 0.027, 0.019, 0.015, 0.01, 0.006, 0.011, 0.016, 0.01, 0.006, 0.01, 0.007, 0.005, 0.01, 0.006, 0.022, 0.014, 0.027, 0.013, 0.013, 0.017, 0.013, 0.028, 0.021, 0.089, 0.159, 0.145, 0.168, 0.205, 0.209, 0.21, 0.231, 0.193, 0.19, 0.22, 0.204, 0.244, 0.213, 0.245, 0.267, 0.233, 0.298, 0.212, 0.274, 0.224, 0.255, 0.264, 0.25, 0.254, 0.219, 0.223, 0.274, 0.224, 0.281, 0.273, 0.278, 0.265, 0.322, 0.26, 0.295, 0.258, 0.284, 0.281, 0.25, 0.278, 0.274, 0.297, 0.283, 0.292, 0.24, 0.263, 0.252, 0.27, 0.242, 0.244, 0.264, 0.276, 0.309, 0.256, 0.316, 0.236, 0.222, 0.226, 0.266, 0.28, 0.223, 0.294, 0.323, 0.309, 0.303, 0.269, 0.266, 0.279, 0.269, 0.273, 0.211, 0.206, 0.222, 0.232, 0.282, 0.312, 0.335, 0.286, 0.293, 0.27, 0.254, 0.247, 0.319, 0.354, 0.283, 0.307, 0.228, 0.295, 0.284, 0.306, 0.268, 0.244, 0.261, 0.308, 0.289, 0.322, 0.303, 0.282, 0.28, 0.284, 0.249, 0.225, 0.273, 0.325, 0.327, 0.329, 0.279, 0.309, 0.32, 0.301, 0.256, 0.273, 0.31, 0.308, 0.267, 0.31, 0.269, 0.296, 0.259, 0.326, 0.325]
Train Scores: [0.137, 0.206, 0.246, 0.268, 0.284, 0.285, 0.276, 0.264, 0.269, 0.263, 0.258, 0.256, 0.254, 0.261, 0.245, 0.255, 0.249, 0.245, 0.241, 0.238, 0.242, 0.247, 0.242, 0.239, 0.242, 0.241, 0.241, 0.247, 0.242, 0.264, 0.25, 0.259, 0.255, 0.253, 0.265, 0.254, 0.266, 0.263, 0.311, 0.39, 0.404, 0.403, 0.449, 0.438, 0.452, 0.449, 0.435, 0.445, 0.447, 0.428, 0.457, 0.445, 0.482, 0.489, 0.46, 0.517, 0.451, 0.496, 0.456, 0.483, 0.488, 0.482, 0.481, 0.457, 0.466, 0.502, 0.467, 0.497, 0.492, 0.497, 0.473, 0.525, 0.491, 0.513, 0.482, 0.501, 0.491, 0.466, 0.495, 0.501, 0.518, 0.494, 0.522, 0.475, 0.502, 0.48, 0.494, 0.475, 0.474, 0.475, 0.482, 0.518, 0.468, 0.518, 0.453, 0.446, 0.452, 0.483, 0.491, 0.459, 0.512, 0.516, 0.507, 0.495, 0.491, 0.494, 0.487, 0.471, 0.493, 0.456, 0.447, 0.464, 0.467, 0.493, 0.518, 0.514, 0.485, 0.494, 0.487, 0.482, 0.491, 0.519, 0.536, 0.489, 0.522, 0.449, 0.512, 0.485, 0.511, 0.482, 0.468, 0.486, 0.528, 0.509, 0.53, 0.538, 0.506, 0.482, 0.478, 0.463, 0.462, 0.499, 0.527, 0.532, 0.559, 0.521, 0.536, 0.548, 0.525, 0.486, 0.506, 0.525, 0.535, 0.499, 0.511, 0.484, 0.507, 0.478, 0.529, 0.554]
Train Scores w/o background: [0.036, 0.031, 0.044, 0.056, 0.071, 0.067, 0.055, 0.04, 0.044, 0.038, 0.031, 0.029, 0.027, 0.036, 0.015, 0.029, 0.02, 0.016, 0.011, 0.007, 0.012, 0.018, 0.012, 0.008, 0.011, 0.011, 0.011, 0.018, 0.013, 0.041, 0.023, 0.035, 0.029, 0.027, 0.042, 0.029, 0.044, 0.041, 0.102, 0.208, 0.225, 0.223, 0.284, 0.27, 0.288, 0.284, 0.266, 0.279, 0.282, 0.257, 0.295, 0.279, 0.327, 0.336, 0.299, 0.373, 0.287, 0.345, 0.293, 0.329, 0.336, 0.328, 0.326, 0.296, 0.307, 0.354, 0.308, 0.347, 0.341, 0.347, 0.316, 0.384, 0.339, 0.368, 0.328, 0.352, 0.34, 0.306, 0.344, 0.352, 0.375, 0.343, 0.379, 0.318, 0.353, 0.325, 0.343, 0.318, 0.317, 0.319, 0.327, 0.375, 0.309, 0.374, 0.29, 0.28, 0.288, 0.329, 0.339, 0.297, 0.366, 0.371, 0.359, 0.343, 0.339, 0.343, 0.334, 0.312, 0.341, 0.292, 0.281, 0.303, 0.307, 0.34, 0.373, 0.369, 0.33, 0.342, 0.333, 0.327, 0.338, 0.375, 0.398, 0.336, 0.379, 0.282, 0.365, 0.331, 0.364, 0.326, 0.309, 0.332, 0.387, 0.361, 0.389, 0.4, 0.358, 0.327, 0.323, 0.303, 0.301, 0.349, 0.386, 0.392, 0.427, 0.378, 0.397, 0.413, 0.383, 0.333, 0.358, 0.382, 0.396, 0.349, 0.365, 0.329, 0.359, 0.321, 0.388, 0.421]
Train Loss: [2.529, 2.003, 1.658, 1.43, 1.232, 1.06, 0.916, 0.796, 0.684, 0.594, 0.53, 0.465, 0.4, 0.339, 0.283, 0.234, 0.198, 0.171, 0.151, 0.137, 0.126, 0.119, 0.117, 0.112, 0.11, 0.109, 0.105, 0.103, 0.098, 0.096, 0.094, 0.091, 0.085, 0.08, 0.077, 0.071, 0.067, 0.055, 0.042, 0.033, 0.025, 0.017, 0.012, 0.01, 0.009, 0.008, 0.006, 0.004, 0.006, 0.006, 0.006, 0.003, 0.002, 0.003, 0.004, 0.002, 0.001, 0.004, 0.002, 0.001, 0.002, 0.002, 0.003, 0.003, 0.006, 0.001, 0.003, 0.002, 0.002, 0.0, 0.0, 0.001, 0.001, 0.002, 0.004, 0.004, 0.002, 0.001, 0.001, 0.001, 0.001, 0.0, 0.002, 0.001, 0.001, 0.005, 0.003, 0.005, 0.001, 0.0, 0.0, 0.0, 0.0, 0.0, 0.001, 0.002, 0.0, 0.005, 0.0, 0.001, 0.001, 0.003, 0.004, 0.002, 0.0, 0.0, 0.001, 0.003, 0.0, 0.003, 0.004, 0.004, 0.008, 0.003, 0.001, 0.001, 0.003, 0.001, 0.001, 0.0, 0.001, 0.001, 0.002, 0.001, 0.0, 0.005, 0.002, 0.003, 0.0, 0.006, 0.001, 0.001, 0.002, 0.0, 0.001, 0.001, 0.002, 0.001, 0.001, 0.001, 0.008, 0.003, 0.002, 0.001, 0.001, 0.001, 0.001, 0.001, 0.0, 0.002, 0.002, 0.005, 0.001, 0.001, 0.004, 0.003, 0.001, 0.002, 0.004, 0.0]
Max test score: 0.503 found at epoch: 123
Max test score shapes: 0.354 found at epoch: 123
Avg generalisation ratio: 0.814
Avg generalisation diff: 0.052