Active: Scribblesloss True 1 
Active: MinSizeBackgroundloss True 1 

Test Scores: [0.11, 0.207, 0.254, 0.282, 0.328, 0.367, 0.426, 0.438, 0.425, 0.438, 0.447, 0.429, 0.438, 0.397, 0.401, 0.433, 0.408, 0.423, 0.444, 0.412, 0.421, 0.41, 0.469, 0.457, 0.43, 0.429, 0.442, 0.464, 0.449, 0.455, 0.422, 0.455, 0.463, 0.442, 0.448, 0.466, 0.457, 0.455, 0.467, 0.439, 0.465, 0.476, 0.434, 0.436, 0.431, 0.441, 0.441, 0.448, 0.435, 0.442, 0.435, 0.438, 0.444, 0.441, 0.438, 0.432, 0.435, 0.44, 0.424, 0.426, 0.419, 0.446, 0.422, 0.42, 0.433, 0.424, 0.439, 0.457, 0.436, 0.441, 0.446, 0.439, 0.44, 0.441, 0.442, 0.452, 0.445, 0.434, 0.451, 0.469, 0.462, 0.431, 0.449, 0.432, 0.43, 0.428, 0.435, 0.436, 0.44, 0.454, 0.44, 0.446, 0.444, 0.44, 0.424, 0.44, 0.44, 0.432, 0.438, 0.449, 0.434, 0.43, 0.444, 0.452, 0.459, 0.457, 0.448, 0.435, 0.45, 0.448, 0.448, 0.442, 0.451, 0.42, 0.428, 0.446, 0.439, 0.449, 0.436, 0.449, 0.459, 0.446, 0.451, 0.442, 0.441, 0.436, 0.442, 0.439, 0.442, 0.428, 0.442, 0.436, 0.421, 0.435, 0.437, 0.45, 0.438, 0.425, 0.437, 0.44, 0.453, 0.455, 0.443, 0.463, 0.442, 0.438, 0.425, 0.425, 0.42, 0.429, 0.436, 0.435, 0.432, 0.454, 0.446, 0.431, 0.451, 0.446, 0.445, 0.447]
Test Scores w/o background: [0.04, 0.089, 0.103, 0.119, 0.153, 0.188, 0.252, 0.269, 0.255, 0.272, 0.285, 0.261, 0.273, 0.22, 0.226, 0.268, 0.235, 0.255, 0.283, 0.24, 0.252, 0.237, 0.314, 0.299, 0.264, 0.263, 0.281, 0.308, 0.288, 0.296, 0.253, 0.296, 0.308, 0.28, 0.287, 0.31, 0.297, 0.294, 0.311, 0.275, 0.309, 0.323, 0.269, 0.27, 0.263, 0.278, 0.277, 0.285, 0.267, 0.278, 0.269, 0.273, 0.281, 0.278, 0.273, 0.264, 0.269, 0.276, 0.255, 0.259, 0.248, 0.283, 0.252, 0.251, 0.267, 0.256, 0.275, 0.298, 0.271, 0.278, 0.284, 0.274, 0.275, 0.278, 0.278, 0.292, 0.282, 0.268, 0.29, 0.313, 0.305, 0.264, 0.286, 0.265, 0.264, 0.261, 0.269, 0.272, 0.277, 0.295, 0.276, 0.284, 0.283, 0.277, 0.255, 0.275, 0.276, 0.266, 0.273, 0.288, 0.27, 0.264, 0.283, 0.293, 0.301, 0.298, 0.286, 0.268, 0.289, 0.287, 0.287, 0.279, 0.292, 0.251, 0.262, 0.286, 0.274, 0.288, 0.272, 0.288, 0.301, 0.285, 0.292, 0.28, 0.279, 0.271, 0.278, 0.273, 0.279, 0.261, 0.28, 0.271, 0.251, 0.271, 0.273, 0.29, 0.274, 0.257, 0.273, 0.277, 0.294, 0.296, 0.28, 0.306, 0.279, 0.274, 0.257, 0.257, 0.25, 0.262, 0.271, 0.27, 0.266, 0.295, 0.285, 0.265, 0.292, 0.285, 0.284, 0.286]
Train Scores: [0.115, 0.212, 0.267, 0.3, 0.359, 0.415, 0.495, 0.51, 0.501, 0.513, 0.511, 0.497, 0.495, 0.457, 0.465, 0.49, 0.464, 0.467, 0.492, 0.45, 0.471, 0.46, 0.503, 0.504, 0.479, 0.477, 0.478, 0.51, 0.5, 0.501, 0.457, 0.495, 0.494, 0.479, 0.496, 0.501, 0.493, 0.491, 0.512, 0.476, 0.498, 0.517, 0.473, 0.492, 0.477, 0.474, 0.489, 0.491, 0.48, 0.48, 0.473, 0.479, 0.472, 0.477, 0.477, 0.476, 0.469, 0.477, 0.477, 0.469, 0.46, 0.487, 0.467, 0.472, 0.474, 0.459, 0.476, 0.488, 0.468, 0.471, 0.476, 0.469, 0.478, 0.486, 0.482, 0.495, 0.483, 0.462, 0.482, 0.497, 0.49, 0.469, 0.488, 0.473, 0.462, 0.461, 0.47, 0.467, 0.478, 0.476, 0.469, 0.476, 0.47, 0.46, 0.461, 0.477, 0.465, 0.459, 0.476, 0.485, 0.466, 0.461, 0.466, 0.474, 0.482, 0.481, 0.466, 0.469, 0.485, 0.484, 0.478, 0.472, 0.476, 0.454, 0.457, 0.472, 0.469, 0.479, 0.47, 0.49, 0.483, 0.473, 0.479, 0.471, 0.465, 0.463, 0.481, 0.477, 0.474, 0.458, 0.47, 0.463, 0.455, 0.457, 0.46, 0.479, 0.473, 0.462, 0.47, 0.465, 0.474, 0.48, 0.465, 0.491, 0.474, 0.469, 0.453, 0.459, 0.458, 0.467, 0.465, 0.457, 0.453, 0.476, 0.47, 0.463, 0.474, 0.471, 0.467, 0.467]
Train Scores w/o background: [0.043, 0.091, 0.119, 0.145, 0.195, 0.252, 0.346, 0.365, 0.356, 0.371, 0.369, 0.351, 0.348, 0.3, 0.31, 0.342, 0.308, 0.312, 0.345, 0.291, 0.317, 0.302, 0.359, 0.36, 0.328, 0.325, 0.327, 0.369, 0.355, 0.356, 0.3, 0.348, 0.348, 0.328, 0.35, 0.356, 0.345, 0.342, 0.37, 0.324, 0.352, 0.377, 0.319, 0.343, 0.324, 0.321, 0.34, 0.342, 0.328, 0.328, 0.319, 0.327, 0.318, 0.325, 0.324, 0.322, 0.314, 0.325, 0.324, 0.314, 0.303, 0.338, 0.311, 0.318, 0.321, 0.302, 0.323, 0.339, 0.313, 0.318, 0.324, 0.314, 0.326, 0.337, 0.33, 0.347, 0.332, 0.305, 0.331, 0.35, 0.342, 0.314, 0.338, 0.318, 0.305, 0.304, 0.316, 0.313, 0.325, 0.323, 0.314, 0.322, 0.316, 0.303, 0.304, 0.323, 0.308, 0.301, 0.322, 0.334, 0.311, 0.304, 0.311, 0.321, 0.33, 0.33, 0.31, 0.313, 0.335, 0.333, 0.326, 0.319, 0.324, 0.295, 0.299, 0.319, 0.314, 0.328, 0.315, 0.341, 0.333, 0.32, 0.328, 0.318, 0.31, 0.306, 0.329, 0.324, 0.321, 0.3, 0.316, 0.307, 0.295, 0.298, 0.303, 0.328, 0.319, 0.306, 0.315, 0.309, 0.321, 0.328, 0.309, 0.342, 0.321, 0.315, 0.294, 0.302, 0.299, 0.312, 0.309, 0.299, 0.294, 0.324, 0.316, 0.307, 0.321, 0.317, 0.312, 0.312]
Train Loss: [174.698, 137.806, 102.853, 75.063, 55.598, 42.769, 32.805, 24.547, 21.11, 17.615, 12.594, 8.976, 4.917, 3.839, 3.275, 3.977, 3.777, 2.644, 2.977, 2.422, 2.659, 3.46, 2.005, 2.259, 2.112, 2.212, 1.605, 1.807, 2.043, 1.429, 1.824, 1.965, 1.852, 1.3, 1.463, 2.594, 2.438, 1.701, 1.29, 1.483, 1.174, 0.986, 1.254, 0.889, 0.814, 1.303, 1.158, 0.794, 0.615, 0.599, 0.754, 0.752, 0.922, 0.656, 0.613, 0.605, 0.595, 0.504, 0.544, 0.382, 0.441, 0.526, 0.543, 0.949, 0.473, 0.393, 0.373, 0.379, 0.522, 0.647, 0.312, 0.498, 0.307, 0.259, 0.291, 0.331, 0.463, 0.209, 0.258, 0.303, 0.266, 0.338, 0.226, 0.347, 0.481, 0.276, 0.375, 0.148, 1.345, 0.127, 0.941, 0.431, 0.316, 0.147, 0.33, 0.15, 0.105, 0.206, 0.317, 0.257, 0.398, 0.131, 0.243, 0.159, 0.178, 0.109, 0.107, 0.138, 0.14, 0.141, 0.121, 0.117, 0.129, 0.069, 0.129, 0.051, 0.105, 0.124, 0.147, 0.099, 0.138, 0.121, 0.106, 0.029, 0.131, 0.073, 0.085, 0.127, 0.162, 0.071, 0.088, 0.113, 0.431, 0.104, 0.039, 0.092, 0.049, 0.057, 0.031, 0.014, 0.084, 0.042, 0.061, 0.032, 0.059, 0.045, 0.027, 0.075, 0.03, 0.051, 0.071, 0.091, 0.3, 0.189, 0.14, 0.113, 0.13, 0.117, 0.102, 0.093]
Test Loss: [174.723, 141.206, 116.505, 111.809, 122.58, 126.007, 118.133, 103.714, 109.582, 96.931, 70.952, 67.89, 59.722, 67.649, 80.73, 67.397, 80.485, 72.224, 85.082, 86.347, 92.146, 122.268, 67.939, 80.405, 68.354, 70.955, 76.844, 85.813, 65.471, 85.954, 83.167, 50.136, 61.807, 39.274, 55.906, 71.24, 71.861, 37.653, 81.659, 54.326, 68.192, 45.413, 76.294, 68.342, 66.528, 58.093, 61.076, 65.756, 57.133, 60.653, 36.723, 37.181, 39.862, 76.002, 71.344, 67.14, 55.847, 50.055, 41.757, 55.864, 42.964, 48.625, 57.99, 93.137, 57.392, 52.459, 67.572, 95.171, 72.907, 58.756, 40.261, 26.706, 41.306, 43.446, 64.465, 49.74, 59.495, 55.474, 48.351, 42.323, 43.709, 69.662, 66.01, 68.135, 61.827, 38.932, 56.375, 48.167, 79.905, 71.271, 60.701, 51.116, 35.516, 23.552, 39.559, 74.993, 54.865, 47.061, 54.967, 60.972, 64.567, 80.79, 69.857, 46.557, 47.772, 50.733, 26.234, 39.624, 70.377, 72.931, 58.858, 52.999, 48.376, 49.63, 49.788, 34.946, 54.465, 59.894, 49.341, 86.318, 67.967, 56.377, 50.066, 69.827, 55.011, 18.417, 32.947, 33.151, 35.353, 61.89, 41.713, 52.04, 54.302, 27.659, 29.721, 33.111, 36.49, 82.293, 71.304, 44.888, 29.081, 24.73, 20.715, 22.179, 29.831, 36.251, 28.055, 32.242, 41.63, 54.06, 52.648, 35.789, 27.248, 27.479, 20.045, 33.278, 31.001, 23.873, 15.084, 14.526]
Max test score: 0.476 found at epoch: 42
Max test score shapes: 0.323 found at epoch: 42
