Active: Scribblesloss True 1 
Active: MinSizeBackgroundloss True 1 
Active: MinSizeShapesloss True 30 

Test Scores: [0.111, 0.198, 0.252, 0.275, 0.325, 0.375, 0.437, 0.439, 0.43, 0.456, 0.439, 0.446, 0.425, 0.41, 0.416, 0.427, 0.399, 0.418, 0.444, 0.422, 0.446, 0.451, 0.438, 0.44, 0.437, 0.447, 0.446, 0.458, 0.453, 0.437, 0.43, 0.436, 0.452, 0.453, 0.454, 0.445, 0.459, 0.465, 0.442, 0.443, 0.43, 0.439, 0.462, 0.441, 0.442, 0.446, 0.445, 0.459, 0.464, 0.457, 0.438, 0.449, 0.46, 0.4, 0.441, 0.432, 0.432, 0.44, 0.438, 0.428, 0.431, 0.443, 0.44, 0.445, 0.432, 0.429, 0.436, 0.452, 0.439, 0.429, 0.423, 0.432, 0.42, 0.417, 0.417, 0.459, 0.448, 0.423, 0.435, 0.442, 0.426, 0.426, 0.435, 0.433, 0.43, 0.452, 0.454, 0.427, 0.431, 0.434, 0.428, 0.441, 0.436, 0.444, 0.442, 0.425, 0.43, 0.42, 0.447, 0.428, 0.441, 0.446, 0.436, 0.433, 0.446, 0.436, 0.425, 0.432, 0.425, 0.469, 0.464, 0.448, 0.448, 0.437, 0.438, 0.435, 0.425, 0.423, 0.426, 0.449]
Test Scores w/o background: [0.04, 0.084, 0.1, 0.111, 0.151, 0.197, 0.266, 0.271, 0.261, 0.296, 0.274, 0.283, 0.256, 0.238, 0.245, 0.26, 0.223, 0.248, 0.281, 0.254, 0.285, 0.292, 0.274, 0.277, 0.274, 0.286, 0.285, 0.301, 0.295, 0.273, 0.264, 0.27, 0.292, 0.294, 0.296, 0.283, 0.301, 0.309, 0.28, 0.281, 0.263, 0.275, 0.305, 0.277, 0.278, 0.283, 0.283, 0.302, 0.308, 0.298, 0.274, 0.288, 0.301, 0.222, 0.278, 0.265, 0.265, 0.277, 0.274, 0.26, 0.262, 0.281, 0.276, 0.283, 0.267, 0.262, 0.271, 0.292, 0.275, 0.262, 0.253, 0.266, 0.25, 0.245, 0.246, 0.3, 0.286, 0.253, 0.27, 0.278, 0.258, 0.257, 0.269, 0.268, 0.265, 0.292, 0.295, 0.26, 0.264, 0.269, 0.26, 0.276, 0.271, 0.282, 0.279, 0.255, 0.263, 0.251, 0.286, 0.261, 0.278, 0.285, 0.272, 0.267, 0.284, 0.271, 0.257, 0.266, 0.255, 0.313, 0.307, 0.287, 0.287, 0.273, 0.274, 0.271, 0.258, 0.254, 0.259, 0.287]
Train Scores: [0.117, 0.204, 0.267, 0.299, 0.356, 0.429, 0.517, 0.509, 0.514, 0.518, 0.514, 0.51, 0.493, 0.463, 0.47, 0.475, 0.464, 0.465, 0.483, 0.468, 0.483, 0.492, 0.476, 0.475, 0.475, 0.489, 0.481, 0.492, 0.492, 0.496, 0.476, 0.498, 0.501, 0.488, 0.486, 0.482, 0.497, 0.504, 0.49, 0.477, 0.48, 0.482, 0.507, 0.486, 0.49, 0.488, 0.477, 0.491, 0.499, 0.497, 0.471, 0.481, 0.489, 0.452, 0.473, 0.474, 0.464, 0.473, 0.47, 0.469, 0.484, 0.478, 0.474, 0.484, 0.471, 0.461, 0.474, 0.489, 0.483, 0.466, 0.463, 0.476, 0.457, 0.456, 0.47, 0.508, 0.493, 0.458, 0.475, 0.483, 0.469, 0.468, 0.479, 0.471, 0.458, 0.484, 0.483, 0.464, 0.465, 0.463, 0.463, 0.48, 0.474, 0.473, 0.473, 0.468, 0.465, 0.448, 0.474, 0.455, 0.465, 0.486, 0.466, 0.472, 0.48, 0.47, 0.457, 0.466, 0.468, 0.513, 0.499, 0.482, 0.474, 0.466, 0.458, 0.46, 0.459, 0.455, 0.451, 0.479]
Train Scores w/o background: [0.042, 0.088, 0.119, 0.144, 0.194, 0.27, 0.373, 0.364, 0.372, 0.378, 0.372, 0.368, 0.345, 0.307, 0.315, 0.323, 0.307, 0.309, 0.333, 0.314, 0.333, 0.344, 0.324, 0.323, 0.323, 0.34, 0.33, 0.345, 0.345, 0.35, 0.324, 0.351, 0.357, 0.34, 0.337, 0.332, 0.351, 0.36, 0.342, 0.325, 0.329, 0.332, 0.363, 0.336, 0.341, 0.339, 0.325, 0.343, 0.353, 0.35, 0.318, 0.33, 0.34, 0.291, 0.319, 0.321, 0.307, 0.319, 0.316, 0.314, 0.333, 0.326, 0.322, 0.334, 0.317, 0.305, 0.321, 0.34, 0.333, 0.31, 0.306, 0.323, 0.298, 0.297, 0.315, 0.363, 0.344, 0.298, 0.322, 0.331, 0.314, 0.312, 0.326, 0.318, 0.3, 0.334, 0.333, 0.307, 0.31, 0.307, 0.306, 0.328, 0.32, 0.32, 0.318, 0.312, 0.309, 0.288, 0.321, 0.295, 0.309, 0.337, 0.31, 0.319, 0.329, 0.316, 0.299, 0.31, 0.312, 0.37, 0.353, 0.331, 0.321, 0.31, 0.301, 0.303, 0.302, 0.296, 0.291, 0.326]
Train Loss: [174.558, 137.764, 102.475, 74.795, 53.967, 42.083, 34.318, 25.082, 20.644, 16.496, 11.722, 8.896, 4.464, 2.877, 2.758, 2.942, 3.323, 3.187, 2.754, 2.652, 2.538, 2.886, 2.255, 2.1, 1.913, 1.965, 1.975, 2.435, 1.553, 2.772, 1.934, 1.874, 1.511, 1.716, 2.147, 1.328, 1.349, 1.464, 1.445, 0.996, 1.38, 1.471, 1.018, 1.034, 1.019, 0.889, 0.957, 1.759, 0.852, 0.585, 0.842, 0.833, 0.82, 0.776, 0.794, 2.154, 0.728, 0.566, 1.373, 0.809, 0.628, 0.473, 0.85, 0.405, 0.769, 0.628, 0.33, 0.418, 0.51, 0.473, 0.452, 0.372, 0.534, 0.329, 0.461, 0.494, 0.507, 0.438, 0.374, 0.198, 0.423, 0.341, 0.266, 0.242, 0.327, 0.209, 0.244, 0.142, 0.171, 0.123, 0.148, 0.256, 0.222, 0.286, 0.233, 0.248, 0.164, 0.246, 0.268, 0.228, 0.134, 0.163, 0.098, 0.213, 0.107, 0.307, 0.191, 0.272, 0.194, 0.148, 0.152, 0.117, 0.274, 0.287, 0.167, 0.177, 0.128, 0.134, 0.121, 0.056]
Test Loss: [174.734, 140.897, 116.075, 110.11, 118.954, 132.331, 125.379, 101.996, 97.815, 77.383, 67.303, 55.197, 65.45, 80.214, 87.22, 88.346, 83.356, 81.076, 91.614, 111.026, 118.331, 70.776, 85.599, 87.314, 73.446, 77.669, 109.708, 100.707, 87.86, 115.071, 93.58, 84.496, 76.058, 58.878, 56.289, 73.865, 51.018, 57.143, 67.897, 81.399, 54.387, 105.642, 67.468, 65.58, 105.453, 72.844, 47.662, 65.411, 52.92, 59.292, 56.992, 64.323, 70.222, 68.026, 48.185, 75.028, 54.401, 51.144, 51.012, 57.572, 71.472, 93.687, 74.685, 51.037, 62.102, 53.447, 56.739, 61.544, 59.834, 66.451, 60.71, 74.991, 54.42, 28.507, 55.647, 79.163, 74.34, 72.735, 54.41, 40.354, 65.01, 46.944, 55.512, 71.429, 81.959, 86.443, 35.134, 50.146, 43.069, 71.766, 51.922, 48.415, 66.446, 45.493, 37.453, 53.944, 68.774, 47.166, 42.036, 38.442, 31.811, 63.325, 53.727, 45.08, 54.468, 38.397, 42.002, 67.333, 58.922, 55.75, 53.811, 51.946, 36.325, 33.278, 60.098, 33.035, 29.666, 51.632, 40.235, 29.835]
Max test score: 0.469 found at epoch: 110
Max test score shapes: 0.313 found at epoch: 110
