Active: Scribblesloss True 1 
Active: OneHotloss True 20 
Active: MinSizeBackgroundloss True 1 
Active: MinSizeShapesloss True 30 

Test Scores: [0.111, 0.195, 0.245, 0.257, 0.306, 0.357, 0.437, 0.436, 0.422, 0.447, 0.464, 0.435, 0.457, 0.468, 0.457, 0.399, 0.407, 0.402, 0.375, 0.38, 0.382, 0.39, 0.383, 0.391, 0.384, 0.393, 0.397, 0.387, 0.371, 0.374, 0.366, 0.409, 0.375, 0.412, 0.428, 0.408, 0.409, 0.405, 0.383, 0.401, 0.375, 0.415, 0.441, 0.449, 0.414, 0.438, 0.431, 0.45, 0.432, 0.434, 0.461, 0.488, 0.508, 0.518, 0.45, 0.461, 0.435, 0.461, 0.44, 0.45, 0.458, 0.482, 0.512, 0.489, 0.511, 0.504, 0.503, 0.483, 0.463, 0.484, 0.503, 0.516, 0.509, 0.486, 0.475, 0.499, 0.499, 0.566, 0.57, 0.585, 0.599, 0.63, 0.607, 0.585, 0.601, 0.542, 0.547, 0.566, 0.557, 0.572, 0.559, 0.548, 0.543, 0.527, 0.527, 0.527, 0.528, 0.536, 0.549, 0.525, 0.543, 0.552, 0.57, 0.573, 0.572, 0.571, 0.555, 0.593, 0.608, 0.639, 0.609, 0.589, 0.581, 0.603, 0.602, 0.609, 0.536, 0.573, 0.589, 0.613]
Test Scores w/o background: [0.04, 0.087, 0.101, 0.105, 0.136, 0.181, 0.272, 0.268, 0.251, 0.284, 0.307, 0.27, 0.298, 0.312, 0.297, 0.24, 0.254, 0.257, 0.224, 0.235, 0.24, 0.247, 0.247, 0.251, 0.243, 0.25, 0.257, 0.25, 0.237, 0.236, 0.229, 0.265, 0.235, 0.281, 0.297, 0.267, 0.265, 0.266, 0.242, 0.267, 0.229, 0.274, 0.308, 0.318, 0.274, 0.304, 0.302, 0.315, 0.297, 0.289, 0.321, 0.351, 0.373, 0.384, 0.3, 0.319, 0.284, 0.319, 0.294, 0.305, 0.318, 0.352, 0.382, 0.354, 0.381, 0.376, 0.371, 0.353, 0.332, 0.349, 0.369, 0.386, 0.378, 0.349, 0.334, 0.358, 0.354, 0.44, 0.444, 0.463, 0.481, 0.521, 0.49, 0.462, 0.485, 0.408, 0.417, 0.442, 0.429, 0.449, 0.433, 0.42, 0.415, 0.394, 0.391, 0.393, 0.394, 0.406, 0.42, 0.389, 0.415, 0.422, 0.445, 0.449, 0.45, 0.447, 0.429, 0.476, 0.494, 0.532, 0.496, 0.47, 0.462, 0.487, 0.486, 0.496, 0.398, 0.447, 0.468, 0.498]
Train Scores: [0.116, 0.199, 0.257, 0.275, 0.331, 0.4, 0.501, 0.519, 0.5, 0.526, 0.525, 0.519, 0.526, 0.531, 0.533, 0.433, 0.434, 0.411, 0.401, 0.398, 0.39, 0.399, 0.378, 0.389, 0.383, 0.4, 0.394, 0.397, 0.383, 0.38, 0.386, 0.425, 0.377, 0.403, 0.416, 0.424, 0.432, 0.403, 0.38, 0.403, 0.389, 0.418, 0.43, 0.44, 0.413, 0.437, 0.428, 0.467, 0.439, 0.447, 0.46, 0.473, 0.497, 0.512, 0.466, 0.462, 0.456, 0.469, 0.457, 0.465, 0.468, 0.476, 0.51, 0.508, 0.52, 0.507, 0.523, 0.505, 0.482, 0.499, 0.512, 0.518, 0.523, 0.5, 0.486, 0.519, 0.524, 0.57, 0.592, 0.607, 0.626, 0.637, 0.639, 0.628, 0.594, 0.58, 0.543, 0.574, 0.585, 0.583, 0.566, 0.55, 0.554, 0.559, 0.558, 0.54, 0.527, 0.539, 0.556, 0.559, 0.552, 0.576, 0.585, 0.589, 0.58, 0.584, 0.566, 0.596, 0.616, 0.651, 0.618, 0.584, 0.576, 0.606, 0.597, 0.606, 0.569, 0.595, 0.615, 0.639]
Train Scores w/o background: [0.043, 0.087, 0.117, 0.13, 0.171, 0.239, 0.358, 0.378, 0.354, 0.389, 0.387, 0.38, 0.389, 0.396, 0.4, 0.286, 0.292, 0.271, 0.26, 0.263, 0.252, 0.263, 0.245, 0.255, 0.247, 0.262, 0.257, 0.266, 0.253, 0.244, 0.254, 0.289, 0.243, 0.275, 0.286, 0.292, 0.3, 0.271, 0.243, 0.272, 0.25, 0.283, 0.299, 0.31, 0.278, 0.308, 0.299, 0.339, 0.306, 0.307, 0.324, 0.335, 0.362, 0.379, 0.324, 0.323, 0.313, 0.329, 0.317, 0.326, 0.332, 0.345, 0.382, 0.382, 0.393, 0.382, 0.398, 0.381, 0.357, 0.37, 0.382, 0.39, 0.397, 0.369, 0.351, 0.386, 0.389, 0.445, 0.473, 0.493, 0.516, 0.529, 0.532, 0.519, 0.475, 0.458, 0.412, 0.454, 0.467, 0.464, 0.443, 0.423, 0.431, 0.437, 0.434, 0.41, 0.394, 0.41, 0.43, 0.435, 0.428, 0.455, 0.465, 0.472, 0.461, 0.466, 0.445, 0.481, 0.505, 0.549, 0.508, 0.465, 0.455, 0.493, 0.48, 0.493, 0.443, 0.477, 0.502, 0.533]
Train Loss: [189.707, 152.672, 116.628, 86.846, 66.92, 52.956, 43.245, 36.822, 35.317, 28.279, 23.98, 20.143, 15.154, 11.456, 10.554, 9.716, 10.148, 8.066, 6.698, 6.135, 5.318, 5.002, 4.265, 3.294, 3.222, 3.967, 4.466, 4.291, 3.649, 3.89, 5.621, 5.95, 5.122, 6.375, 4.534, 5.533, 4.798, 5.321, 8.871, 8.947, 4.28, 10.467, 4.721, 2.918, 5.786, 5.417, 3.774, 3.817, 3.071, 3.607, 8.243, 2.763, 2.725, 2.227, 3.556, 3.486, 8.58, 5.335, 2.508, 3.046, 4.072, 3.339, 2.734, 2.804, 3.373, 5.523, 5.382, 5.875, 4.076, 4.833, 3.045, 3.363, 1.774, 2.013, 2.632, 5.143, 3.68, 6.779, 1.476, 1.7, 1.545, 2.099, 3.657, 3.025, 3.276, 2.611, 5.037, 3.425, 2.884, 2.369, 2.704, 3.823, 2.574, 2.507, 2.045, 1.687, 3.227, 3.645, 1.939, 0.93, 0.776, 1.414, 2.773, 1.77, 2.745, 3.177, 6.282, 2.638, 0.873, 2.517, 2.307, 1.569, 1.397, 1.034, 2.163, 1.356, 1.144, 3.286, 1.977, 0.84]
Test Loss: [189.833, 155.981, 130.398, 122.81, 132.86, 144.696, 136.946, 124.309, 127.288, 104.988, 86.135, 75.91, 75.084, 58.052, 70.246, 72.685, 52.564, 57.51, 41.82, 59.284, 45.04, 41.639, 43.087, 40.232, 38.515, 41.1, 41.756, 45.468, 40.937, 46.529, 83.923, 64.889, 62.762, 62.88, 44.315, 47.023, 57.052, 84.884, 58.315, 44.146, 66.672, 117.698, 44.89, 31.707, 63.235, 51.704, 40.859, 38.433, 42.666, 57.948, 68.703, 72.648, 61.239, 59.09, 57.343, 58.368, 50.03, 87.365, 38.304, 66.753, 50.905, 48.897, 56.241, 78.637, 60.403, 60.149, 50.336, 66.057, 91.376, 100.653, 58.681, 50.083, 38.205, 43.183, 74.058, 67.781, 62.148, 38.562, 25.418, 27.793, 30.693, 24.594, 37.552, 64.579, 49.267, 41.209, 47.384, 28.072, 35.697, 45.26, 47.85, 34.86, 37.49, 77.833, 59.198, 43.257, 51.643, 52.712, 45.712, 39.768, 49.773, 48.372, 47.563, 42.043, 50.745, 36.487, 63.289, 58.807, 40.058, 63.852, 38.185, 32.675, 21.053, 32.827, 29.857, 32.173, 26.591, 61.828, 44.061, 36.35]
Max test score: 0.639 found at epoch: 110
Max test score shapes: 0.532 found at epoch: 110
