Active: Scribblesloss True 1 
Active: OneHotloss True 20 
Active: MinSizeBackgroundloss True 1 
Active: Smoothnessloss True 100 

Test Scores: [0.114, 0.201, 0.252, 0.276, 0.301, 0.352, 0.412, 0.418, 0.451, 0.438, 0.453, 0.48, 0.464, 0.439, 0.435, 0.407, 0.407, 0.344, 0.359, 0.356, 0.367, 0.362, 0.365, 0.358, 0.374, 0.37, 0.373, 0.375, 0.372, 0.38, 0.369, 0.401, 0.373, 0.392, 0.392, 0.405, 0.414, 0.403, 0.408, 0.414, 0.414, 0.44, 0.413, 0.403, 0.414, 0.427, 0.418, 0.429, 0.452, 0.472, 0.459, 0.429, 0.491, 0.446, 0.431, 0.444, 0.473, 0.481, 0.472, 0.471, 0.452, 0.435, 0.465, 0.497, 0.504, 0.501, 0.508, 0.486, 0.477, 0.503, 0.492, 0.44, 0.432, 0.436, 0.45, 0.449, 0.473, 0.485, 0.487, 0.461, 0.482, 0.506, 0.504, 0.547, 0.518, 0.527, 0.555, 0.564, 0.53, 0.532, 0.491, 0.5, 0.507, 0.517, 0.524, 0.519, 0.532, 0.517, 0.518, 0.52, 0.509, 0.479, 0.487, 0.513, 0.515, 0.525, 0.551, 0.541, 0.568, 0.547, 0.604, 0.616, 0.609, 0.598, 0.605, 0.611, 0.604, 0.612, 0.611, 0.612, 0.573, 0.613, 0.619, 0.562, 0.603, 0.588, 0.56, 0.566, 0.548, 0.543, 0.565, 0.568, 0.578, 0.562, 0.556, 0.572, 0.549, 0.569, 0.551, 0.517]
Test Scores w/o background: [0.041, 0.086, 0.098, 0.117, 0.131, 0.176, 0.247, 0.252, 0.296, 0.276, 0.295, 0.328, 0.308, 0.274, 0.272, 0.25, 0.254, 0.19, 0.216, 0.221, 0.237, 0.23, 0.235, 0.227, 0.246, 0.241, 0.247, 0.247, 0.244, 0.251, 0.241, 0.281, 0.253, 0.268, 0.265, 0.282, 0.295, 0.279, 0.285, 0.289, 0.298, 0.325, 0.287, 0.273, 0.292, 0.3, 0.291, 0.313, 0.343, 0.358, 0.337, 0.297, 0.383, 0.342, 0.312, 0.315, 0.353, 0.365, 0.357, 0.356, 0.34, 0.323, 0.35, 0.381, 0.384, 0.378, 0.388, 0.364, 0.354, 0.389, 0.367, 0.304, 0.295, 0.302, 0.318, 0.317, 0.354, 0.371, 0.369, 0.337, 0.358, 0.382, 0.372, 0.425, 0.389, 0.396, 0.432, 0.444, 0.402, 0.406, 0.353, 0.362, 0.374, 0.386, 0.397, 0.391, 0.407, 0.392, 0.396, 0.392, 0.383, 0.344, 0.35, 0.382, 0.381, 0.394, 0.427, 0.412, 0.447, 0.417, 0.49, 0.506, 0.497, 0.484, 0.493, 0.502, 0.491, 0.5, 0.501, 0.501, 0.449, 0.503, 0.511, 0.437, 0.492, 0.472, 0.438, 0.446, 0.424, 0.416, 0.443, 0.447, 0.46, 0.438, 0.429, 0.451, 0.421, 0.449, 0.426, 0.386]
Train Scores: [0.12, 0.206, 0.266, 0.293, 0.327, 0.396, 0.459, 0.487, 0.517, 0.503, 0.52, 0.536, 0.528, 0.512, 0.503, 0.45, 0.431, 0.39, 0.386, 0.385, 0.379, 0.378, 0.38, 0.375, 0.381, 0.383, 0.378, 0.381, 0.385, 0.386, 0.377, 0.402, 0.374, 0.405, 0.404, 0.407, 0.415, 0.411, 0.408, 0.42, 0.414, 0.428, 0.409, 0.414, 0.417, 0.438, 0.438, 0.437, 0.451, 0.467, 0.464, 0.447, 0.48, 0.447, 0.457, 0.48, 0.493, 0.49, 0.481, 0.498, 0.458, 0.442, 0.472, 0.499, 0.517, 0.536, 0.524, 0.499, 0.497, 0.504, 0.501, 0.462, 0.453, 0.447, 0.462, 0.466, 0.482, 0.491, 0.481, 0.46, 0.486, 0.508, 0.541, 0.553, 0.534, 0.543, 0.557, 0.569, 0.535, 0.519, 0.506, 0.514, 0.507, 0.518, 0.523, 0.535, 0.538, 0.523, 0.524, 0.543, 0.519, 0.492, 0.504, 0.511, 0.532, 0.542, 0.552, 0.556, 0.569, 0.572, 0.619, 0.64, 0.627, 0.618, 0.629, 0.63, 0.623, 0.631, 0.63, 0.62, 0.606, 0.624, 0.629, 0.584, 0.608, 0.583, 0.564, 0.581, 0.561, 0.572, 0.583, 0.587, 0.579, 0.59, 0.584, 0.593, 0.581, 0.575, 0.558, 0.53]
Train Scores w/o background: [0.043, 0.088, 0.116, 0.139, 0.166, 0.236, 0.31, 0.345, 0.384, 0.363, 0.385, 0.405, 0.395, 0.372, 0.362, 0.309, 0.287, 0.252, 0.251, 0.258, 0.253, 0.25, 0.256, 0.25, 0.256, 0.259, 0.253, 0.257, 0.263, 0.261, 0.254, 0.282, 0.254, 0.287, 0.283, 0.286, 0.297, 0.289, 0.286, 0.297, 0.299, 0.31, 0.282, 0.289, 0.296, 0.315, 0.319, 0.323, 0.342, 0.353, 0.346, 0.322, 0.367, 0.343, 0.345, 0.364, 0.379, 0.377, 0.368, 0.391, 0.35, 0.333, 0.361, 0.386, 0.401, 0.424, 0.41, 0.381, 0.381, 0.391, 0.379, 0.333, 0.324, 0.317, 0.334, 0.339, 0.365, 0.378, 0.363, 0.337, 0.364, 0.386, 0.422, 0.433, 0.41, 0.418, 0.435, 0.451, 0.41, 0.389, 0.375, 0.384, 0.375, 0.388, 0.396, 0.412, 0.414, 0.4, 0.403, 0.423, 0.395, 0.362, 0.372, 0.38, 0.404, 0.417, 0.429, 0.433, 0.449, 0.451, 0.51, 0.538, 0.521, 0.51, 0.524, 0.526, 0.517, 0.527, 0.526, 0.512, 0.494, 0.517, 0.524, 0.466, 0.499, 0.466, 0.444, 0.466, 0.442, 0.455, 0.468, 0.473, 0.462, 0.475, 0.466, 0.479, 0.465, 0.457, 0.437, 0.404]
Train Loss: [200.009, 162.728, 127.325, 98.892, 78.807, 66.689, 56.042, 47.6, 45.157, 39.607, 35.559, 30.722, 26.423, 22.146, 19.301, 16.625, 16.686, 14.789, 11.795, 9.238, 7.6, 6.283, 5.79, 4.542, 4.195, 3.352, 2.995, 2.885, 2.824, 2.351, 2.633, 2.634, 2.304, 2.88, 3.806, 3.426, 4.381, 4.467, 2.91, 2.559, 4.247, 3.17, 3.017, 2.737, 5.68, 8.933, 2.749, 4.189, 2.437, 1.964, 4.362, 2.329, 4.588, 3.534, 4.189, 4.839, 2.838, 8.615, 4.156, 1.888, 4.89, 3.152, 1.56, 1.444, 1.496, 3.839, 1.641, 5.531, 4.531, 4.048, 3.05, 3.442, 3.066, 4.286, 2.205, 3.917, 2.772, 1.87, 2.275, 2.768, 4.625, 4.263, 1.462, 2.083, 2.277, 1.547, 1.15, 1.355, 1.156, 2.126, 2.624, 2.43, 1.56, 2.279, 2.963, 1.634, 1.175, 2.161, 3.148, 1.961, 1.23, 1.627, 2.052, 2.995, 2.474, 5.453, 1.8, 1.616, 1.669, 1.804, 3.108, 2.658, 1.784, 1.833, 1.548, 3.954, 2.028, 5.211, 2.401, 1.629, 1.217, 1.114, 1.575, 2.248, 3.777, 4.494, 1.497, 1.774, 1.722, 7.759, 1.315, 3.608, 2.492, 1.625, 2.027, 2.142, 0.976, 2.312, 1.588, 1.811]
Test Loss: [200.149, 166.379, 140.672, 133.063, 139.558, 156.542, 153.387, 143.361, 140.344, 103.284, 104.576, 99.849, 90.927, 81.633, 90.922, 87.694, 65.767, 62.548, 65.066, 51.647, 48.808, 44.776, 41.208, 27.278, 59.998, 31.105, 44.139, 39.252, 44.176, 38.037, 34.973, 47.547, 48.109, 53.641, 61.867, 55.847, 50.38, 67.151, 72.633, 64.932, 61.046, 55.526, 79.831, 66.201, 59.166, 103.187, 72.898, 56.718, 27.107, 64.577, 65.759, 45.292, 62.937, 49.198, 73.185, 81.814, 73.007, 87.617, 85.847, 85.449, 53.324, 53.702, 86.563, 66.734, 81.176, 40.871, 42.304, 92.547, 116.302, 53.352, 69.177, 45.252, 53.745, 66.377, 41.942, 102.162, 62.487, 32.478, 38.031, 47.814, 52.449, 55.115, 60.364, 63.398, 58.276, 92.198, 82.771, 66.4, 52.427, 69.034, 49.771, 82.63, 49.484, 40.027, 21.725, 44.41, 64.355, 44.896, 28.981, 71.624, 59.192, 55.201, 70.968, 51.132, 45.99, 76.339, 56.4, 64.608, 55.178, 42.073, 73.071, 91.811, 72.283, 54.033, 78.146, 89.697, 39.623, 56.919, 52.395, 29.488, 34.397, 23.336, 25.74, 49.302, 51.883, 47.755, 36.453, 57.908, 68.273, 103.438, 59.066, 66.513, 56.816, 60.034, 63.966, 57.07, 92.322, 96.834, 26.54, 33.851]
Max test score: 0.619 found at epoch: 123
Max test score shapes: 0.511 found at epoch: 123
