Active: Scribblesloss True 1 
Active: OneHotloss True 20 
Active: MinSizeBackgroundloss True 1 

Test Scores: [0.111, 0.193, 0.243, 0.262, 0.293, 0.352, 0.425, 0.441, 0.433, 0.449, 0.448, 0.446, 0.463, 0.461, 0.474, 0.402, 0.392, 0.385, 0.39, 0.359, 0.358, 0.344, 0.363, 0.366, 0.368, 0.386, 0.359, 0.366, 0.36, 0.357, 0.37, 0.365, 0.356, 0.369, 0.351, 0.356, 0.368, 0.4, 0.386, 0.376, 0.387, 0.4, 0.411, 0.401, 0.419, 0.429, 0.388, 0.383, 0.358, 0.382, 0.382, 0.428, 0.422, 0.42, 0.414, 0.38, 0.409, 0.415, 0.383, 0.415, 0.422, 0.444, 0.447, 0.436, 0.413, 0.423, 0.461, 0.454, 0.461, 0.461, 0.48, 0.477, 0.494, 0.505, 0.527, 0.493, 0.434, 0.466, 0.478, 0.467, 0.45, 0.434, 0.409, 0.425, 0.45, 0.443, 0.465, 0.44, 0.497, 0.518, 0.516, 0.507, 0.488, 0.496, 0.485, 0.497, 0.504, 0.472, 0.517, 0.524, 0.53, 0.562, 0.583, 0.607, 0.596, 0.565, 0.536, 0.51, 0.491, 0.506, 0.508, 0.493, 0.5, 0.5, 0.514, 0.517, 0.537, 0.513, 0.509, 0.541, 0.501, 0.536, 0.567, 0.548, 0.553, 0.539, 0.542, 0.573, 0.568, 0.539, 0.581, 0.564, 0.549, 0.552, 0.511, 0.526, 0.539, 0.543, 0.554, 0.524]
Test Scores w/o background: [0.04, 0.083, 0.098, 0.11, 0.121, 0.176, 0.255, 0.274, 0.266, 0.286, 0.287, 0.283, 0.305, 0.304, 0.32, 0.244, 0.237, 0.236, 0.243, 0.213, 0.211, 0.19, 0.219, 0.225, 0.223, 0.246, 0.217, 0.226, 0.215, 0.213, 0.228, 0.224, 0.217, 0.226, 0.205, 0.211, 0.22, 0.259, 0.241, 0.232, 0.246, 0.261, 0.27, 0.248, 0.273, 0.287, 0.251, 0.235, 0.206, 0.243, 0.238, 0.288, 0.276, 0.277, 0.27, 0.223, 0.257, 0.271, 0.24, 0.282, 0.299, 0.316, 0.316, 0.301, 0.278, 0.287, 0.323, 0.317, 0.318, 0.32, 0.34, 0.338, 0.356, 0.367, 0.396, 0.354, 0.284, 0.328, 0.341, 0.329, 0.309, 0.291, 0.263, 0.283, 0.322, 0.315, 0.343, 0.309, 0.382, 0.405, 0.395, 0.375, 0.35, 0.359, 0.346, 0.36, 0.371, 0.328, 0.384, 0.395, 0.397, 0.435, 0.459, 0.492, 0.478, 0.44, 0.407, 0.374, 0.356, 0.373, 0.372, 0.359, 0.37, 0.383, 0.394, 0.399, 0.431, 0.405, 0.396, 0.431, 0.376, 0.413, 0.448, 0.426, 0.435, 0.41, 0.414, 0.451, 0.452, 0.407, 0.464, 0.446, 0.428, 0.438, 0.384, 0.408, 0.427, 0.435, 0.445, 0.41]
Train Scores: [0.117, 0.198, 0.253, 0.278, 0.321, 0.397, 0.502, 0.518, 0.519, 0.521, 0.516, 0.527, 0.532, 0.528, 0.534, 0.427, 0.411, 0.398, 0.404, 0.385, 0.378, 0.378, 0.377, 0.372, 0.386, 0.388, 0.37, 0.366, 0.375, 0.375, 0.379, 0.38, 0.362, 0.376, 0.371, 0.374, 0.382, 0.401, 0.381, 0.382, 0.398, 0.419, 0.412, 0.415, 0.424, 0.425, 0.384, 0.401, 0.388, 0.392, 0.401, 0.432, 0.431, 0.436, 0.432, 0.416, 0.44, 0.424, 0.401, 0.421, 0.435, 0.448, 0.445, 0.437, 0.415, 0.436, 0.475, 0.463, 0.487, 0.475, 0.503, 0.492, 0.518, 0.533, 0.538, 0.515, 0.467, 0.474, 0.486, 0.475, 0.467, 0.445, 0.432, 0.436, 0.456, 0.459, 0.472, 0.47, 0.509, 0.531, 0.519, 0.503, 0.484, 0.499, 0.498, 0.505, 0.504, 0.489, 0.519, 0.521, 0.537, 0.563, 0.597, 0.609, 0.607, 0.569, 0.533, 0.512, 0.48, 0.505, 0.515, 0.492, 0.505, 0.508, 0.528, 0.527, 0.545, 0.539, 0.534, 0.55, 0.524, 0.547, 0.579, 0.566, 0.565, 0.569, 0.575, 0.602, 0.558, 0.58, 0.587, 0.556, 0.563, 0.574, 0.554, 0.54, 0.553, 0.558, 0.575, 0.558]
Train Scores w/o background: [0.043, 0.086, 0.111, 0.132, 0.159, 0.236, 0.359, 0.377, 0.38, 0.381, 0.376, 0.39, 0.397, 0.392, 0.401, 0.278, 0.263, 0.255, 0.265, 0.246, 0.239, 0.238, 0.241, 0.238, 0.252, 0.252, 0.236, 0.231, 0.241, 0.242, 0.242, 0.245, 0.228, 0.241, 0.232, 0.239, 0.244, 0.265, 0.24, 0.244, 0.264, 0.29, 0.277, 0.271, 0.283, 0.285, 0.247, 0.261, 0.248, 0.259, 0.266, 0.297, 0.291, 0.298, 0.295, 0.275, 0.302, 0.287, 0.265, 0.287, 0.316, 0.328, 0.322, 0.306, 0.286, 0.309, 0.34, 0.33, 0.353, 0.34, 0.372, 0.358, 0.387, 0.405, 0.411, 0.385, 0.328, 0.34, 0.353, 0.342, 0.332, 0.307, 0.295, 0.299, 0.331, 0.339, 0.355, 0.351, 0.401, 0.425, 0.402, 0.374, 0.348, 0.366, 0.366, 0.373, 0.375, 0.354, 0.39, 0.392, 0.408, 0.437, 0.479, 0.495, 0.492, 0.446, 0.403, 0.377, 0.342, 0.371, 0.382, 0.358, 0.376, 0.395, 0.413, 0.413, 0.442, 0.443, 0.43, 0.443, 0.406, 0.427, 0.464, 0.451, 0.454, 0.452, 0.46, 0.49, 0.441, 0.463, 0.473, 0.436, 0.447, 0.468, 0.442, 0.426, 0.447, 0.455, 0.474, 0.455]
Train Loss: [189.702, 152.508, 116.742, 87.678, 67.323, 55.728, 45.249, 36.625, 32.684, 27.858, 24.224, 19.725, 15.218, 11.501, 10.142, 9.425, 9.17, 8.013, 6.226, 5.394, 4.918, 3.866, 4.074, 4.21, 3.352, 3.109, 4.328, 4.313, 2.663, 3.82, 5.563, 3.754, 4.555, 3.784, 3.397, 6.611, 4.675, 4.305, 4.507, 3.34, 6.661, 7.782, 9.388, 5.945, 5.66, 4.706, 4.089, 3.003, 4.331, 3.567, 6.821, 6.956, 4.466, 4.148, 3.792, 3.569, 4.736, 6.429, 5.497, 5.363, 7.114, 2.248, 3.312, 2.889, 2.181, 2.508, 1.856, 3.384, 3.873, 5.75, 1.898, 2.272, 2.804, 1.935, 1.881, 3.194, 3.624, 2.57, 3.637, 2.145, 1.601, 1.628, 1.141, 2.002, 1.88, 2.465, 2.195, 3.524, 4.265, 4.92, 1.509, 1.369, 0.838, 1.21, 1.328, 1.11, 1.287, 2.672, 4.228, 0.454, 1.025, 1.041, 1.239, 1.239, 1.309, 1.867, 0.759, 2.283, 4.644, 0.846, 0.722, 4.104, 8.856, 4.669, 3.069, 2.383, 3.069, 7.512, 4.618, 3.898, 3.443, 2.284, 6.255, 2.037, 1.436, 2.14, 6.595, 2.499, 7.716, 2.708, 2.138, 1.423, 5.824, 2.756, 2.325, 2.873, 2.746, 2.269, 1.473, 2.017]
Test Loss: [189.746, 156.182, 130.397, 123.745, 133.92, 148.18, 146.058, 136.351, 115.505, 97.475, 83.759, 84.359, 80.155, 58.844, 66.506, 62.401, 51.357, 56.495, 36.948, 43.385, 41.153, 34.919, 38.742, 39.866, 41.004, 51.536, 44.814, 44.43, 55.074, 63.512, 39.222, 41.555, 65.015, 48.078, 42.057, 79.994, 58.893, 55.101, 67.352, 74.365, 78.813, 66.656, 76.12, 39.312, 47.828, 38.498, 36.129, 48.562, 104.141, 64.551, 77.813, 66.175, 66.824, 28.278, 37.109, 53.997, 68.336, 100.557, 62.765, 37.99, 62.273, 32.603, 68.428, 47.636, 48.745, 57.849, 54.439, 49.598, 59.762, 73.742, 61.246, 42.129, 42.234, 30.253, 43.805, 44.037, 44.806, 46.523, 36.044, 42.469, 53.552, 60.827, 74.021, 54.419, 42.881, 68.764, 58.369, 80.909, 54.691, 53.741, 52.887, 72.797, 40.343, 39.184, 56.554, 71.318, 74.742, 67.53, 66.52, 72.548, 112.273, 88.961, 66.134, 56.418, 81.631, 95.737, 43.874, 47.207, 50.931, 71.484, 67.899, 61.887, 58.954, 45.695, 37.081, 44.954, 45.956, 71.841, 78.04, 45.352, 36.222, 30.613, 66.601, 31.281, 27.841, 56.726, 108.072, 49.767, 58.557, 68.349, 52.85, 35.535, 33.844, 44.808, 44.012, 38.672, 39.22, 27.358, 41.519, 53.555]
Max test score: 0.607 found at epoch: 104
Max test score shapes: 0.492 found at epoch: 104
