Active: Scribblesloss True 1 

Test Scores: [0.062, 0.142, 0.161, 0.174, 0.184, 0.188, 0.235, 0.265, 0.245, 0.256, 0.209, 0.208, 0.201, 0.21, 0.218, 0.234, 0.242, 0.218, 0.214, 0.191, 0.165, 0.177, 0.182, 0.192, 0.181, 0.179, 0.182, 0.162, 0.151, 0.153, 0.146, 0.157, 0.147, 0.161, 0.127, 0.109, 0.094, 0.067, 0.092, 0.103, 0.091, 0.078, 0.072, 0.053, 0.054, 0.065, 0.066, 0.062, 0.055, 0.064, 0.052, 0.049, 0.06, 0.057, 0.045, 0.037, 0.033, 0.034, 0.034, 0.035, 0.032, 0.033, 0.036, 0.04, 0.035, 0.034, 0.033, 0.036, 0.037, 0.039, 0.033, 0.032, 0.035, 0.037, 0.038, 0.036, 0.034, 0.033, 0.033, 0.033, 0.031, 0.034, 0.036, 0.038, 0.035, 0.038, 0.045, 0.032, 0.033, 0.034, 0.036, 0.035, 0.033, 0.034, 0.029, 0.032, 0.038, 0.037, 0.033, 0.032, 0.034, 0.041, 0.037, 0.036, 0.035, 0.035, 0.036, 0.035, 0.034, 0.033, 0.033, 0.034, 0.035, 0.034, 0.034, 0.037, 0.037, 0.031, 0.035, 0.034, 0.034, 0.042, 0.033, 0.035, 0.036, 0.036, 0.036, 0.034, 0.031, 0.031, 0.032, 0.036, 0.032, 0.031, 0.03, 0.033, 0.033, 0.035, 0.033, 0.034, 0.031, 0.03, 0.029, 0.031, 0.03, 0.036, 0.039, 0.036, 0.035, 0.034, 0.035, 0.035, 0.032, 0.033, 0.035, 0.037, 0.035, 0.034, 0.03, 0.03]
Test Scores w/o background: [0.03, 0.064, 0.074, 0.082, 0.081, 0.075, 0.102, 0.107, 0.106, 0.1, 0.078, 0.087, 0.087, 0.094, 0.096, 0.099, 0.113, 0.093, 0.087, 0.079, 0.07, 0.077, 0.08, 0.084, 0.084, 0.081, 0.082, 0.069, 0.068, 0.07, 0.068, 0.079, 0.069, 0.077, 0.063, 0.054, 0.057, 0.051, 0.053, 0.06, 0.05, 0.051, 0.05, 0.04, 0.053, 0.055, 0.046, 0.053, 0.05, 0.054, 0.052, 0.05, 0.058, 0.051, 0.049, 0.044, 0.042, 0.042, 0.043, 0.045, 0.041, 0.042, 0.047, 0.052, 0.046, 0.045, 0.043, 0.048, 0.049, 0.052, 0.044, 0.043, 0.047, 0.05, 0.051, 0.049, 0.045, 0.044, 0.045, 0.044, 0.042, 0.045, 0.048, 0.051, 0.047, 0.051, 0.061, 0.043, 0.045, 0.046, 0.048, 0.047, 0.044, 0.046, 0.039, 0.042, 0.05, 0.049, 0.044, 0.043, 0.045, 0.055, 0.049, 0.048, 0.047, 0.047, 0.048, 0.046, 0.045, 0.044, 0.044, 0.045, 0.047, 0.045, 0.046, 0.049, 0.05, 0.042, 0.047, 0.046, 0.045, 0.055, 0.045, 0.047, 0.049, 0.048, 0.049, 0.045, 0.041, 0.042, 0.043, 0.048, 0.043, 0.041, 0.04, 0.045, 0.044, 0.046, 0.044, 0.045, 0.041, 0.04, 0.038, 0.041, 0.041, 0.048, 0.052, 0.048, 0.046, 0.046, 0.047, 0.046, 0.043, 0.044, 0.047, 0.049, 0.047, 0.045, 0.041, 0.04]
Train Scores: [0.063, 0.144, 0.173, 0.187, 0.21, 0.213, 0.253, 0.292, 0.259, 0.28, 0.228, 0.222, 0.208, 0.219, 0.23, 0.242, 0.252, 0.231, 0.23, 0.204, 0.172, 0.186, 0.191, 0.205, 0.191, 0.185, 0.19, 0.168, 0.159, 0.167, 0.157, 0.165, 0.157, 0.172, 0.133, 0.115, 0.101, 0.074, 0.099, 0.11, 0.097, 0.084, 0.075, 0.059, 0.054, 0.069, 0.075, 0.068, 0.058, 0.066, 0.052, 0.051, 0.067, 0.063, 0.049, 0.041, 0.035, 0.035, 0.036, 0.035, 0.035, 0.035, 0.037, 0.045, 0.035, 0.036, 0.035, 0.039, 0.041, 0.04, 0.038, 0.035, 0.038, 0.038, 0.041, 0.039, 0.037, 0.039, 0.039, 0.039, 0.033, 0.034, 0.037, 0.041, 0.033, 0.04, 0.039, 0.034, 0.035, 0.038, 0.041, 0.039, 0.036, 0.04, 0.034, 0.035, 0.042, 0.039, 0.036, 0.032, 0.036, 0.046, 0.039, 0.037, 0.036, 0.037, 0.043, 0.037, 0.036, 0.035, 0.035, 0.036, 0.037, 0.034, 0.035, 0.038, 0.036, 0.036, 0.035, 0.035, 0.036, 0.042, 0.038, 0.037, 0.04, 0.039, 0.039, 0.033, 0.034, 0.032, 0.033, 0.035, 0.032, 0.032, 0.031, 0.033, 0.036, 0.034, 0.034, 0.037, 0.031, 0.031, 0.031, 0.033, 0.033, 0.035, 0.038, 0.037, 0.035, 0.036, 0.039, 0.038, 0.037, 0.035, 0.037, 0.04, 0.039, 0.039, 0.032, 0.033]
Train Scores w/o background: [0.032, 0.063, 0.085, 0.094, 0.113, 0.104, 0.127, 0.143, 0.127, 0.133, 0.103, 0.108, 0.102, 0.105, 0.11, 0.111, 0.128, 0.114, 0.11, 0.096, 0.079, 0.088, 0.09, 0.102, 0.095, 0.091, 0.093, 0.077, 0.079, 0.086, 0.08, 0.086, 0.079, 0.09, 0.068, 0.061, 0.067, 0.059, 0.059, 0.066, 0.055, 0.056, 0.051, 0.046, 0.053, 0.059, 0.057, 0.06, 0.055, 0.056, 0.054, 0.052, 0.066, 0.057, 0.053, 0.051, 0.045, 0.044, 0.046, 0.045, 0.044, 0.045, 0.047, 0.059, 0.046, 0.047, 0.045, 0.051, 0.055, 0.053, 0.05, 0.047, 0.05, 0.051, 0.054, 0.052, 0.049, 0.053, 0.051, 0.052, 0.044, 0.045, 0.049, 0.055, 0.044, 0.053, 0.052, 0.045, 0.046, 0.05, 0.054, 0.051, 0.047, 0.053, 0.046, 0.047, 0.056, 0.052, 0.048, 0.043, 0.048, 0.061, 0.051, 0.049, 0.049, 0.049, 0.057, 0.05, 0.048, 0.047, 0.046, 0.048, 0.049, 0.046, 0.046, 0.05, 0.048, 0.049, 0.047, 0.046, 0.048, 0.056, 0.05, 0.05, 0.054, 0.053, 0.052, 0.044, 0.046, 0.043, 0.044, 0.046, 0.043, 0.043, 0.042, 0.045, 0.048, 0.045, 0.045, 0.05, 0.041, 0.041, 0.041, 0.044, 0.044, 0.047, 0.05, 0.049, 0.046, 0.048, 0.052, 0.05, 0.049, 0.047, 0.049, 0.054, 0.052, 0.052, 0.043, 0.044]
Train Loss: [124.731, 91.068, 60.111, 37.266, 27.113, 20.091, 16.653, 10.658, 9.599, 7.932, 5.572, 4.464, 5.732, 3.765, 3.025, 2.719, 2.672, 2.333, 3.13, 3.604, 4.213, 1.639, 1.765, 1.621, 1.452, 1.718, 1.439, 2.142, 1.518, 1.255, 1.241, 1.226, 1.035, 1.729, 1.031, 2.485, 1.049, 1.395, 1.012, 0.602, 0.673, 0.713, 0.502, 0.607, 0.69, 0.62, 0.9, 0.699, 0.563, 0.789, 0.388, 0.32, 0.42, 0.638, 0.463, 0.397, 1.417, 0.615, 0.384, 0.333, 0.378, 0.403, 0.415, 0.292, 0.375, 0.812, 0.195, 0.248, 0.255, 0.221, 0.458, 0.339, 0.533, 0.147, 0.238, 0.163, 0.267, 0.142, 0.468, 0.112, 0.234, 0.306, 0.208, 0.159, 0.246, 0.3, 0.393, 0.106, 0.099, 0.095, 0.115, 0.126, 0.082, 0.202, 0.383, 0.223, 0.447, 0.206, 0.097, 0.233, 0.02, 0.165, 0.107, 0.425, 0.14, 0.07, 0.07, 0.051, 0.107, 0.163, 0.091, 0.368, 0.084, 0.019, 0.11, 0.081, 0.048, 0.242, 0.099, 0.036, 0.227, 0.114, 0.064, 0.066, 0.069, 0.106, 0.064, 0.078, 0.805, 1.744, 0.142, 0.06, 0.083, 0.077, 0.113, 0.031, 0.006, 0.098, 0.059, 0.029, 0.034, 0.459, 1.088, 0.141, 0.298, 0.003, 0.012, 0.001, 0.003, 0.056, 0.004, 0.011, 0.009, 0.027, 0.059, 0.053, 0.048, 0.16, 0.925, 0.064]
Test Loss: [124.618, 94.285, 75.738, 79.304, 108.456, 141.158, 155.202, 150.2, 196.776, 167.935, 137.907, 106.328, 125.38, 117.748, 113.762, 118.96, 102.219, 110.9, 94.053, 144.052, 79.67, 84.135, 88.045, 77.786, 94.391, 85.373, 91.528, 58.603, 54.86, 98.228, 98.924, 63.183, 65.662, 102.534, 48.99, 75.144, 55.536, 81.759, 65.093, 35.557, 66.072, 65.955, 59.538, 68.237, 63.85, 67.02, 83.496, 71.462, 44.426, 55.563, 51.528, 60.148, 56.818, 61.743, 52.186, 63.973, 74.521, 67.861, 49.832, 47.698, 59.005, 36.247, 59.527, 42.767, 54.478, 52.228, 67.179, 66.197, 62.003, 53.462, 46.102, 31.309, 44.141, 47.089, 47.632, 53.199, 48.309, 52.128, 76.206, 67.825, 74.681, 52.152, 62.164, 92.029, 57.503, 57.028, 54.903, 77.45, 78.279, 32.931, 44.529, 82.449, 66.758, 65.493, 50.792, 66.803, 78.355, 59.721, 76.116, 76.933, 64.725, 57.935, 50.03, 35.388, 42.918, 64.129, 90.381, 58.026, 43.322, 47.563, 72.36, 81.797, 50.932, 67.529, 28.969, 44.679, 40.542, 51.611, 64.895, 36.223, 34.326, 34.78, 43.703, 39.28, 59.658, 57.561, 58.426, 22.73, 29.015, 39.768, 51.474, 32.943, 37.173, 54.969, 66.203, 76.548, 34.244, 34.961, 36.807, 45.384, 59.511, 60.15, 69.652, 87.423, 48.875, 32.337, 54.196, 50.354, 32.375, 37.471, 49.624, 74.942, 54.023, 81.076, 46.615, 55.131, 57.905, 57.651, 58.317, 61.565]
Max test score: 0.265 found at epoch: 8
Max test score shapes: 0.113 found at epoch: 17
