percentFullySupervised0.2
domainLossMultiplier0.001
Active: Adjacencyloss True True 30 0.0001 True False 
Active: Relationsloss True 2 True 0.1 False True 
Active: OneHotloss True 35 
Active: MinSizeShapesloss True 1 0.6 0.0035 0.015 
Active: MaxSizeShapesloss True 1 0.98 0.2 0.42 

10 images fully supervised

Test Scores: [0.154, 0.255, 0.274, 0.332, 0.367, 0.383, 0.382, 0.408, 0.405, 0.442, 0.474, 0.418, 0.431, 0.463, 0.502, 0.482, 0.485, 0.521, 0.508, 0.509, 0.521, 0.531, 0.516, 0.54, 0.522, 0.491, 0.514, 0.517, 0.521, 0.549, 0.548, 0.546, 0.524, 0.555, 0.529, 0.534, 0.537, 0.552, 0.522, 0.514, 0.533, 0.518, 0.534, 0.54, 0.533, 0.538, 0.534, 0.518, 0.535, 0.522, 0.559, 0.553, 0.551, 0.519, 0.536, 0.521, 0.536, 0.547, 0.531, 0.537, 0.537, 0.532, 0.529, 0.519, 0.543, 0.53, 0.547, 0.554, 0.545, 0.545, 0.566, 0.556, 0.543, 0.557, 0.554, 0.544, 0.548, 0.547, 0.541, 0.539, 0.515, 0.517, 0.567, 0.543, 0.542, 0.566, 0.562, 0.563, 0.539, 0.533, 0.532, 0.543, 0.55, 0.527, 0.519, 0.529, 0.539, 0.526, 0.529, 0.551, 0.539, 0.547, 0.532, 0.551, 0.547, 0.542, 0.552, 0.542, 0.528, 0.528, 0.525, 0.546, 0.531, 0.523, 0.536, 0.522, 0.555, 0.573, 0.559, 0.555]
Test Scores w/o background: [0.092, 0.142, 0.132, 0.168, 0.171, 0.185, 0.188, 0.205, 0.209, 0.279, 0.296, 0.246, 0.275, 0.3, 0.344, 0.309, 0.306, 0.359, 0.334, 0.335, 0.358, 0.371, 0.371, 0.384, 0.353, 0.319, 0.351, 0.35, 0.35, 0.404, 0.401, 0.4, 0.357, 0.407, 0.368, 0.38, 0.382, 0.406, 0.366, 0.353, 0.372, 0.352, 0.376, 0.384, 0.37, 0.384, 0.373, 0.356, 0.382, 0.352, 0.421, 0.405, 0.402, 0.358, 0.382, 0.353, 0.381, 0.402, 0.375, 0.381, 0.375, 0.369, 0.371, 0.348, 0.391, 0.368, 0.392, 0.406, 0.391, 0.394, 0.417, 0.403, 0.385, 0.411, 0.413, 0.4, 0.4, 0.4, 0.395, 0.383, 0.342, 0.342, 0.423, 0.386, 0.381, 0.418, 0.413, 0.418, 0.391, 0.382, 0.381, 0.388, 0.41, 0.365, 0.353, 0.367, 0.379, 0.36, 0.368, 0.408, 0.381, 0.392, 0.366, 0.398, 0.395, 0.383, 0.4, 0.383, 0.362, 0.37, 0.36, 0.391, 0.373, 0.355, 0.377, 0.348, 0.399, 0.433, 0.418, 0.403]
Train Scores: [0.152, 0.259, 0.286, 0.333, 0.373, 0.401, 0.406, 0.414, 0.428, 0.476, 0.507, 0.442, 0.456, 0.506, 0.535, 0.508, 0.518, 0.542, 0.538, 0.543, 0.556, 0.556, 0.55, 0.556, 0.544, 0.521, 0.548, 0.548, 0.543, 0.566, 0.562, 0.557, 0.545, 0.571, 0.557, 0.561, 0.555, 0.564, 0.538, 0.536, 0.547, 0.534, 0.554, 0.561, 0.546, 0.548, 0.554, 0.54, 0.555, 0.528, 0.566, 0.564, 0.558, 0.524, 0.553, 0.542, 0.553, 0.562, 0.548, 0.556, 0.551, 0.55, 0.554, 0.54, 0.554, 0.52, 0.549, 0.558, 0.549, 0.551, 0.57, 0.565, 0.554, 0.565, 0.567, 0.565, 0.562, 0.557, 0.556, 0.553, 0.536, 0.537, 0.582, 0.558, 0.543, 0.579, 0.58, 0.579, 0.562, 0.553, 0.55, 0.565, 0.555, 0.547, 0.545, 0.558, 0.553, 0.538, 0.545, 0.564, 0.556, 0.565, 0.547, 0.569, 0.567, 0.557, 0.565, 0.554, 0.54, 0.535, 0.535, 0.556, 0.547, 0.54, 0.543, 0.536, 0.567, 0.582, 0.563, 0.566]
Train Scores w/o background: [0.084, 0.131, 0.135, 0.17, 0.175, 0.202, 0.209, 0.21, 0.23, 0.317, 0.339, 0.277, 0.302, 0.351, 0.378, 0.341, 0.346, 0.382, 0.37, 0.378, 0.401, 0.401, 0.406, 0.398, 0.38, 0.354, 0.391, 0.385, 0.375, 0.419, 0.409, 0.405, 0.377, 0.419, 0.397, 0.406, 0.396, 0.413, 0.378, 0.373, 0.385, 0.37, 0.397, 0.402, 0.382, 0.399, 0.395, 0.378, 0.399, 0.357, 0.419, 0.409, 0.404, 0.36, 0.397, 0.376, 0.396, 0.414, 0.394, 0.401, 0.387, 0.386, 0.395, 0.37, 0.397, 0.354, 0.388, 0.404, 0.39, 0.392, 0.414, 0.407, 0.392, 0.411, 0.422, 0.419, 0.409, 0.405, 0.407, 0.395, 0.366, 0.364, 0.433, 0.397, 0.377, 0.428, 0.431, 0.432, 0.413, 0.403, 0.399, 0.411, 0.411, 0.386, 0.382, 0.398, 0.392, 0.373, 0.382, 0.416, 0.397, 0.406, 0.381, 0.414, 0.412, 0.395, 0.409, 0.389, 0.37, 0.371, 0.366, 0.397, 0.383, 0.371, 0.378, 0.362, 0.409, 0.435, 0.413, 0.41]
Train Loss: [0.103, 0.057, 0.047, 0.039, 0.034, 0.031, 0.028, 0.026, 0.024, 0.023, 0.021, 0.019, 0.018, 0.017, 0.016, 0.016, 0.014, 0.014, 0.013, 0.013, 0.013, 0.013, 0.012, 0.012, 0.011, 0.011, 0.011, 0.011, 0.011, 0.01, 0.01, 0.01, 0.01, 0.01, 0.01, 0.01, 0.009, 0.009, 0.009, 0.009, 0.009, 0.01, 0.009, 0.009, 0.009, 0.009, 0.009, 0.009, 0.009, 0.009, 0.009, 0.009, 0.009, 0.009, 0.009, 0.009, 0.009, 0.009, 0.009, 0.009, 0.009, 0.009, 0.009, 0.009, 0.009, 0.009, 0.008, 0.009, 0.009, 0.009, 0.009, 0.008, 0.008, 0.008, 0.008, 0.008, 0.008, 0.008, 0.008, 0.008, 0.008, 0.008, 0.008, 0.008, 0.008, 0.008, 0.008, 0.008, 0.008, 0.008, 0.008, 0.008, 0.008, 0.008, 0.008, 0.008, 0.008, 0.008, 0.008, 0.008, 0.008, 0.008, 0.008, 0.008, 0.008, 0.008, 0.008, 0.008, 0.008, 0.008, 0.008, 0.008, 0.008, 0.008, 0.008, 0.008, 0.008, 0.008, 0.008, 0.008]
Max test score: 0.573 found at epoch: 118
Max test score shapes: 0.433 found at epoch: 118
