percentFullySupervised0.2
domainLossMultiplier0.005
Active: Adjacencyloss True True 30 0.0001 True False 
Active: Relationsloss True 2 True 0.1 False True 
Active: OneHotloss True 35 
Active: MinSizeShapesloss True 1 0.6 0.0035 0.015 
Active: MaxSizeShapesloss True 1 0.98 0.2 0.42 

5 images fully supervised

Test Scores: [0.14, 0.281, 0.213, 0.235, 0.285, 0.289, 0.305, 0.354, 0.33, 0.307, 0.354, 0.362, 0.342, 0.374, 0.36, 0.386, 0.371, 0.387, 0.386, 0.383, 0.392, 0.41, 0.424, 0.44, 0.437, 0.446, 0.42, 0.41, 0.416, 0.395, 0.425, 0.404, 0.451, 0.466, 0.479, 0.466, 0.474, 0.472, 0.473, 0.474, 0.486, 0.482, 0.474, 0.468, 0.504, 0.463, 0.482, 0.483, 0.465, 0.471, 0.481, 0.485, 0.479, 0.469, 0.466, 0.461, 0.47, 0.469, 0.477, 0.471, 0.485, 0.493, 0.492, 0.487, 0.512, 0.488, 0.481, 0.484, 0.485, 0.478, 0.49, 0.488, 0.498, 0.488, 0.448, 0.455, 0.478, 0.497, 0.495, 0.513, 0.49, 0.493, 0.497, 0.484, 0.498, 0.497, 0.499, 0.499, 0.488, 0.495, 0.482, 0.475, 0.476, 0.491, 0.476, 0.474, 0.485, 0.495, 0.489, 0.468, 0.469, 0.492, 0.506, 0.502, 0.492, 0.508, 0.514, 0.511, 0.501, 0.486, 0.495, 0.504, 0.486, 0.489, 0.471, 0.469, 0.457, 0.472, 0.458, 0.453]
Test Scores w/o background: [0.078, 0.158, 0.09, 0.065, 0.121, 0.131, 0.141, 0.164, 0.15, 0.145, 0.17, 0.172, 0.165, 0.183, 0.155, 0.189, 0.176, 0.181, 0.18, 0.172, 0.183, 0.206, 0.231, 0.242, 0.237, 0.26, 0.225, 0.228, 0.251, 0.245, 0.251, 0.253, 0.26, 0.298, 0.304, 0.294, 0.303, 0.305, 0.291, 0.296, 0.321, 0.309, 0.306, 0.291, 0.34, 0.301, 0.319, 0.32, 0.288, 0.304, 0.322, 0.32, 0.315, 0.312, 0.3, 0.289, 0.296, 0.297, 0.311, 0.303, 0.32, 0.333, 0.331, 0.318, 0.356, 0.339, 0.315, 0.322, 0.324, 0.314, 0.323, 0.315, 0.333, 0.324, 0.284, 0.302, 0.325, 0.333, 0.341, 0.353, 0.324, 0.321, 0.34, 0.322, 0.335, 0.346, 0.337, 0.345, 0.336, 0.332, 0.323, 0.294, 0.335, 0.32, 0.31, 0.306, 0.314, 0.328, 0.321, 0.303, 0.292, 0.318, 0.343, 0.341, 0.329, 0.343, 0.361, 0.358, 0.339, 0.332, 0.324, 0.342, 0.331, 0.331, 0.316, 0.292, 0.3, 0.315, 0.306, 0.296]
Train Scores: [0.136, 0.273, 0.223, 0.23, 0.287, 0.31, 0.332, 0.376, 0.347, 0.322, 0.366, 0.37, 0.343, 0.383, 0.356, 0.393, 0.387, 0.41, 0.416, 0.399, 0.409, 0.438, 0.457, 0.458, 0.456, 0.473, 0.433, 0.412, 0.438, 0.414, 0.447, 0.421, 0.47, 0.489, 0.492, 0.478, 0.48, 0.475, 0.471, 0.489, 0.499, 0.503, 0.491, 0.482, 0.511, 0.469, 0.491, 0.497, 0.483, 0.494, 0.493, 0.489, 0.48, 0.479, 0.477, 0.475, 0.486, 0.492, 0.498, 0.495, 0.505, 0.516, 0.515, 0.495, 0.521, 0.5, 0.492, 0.499, 0.505, 0.496, 0.507, 0.508, 0.52, 0.509, 0.479, 0.476, 0.485, 0.495, 0.489, 0.514, 0.499, 0.512, 0.511, 0.498, 0.507, 0.506, 0.512, 0.502, 0.499, 0.499, 0.475, 0.491, 0.479, 0.504, 0.492, 0.484, 0.501, 0.515, 0.508, 0.478, 0.484, 0.507, 0.523, 0.529, 0.507, 0.526, 0.535, 0.529, 0.512, 0.487, 0.503, 0.519, 0.499, 0.497, 0.469, 0.481, 0.476, 0.488, 0.468, 0.463]
Train Scores w/o background: [0.069, 0.137, 0.106, 0.06, 0.126, 0.142, 0.155, 0.18, 0.159, 0.151, 0.176, 0.178, 0.164, 0.189, 0.155, 0.196, 0.19, 0.205, 0.211, 0.186, 0.197, 0.235, 0.268, 0.261, 0.254, 0.288, 0.236, 0.226, 0.268, 0.258, 0.267, 0.265, 0.277, 0.318, 0.315, 0.303, 0.302, 0.303, 0.285, 0.31, 0.329, 0.329, 0.322, 0.301, 0.343, 0.305, 0.323, 0.33, 0.303, 0.326, 0.328, 0.317, 0.31, 0.318, 0.31, 0.306, 0.311, 0.318, 0.329, 0.324, 0.338, 0.352, 0.351, 0.316, 0.357, 0.343, 0.319, 0.33, 0.342, 0.333, 0.336, 0.332, 0.35, 0.342, 0.311, 0.318, 0.327, 0.326, 0.328, 0.35, 0.329, 0.339, 0.351, 0.336, 0.338, 0.351, 0.345, 0.342, 0.344, 0.334, 0.314, 0.311, 0.335, 0.332, 0.323, 0.311, 0.329, 0.349, 0.339, 0.312, 0.308, 0.331, 0.357, 0.371, 0.341, 0.359, 0.379, 0.369, 0.343, 0.327, 0.326, 0.354, 0.339, 0.333, 0.304, 0.302, 0.313, 0.326, 0.308, 0.301]
Train Loss: [0.38, 0.149, 0.098, 0.073, 0.057, 0.047, 0.037, 0.028, 0.022, 0.018, 0.015, 0.014, 0.013, 0.013, 0.013, 0.012, 0.012, 0.012, 0.011, 0.011, 0.011, 0.01, 0.009, 0.009, 0.009, 0.008, 0.009, 0.009, 0.008, 0.01, 0.008, 0.008, 0.007, 0.007, 0.007, 0.007, 0.006, 0.006, 0.008, 0.008, 0.006, 0.006, 0.006, 0.006, 0.006, 0.006, 0.006, 0.006, 0.008, 0.008, 0.007, 0.005, 0.005, 0.006, 0.005, 0.006, 0.005, 0.005, 0.006, 0.006, 0.005, 0.005, 0.005, 0.005, 0.005, 0.005, 0.005, 0.005, 0.005, 0.005, 0.005, 0.006, 0.005, 0.005, 0.006, 0.005, 0.005, 0.006, 0.006, 0.005, 0.005, 0.005, 0.006, 0.005, 0.005, 0.005, 0.006, 0.006, 0.005, 0.005, 0.005, 0.005, 0.005, 0.006, 0.005, 0.005, 0.005, 0.005, 0.004, 0.005, 0.006, 0.005, 0.005, 0.005, 0.005, 0.005, 0.005, 0.007, 0.005, 0.006, 0.004, 0.004, 0.006, 0.006, 0.005, 0.004, 0.004, 0.004, 0.004, 0.004]
Max test score: 0.514 found at epoch: 107
Max test score shapes: 0.361 found at epoch: 107
