percentFullySupervised0.2
domainLossMultiplier0.001
Active: Adjacencyloss True True 30 0.0001 True False 
Active: Relationsloss True 2 True 0.1 False True 
Active: OneHotloss True 35 
Active: MinSizeShapesloss True 1 0.6 0.0035 0.015 
Active: MaxSizeShapesloss True 1 0.98 0.2 0.42 

5 x 2 (augm) images fully supervised

Test Scores: [0.155, 0.282, 0.292, 0.318, 0.371, 0.391, 0.359, 0.385, 0.378, 0.406, 0.435, 0.409, 0.435, 0.446, 0.472, 0.476, 0.48, 0.475, 0.489, 0.479, 0.461, 0.463, 0.452, 0.447, 0.448, 0.452, 0.477, 0.478, 0.506, 0.497, 0.513, 0.459, 0.488, 0.486, 0.468, 0.479, 0.471, 0.503, 0.473, 0.496, 0.5, 0.504, 0.5, 0.514, 0.522, 0.502, 0.469, 0.517, 0.52, 0.511, 0.508, 0.527, 0.532, 0.538, 0.525, 0.513, 0.545, 0.534, 0.523, 0.521, 0.536, 0.521, 0.534, 0.528, 0.5, 0.512, 0.527, 0.508, 0.514, 0.51, 0.53, 0.51, 0.485, 0.526, 0.517, 0.485, 0.515, 0.524, 0.516, 0.525, 0.494, 0.514, 0.516, 0.503, 0.52, 0.528, 0.508, 0.529, 0.517, 0.52, 0.508, 0.515, 0.508, 0.522, 0.505, 0.51, 0.502, 0.515, 0.513, 0.526, 0.536, 0.509, 0.539, 0.53, 0.524, 0.536, 0.534, 0.536, 0.525, 0.516, 0.508, 0.531, 0.508, 0.51, 0.512, 0.474, 0.538, 0.537, 0.519, 0.527]
Test Scores w/o background: [0.091, 0.157, 0.148, 0.16, 0.189, 0.225, 0.215, 0.223, 0.216, 0.255, 0.285, 0.264, 0.301, 0.307, 0.326, 0.327, 0.33, 0.303, 0.331, 0.321, 0.289, 0.291, 0.319, 0.298, 0.289, 0.314, 0.326, 0.321, 0.359, 0.354, 0.367, 0.324, 0.335, 0.328, 0.326, 0.337, 0.318, 0.36, 0.326, 0.343, 0.343, 0.356, 0.343, 0.359, 0.362, 0.356, 0.327, 0.372, 0.366, 0.349, 0.361, 0.381, 0.383, 0.391, 0.372, 0.35, 0.4, 0.382, 0.37, 0.382, 0.386, 0.364, 0.385, 0.364, 0.33, 0.36, 0.382, 0.359, 0.368, 0.361, 0.379, 0.345, 0.323, 0.378, 0.375, 0.332, 0.365, 0.367, 0.358, 0.368, 0.334, 0.349, 0.37, 0.347, 0.37, 0.386, 0.348, 0.392, 0.384, 0.375, 0.372, 0.366, 0.373, 0.361, 0.344, 0.351, 0.345, 0.357, 0.353, 0.375, 0.382, 0.343, 0.384, 0.376, 0.368, 0.388, 0.381, 0.387, 0.366, 0.376, 0.352, 0.386, 0.352, 0.35, 0.366, 0.288, 0.387, 0.387, 0.371, 0.379]
Train Scores: [0.155, 0.301, 0.312, 0.325, 0.389, 0.429, 0.385, 0.423, 0.416, 0.428, 0.459, 0.435, 0.458, 0.471, 0.505, 0.507, 0.527, 0.504, 0.506, 0.497, 0.492, 0.485, 0.468, 0.467, 0.459, 0.469, 0.486, 0.475, 0.514, 0.508, 0.518, 0.481, 0.5, 0.49, 0.472, 0.493, 0.475, 0.506, 0.477, 0.502, 0.513, 0.517, 0.517, 0.534, 0.544, 0.517, 0.476, 0.521, 0.537, 0.531, 0.511, 0.53, 0.532, 0.546, 0.541, 0.53, 0.558, 0.546, 0.533, 0.525, 0.547, 0.534, 0.553, 0.551, 0.525, 0.517, 0.535, 0.518, 0.521, 0.529, 0.549, 0.526, 0.495, 0.539, 0.531, 0.49, 0.53, 0.547, 0.543, 0.547, 0.519, 0.544, 0.537, 0.524, 0.536, 0.532, 0.521, 0.539, 0.528, 0.528, 0.51, 0.524, 0.512, 0.541, 0.519, 0.52, 0.515, 0.529, 0.525, 0.534, 0.546, 0.53, 0.556, 0.547, 0.536, 0.541, 0.542, 0.546, 0.534, 0.512, 0.518, 0.544, 0.526, 0.527, 0.524, 0.506, 0.555, 0.556, 0.538, 0.537]
Train Scores w/o background: [0.086, 0.167, 0.166, 0.167, 0.202, 0.259, 0.227, 0.26, 0.258, 0.275, 0.307, 0.289, 0.318, 0.327, 0.36, 0.36, 0.379, 0.332, 0.347, 0.338, 0.32, 0.308, 0.332, 0.32, 0.299, 0.328, 0.326, 0.311, 0.361, 0.363, 0.369, 0.343, 0.346, 0.329, 0.331, 0.35, 0.319, 0.363, 0.331, 0.345, 0.355, 0.367, 0.361, 0.378, 0.386, 0.368, 0.326, 0.37, 0.381, 0.366, 0.359, 0.378, 0.376, 0.397, 0.382, 0.364, 0.406, 0.39, 0.373, 0.379, 0.395, 0.375, 0.402, 0.387, 0.353, 0.363, 0.384, 0.366, 0.37, 0.379, 0.397, 0.359, 0.327, 0.386, 0.384, 0.332, 0.378, 0.39, 0.384, 0.389, 0.359, 0.383, 0.391, 0.367, 0.385, 0.386, 0.36, 0.397, 0.391, 0.378, 0.371, 0.369, 0.375, 0.379, 0.355, 0.357, 0.358, 0.37, 0.362, 0.378, 0.386, 0.36, 0.399, 0.391, 0.376, 0.386, 0.384, 0.39, 0.37, 0.371, 0.359, 0.396, 0.371, 0.37, 0.377, 0.326, 0.4, 0.404, 0.39, 0.385]
Train Loss: [0.103, 0.056, 0.045, 0.038, 0.032, 0.028, 0.025, 0.023, 0.022, 0.02, 0.018, 0.016, 0.015, 0.013, 0.013, 0.012, 0.012, 0.011, 0.012, 0.011, 0.011, 0.011, 0.01, 0.01, 0.01, 0.01, 0.01, 0.01, 0.009, 0.009, 0.009, 0.01, 0.009, 0.009, 0.009, 0.009, 0.009, 0.009, 0.009, 0.009, 0.009, 0.009, 0.009, 0.009, 0.009, 0.009, 0.009, 0.008, 0.008, 0.008, 0.008, 0.008, 0.008, 0.008, 0.008, 0.008, 0.009, 0.008, 0.008, 0.008, 0.008, 0.008, 0.008, 0.008, 0.008, 0.008, 0.008, 0.008, 0.008, 0.008, 0.008, 0.008, 0.008, 0.008, 0.008, 0.008, 0.008, 0.008, 0.008, 0.008, 0.008, 0.008, 0.008, 0.008, 0.008, 0.008, 0.008, 0.008, 0.008, 0.008, 0.008, 0.008, 0.008, 0.008, 0.008, 0.008, 0.008, 0.008, 0.008, 0.008, 0.008, 0.008, 0.008, 0.008, 0.008, 0.008, 0.007, 0.007, 0.007, 0.007, 0.007, 0.008, 0.007, 0.008, 0.008, 0.008, 0.008, 0.008, 0.007, 0.008]
Max test score: 0.545 found at epoch: 57
Max test score shapes: 0.4 found at epoch: 57
