percentFullySupervised0.2
domainLossMultiplier0.001
Active: Adjacencyloss True True 30 0.0001 True False 
Active: Relationsloss True 2 True 0.1 False True 
Active: OneHotloss True 35 
Active: MinSizeShapesloss True 1 0.6 0.015 0.015 
Active: MaxSizeShapesloss True 1 0.98 0.2 0.3 

5 images fully supervised

Test Scores: [0.147, 0.248, 0.279, 0.319, 0.347, 0.371, 0.365, 0.354, 0.43, 0.435, 0.446, 0.423, 0.435, 0.477, 0.489, 0.486, 0.481, 0.511, 0.491, 0.423, 0.457, 0.48, 0.482, 0.486, 0.487, 0.477, 0.485, 0.462, 0.482, 0.477, 0.491, 0.472, 0.45, 0.49, 0.473, 0.468, 0.462, 0.457, 0.431, 0.467, 0.468, 0.484, 0.487, 0.47, 0.481, 0.465, 0.48, 0.466, 0.437, 0.421, 0.435, 0.454, 0.482, 0.493, 0.465, 0.459, 0.491, 0.481, 0.492, 0.472, 0.482, 0.487, 0.461, 0.475, 0.482, 0.487, 0.476, 0.48, 0.475, 0.485, 0.469, 0.473, 0.474, 0.472, 0.454, 0.426, 0.443, 0.46, 0.473, 0.48, 0.47, 0.482, 0.481, 0.456, 0.467, 0.493, 0.485, 0.487, 0.467, 0.472, 0.432, 0.45, 0.455, 0.477, 0.462, 0.452, 0.459, 0.474, 0.49, 0.489, 0.48, 0.46, 0.493, 0.496, 0.5, 0.485, 0.483, 0.492, 0.493, 0.486, 0.487, 0.467, 0.472, 0.491, 0.487, 0.445, 0.432, 0.492, 0.509, 0.494]
Test Scores w/o background: [0.074, 0.131, 0.154, 0.175, 0.194, 0.228, 0.217, 0.182, 0.293, 0.304, 0.297, 0.271, 0.293, 0.331, 0.331, 0.34, 0.319, 0.353, 0.34, 0.258, 0.306, 0.335, 0.351, 0.337, 0.327, 0.327, 0.318, 0.28, 0.323, 0.333, 0.338, 0.329, 0.268, 0.328, 0.314, 0.324, 0.311, 0.306, 0.27, 0.298, 0.293, 0.317, 0.328, 0.327, 0.324, 0.326, 0.335, 0.323, 0.276, 0.249, 0.293, 0.302, 0.323, 0.339, 0.295, 0.296, 0.343, 0.329, 0.342, 0.317, 0.323, 0.34, 0.325, 0.312, 0.319, 0.333, 0.316, 0.332, 0.329, 0.341, 0.313, 0.304, 0.326, 0.323, 0.314, 0.302, 0.307, 0.315, 0.33, 0.32, 0.311, 0.32, 0.339, 0.298, 0.303, 0.339, 0.323, 0.33, 0.321, 0.313, 0.284, 0.275, 0.314, 0.304, 0.292, 0.293, 0.299, 0.318, 0.334, 0.337, 0.329, 0.305, 0.332, 0.338, 0.348, 0.335, 0.33, 0.333, 0.327, 0.336, 0.333, 0.317, 0.325, 0.337, 0.34, 0.264, 0.259, 0.344, 0.36, 0.337]
Train Scores: [0.145, 0.245, 0.277, 0.352, 0.377, 0.389, 0.409, 0.387, 0.451, 0.449, 0.471, 0.443, 0.472, 0.511, 0.512, 0.512, 0.519, 0.54, 0.519, 0.432, 0.47, 0.504, 0.501, 0.504, 0.495, 0.485, 0.51, 0.489, 0.494, 0.482, 0.495, 0.486, 0.469, 0.507, 0.485, 0.47, 0.47, 0.479, 0.466, 0.499, 0.499, 0.509, 0.512, 0.49, 0.5, 0.489, 0.506, 0.487, 0.454, 0.44, 0.442, 0.468, 0.498, 0.505, 0.48, 0.469, 0.501, 0.492, 0.505, 0.495, 0.496, 0.496, 0.469, 0.49, 0.506, 0.516, 0.505, 0.503, 0.499, 0.509, 0.507, 0.513, 0.503, 0.5, 0.476, 0.43, 0.454, 0.477, 0.491, 0.503, 0.493, 0.505, 0.5, 0.477, 0.483, 0.514, 0.508, 0.504, 0.482, 0.498, 0.466, 0.478, 0.471, 0.498, 0.491, 0.474, 0.477, 0.49, 0.51, 0.507, 0.497, 0.482, 0.506, 0.511, 0.517, 0.507, 0.506, 0.513, 0.516, 0.512, 0.51, 0.489, 0.492, 0.514, 0.512, 0.464, 0.455, 0.518, 0.534, 0.521]
Train Scores w/o background: [0.065, 0.116, 0.143, 0.213, 0.23, 0.245, 0.257, 0.208, 0.308, 0.308, 0.319, 0.284, 0.321, 0.363, 0.353, 0.363, 0.36, 0.381, 0.365, 0.262, 0.314, 0.357, 0.368, 0.351, 0.328, 0.327, 0.343, 0.311, 0.333, 0.333, 0.339, 0.342, 0.292, 0.349, 0.325, 0.323, 0.319, 0.331, 0.315, 0.339, 0.335, 0.349, 0.358, 0.341, 0.341, 0.35, 0.364, 0.345, 0.296, 0.272, 0.3, 0.318, 0.345, 0.351, 0.312, 0.307, 0.351, 0.337, 0.354, 0.341, 0.334, 0.343, 0.328, 0.323, 0.34, 0.358, 0.341, 0.349, 0.347, 0.358, 0.35, 0.344, 0.349, 0.348, 0.333, 0.304, 0.312, 0.327, 0.343, 0.341, 0.332, 0.342, 0.356, 0.315, 0.319, 0.359, 0.35, 0.348, 0.332, 0.339, 0.314, 0.304, 0.321, 0.327, 0.322, 0.312, 0.312, 0.327, 0.349, 0.351, 0.343, 0.32, 0.344, 0.355, 0.367, 0.355, 0.351, 0.351, 0.35, 0.361, 0.351, 0.334, 0.337, 0.356, 0.36, 0.28, 0.279, 0.365, 0.38, 0.361]
Train Loss: [0.089, 0.043, 0.033, 0.026, 0.022, 0.019, 0.018, 0.016, 0.014, 0.013, 0.011, 0.01, 0.009, 0.008, 0.007, 0.007, 0.007, 0.006, 0.006, 0.007, 0.006, 0.006, 0.006, 0.006, 0.006, 0.006, 0.005, 0.006, 0.005, 0.005, 0.005, 0.005, 0.005, 0.005, 0.005, 0.005, 0.005, 0.005, 0.005, 0.005, 0.005, 0.005, 0.005, 0.005, 0.005, 0.005, 0.005, 0.005, 0.005, 0.004, 0.004, 0.004, 0.005, 0.005, 0.004, 0.004, 0.004, 0.004, 0.004, 0.004, 0.004, 0.004, 0.004, 0.004, 0.004, 0.004, 0.004, 0.004, 0.004, 0.004, 0.004, 0.004, 0.004, 0.004, 0.004, 0.004, 0.004, 0.004, 0.004, 0.004, 0.004, 0.004, 0.004, 0.004, 0.004, 0.004, 0.004, 0.004, 0.004, 0.004, 0.004, 0.004, 0.004, 0.004, 0.004, 0.004, 0.004, 0.004, 0.004, 0.004, 0.004, 0.004, 0.004, 0.004, 0.004, 0.004, 0.004, 0.004, 0.004, 0.004, 0.004, 0.004, 0.004, 0.004, 0.004, 0.004, 0.004, 0.004, 0.004, 0.004]
Max test score: 0.511 found at epoch: 18
Max test score shapes: 0.36 found at epoch: 119
