percentFullySupervised0.2
domainLossMultiplier0.001

10 images fully supervised

Test Scores: [0.112, 0.216, 0.272, 0.248, 0.309, 0.32, 0.317, 0.377, 0.424, 0.439, 0.469, 0.473, 0.46, 0.471, 0.489, 0.489, 0.513, 0.501, 0.503, 0.489, 0.477, 0.499, 0.492, 0.501, 0.516, 0.512, 0.512, 0.498, 0.518, 0.489, 0.493, 0.513, 0.532, 0.519, 0.528, 0.526, 0.515, 0.519, 0.494, 0.497, 0.496, 0.506, 0.518, 0.514, 0.508, 0.523, 0.525, 0.523, 0.507, 0.511, 0.492, 0.508, 0.508, 0.511, 0.515, 0.505, 0.512, 0.515, 0.512, 0.498, 0.508, 0.514, 0.501, 0.506, 0.489, 0.498, 0.448, 0.515, 0.512, 0.496, 0.514, 0.499, 0.496, 0.505, 0.525, 0.513, 0.526, 0.512, 0.526, 0.521, 0.525, 0.521, 0.537, 0.532, 0.506, 0.516, 0.509, 0.537, 0.513, 0.512, 0.52, 0.506, 0.52, 0.522, 0.521, 0.516, 0.496, 0.496, 0.5, 0.511, 0.502, 0.502, 0.521, 0.523, 0.514, 0.523, 0.52, 0.524, 0.509, 0.49, 0.524, 0.516, 0.486, 0.48, 0.505, 0.504, 0.495, 0.501, 0.509, 0.507]
Test Scores w/o background: [0.094, 0.173, 0.202, 0.201, 0.212, 0.229, 0.208, 0.256, 0.277, 0.297, 0.303, 0.318, 0.3, 0.317, 0.328, 0.311, 0.352, 0.335, 0.331, 0.319, 0.312, 0.328, 0.33, 0.336, 0.343, 0.355, 0.352, 0.339, 0.369, 0.343, 0.33, 0.367, 0.369, 0.36, 0.37, 0.372, 0.357, 0.375, 0.334, 0.328, 0.326, 0.341, 0.358, 0.358, 0.34, 0.37, 0.368, 0.372, 0.344, 0.341, 0.342, 0.351, 0.35, 0.344, 0.349, 0.334, 0.359, 0.357, 0.358, 0.342, 0.345, 0.348, 0.344, 0.332, 0.322, 0.328, 0.285, 0.361, 0.359, 0.334, 0.349, 0.328, 0.332, 0.341, 0.367, 0.351, 0.367, 0.352, 0.37, 0.364, 0.362, 0.354, 0.379, 0.376, 0.337, 0.356, 0.346, 0.385, 0.37, 0.353, 0.368, 0.335, 0.373, 0.353, 0.36, 0.357, 0.33, 0.336, 0.328, 0.345, 0.334, 0.332, 0.355, 0.358, 0.351, 0.365, 0.358, 0.366, 0.338, 0.321, 0.364, 0.356, 0.31, 0.299, 0.344, 0.332, 0.33, 0.349, 0.353, 0.343]
Train Scores: [0.118, 0.236, 0.283, 0.254, 0.341, 0.338, 0.317, 0.371, 0.459, 0.454, 0.483, 0.503, 0.497, 0.496, 0.516, 0.528, 0.53, 0.511, 0.537, 0.53, 0.51, 0.521, 0.482, 0.525, 0.535, 0.539, 0.544, 0.529, 0.528, 0.514, 0.525, 0.527, 0.54, 0.537, 0.556, 0.546, 0.542, 0.531, 0.534, 0.532, 0.524, 0.536, 0.536, 0.537, 0.536, 0.544, 0.542, 0.555, 0.533, 0.537, 0.525, 0.529, 0.538, 0.543, 0.555, 0.532, 0.539, 0.546, 0.545, 0.535, 0.541, 0.549, 0.529, 0.525, 0.518, 0.521, 0.48, 0.534, 0.537, 0.521, 0.538, 0.516, 0.515, 0.534, 0.547, 0.538, 0.551, 0.534, 0.549, 0.542, 0.545, 0.546, 0.557, 0.556, 0.527, 0.54, 0.539, 0.552, 0.531, 0.539, 0.552, 0.538, 0.556, 0.555, 0.557, 0.553, 0.53, 0.533, 0.539, 0.546, 0.538, 0.536, 0.551, 0.555, 0.55, 0.554, 0.547, 0.556, 0.544, 0.523, 0.555, 0.552, 0.518, 0.512, 0.545, 0.546, 0.528, 0.525, 0.527, 0.527]
Train Scores w/o background: [0.103, 0.19, 0.218, 0.196, 0.236, 0.238, 0.212, 0.244, 0.316, 0.3, 0.316, 0.349, 0.339, 0.344, 0.363, 0.36, 0.374, 0.346, 0.372, 0.367, 0.351, 0.359, 0.31, 0.366, 0.368, 0.384, 0.387, 0.377, 0.375, 0.371, 0.366, 0.369, 0.377, 0.378, 0.401, 0.392, 0.385, 0.385, 0.379, 0.366, 0.358, 0.379, 0.377, 0.376, 0.372, 0.393, 0.386, 0.405, 0.372, 0.375, 0.38, 0.377, 0.38, 0.381, 0.394, 0.369, 0.391, 0.394, 0.397, 0.383, 0.383, 0.389, 0.378, 0.357, 0.359, 0.36, 0.321, 0.381, 0.386, 0.364, 0.373, 0.34, 0.353, 0.377, 0.39, 0.379, 0.394, 0.375, 0.393, 0.387, 0.383, 0.384, 0.398, 0.399, 0.365, 0.384, 0.383, 0.398, 0.387, 0.385, 0.404, 0.371, 0.411, 0.392, 0.398, 0.399, 0.372, 0.38, 0.379, 0.39, 0.381, 0.373, 0.392, 0.399, 0.396, 0.401, 0.392, 0.401, 0.382, 0.363, 0.401, 0.398, 0.349, 0.34, 0.391, 0.382, 0.363, 0.374, 0.368, 0.364]
Train Loss: [0.06, 0.033, 0.03, 0.028, 0.026, 0.025, 0.023, 0.022, 0.021, 0.02, 0.019, 0.018, 0.017, 0.016, 0.016, 0.015, 0.015, 0.014, 0.013, 0.013, 0.013, 0.012, 0.012, 0.011, 0.011, 0.011, 0.011, 0.01, 0.01, 0.011, 0.01, 0.01, 0.01, 0.01, 0.01, 0.009, 0.009, 0.009, 0.009, 0.009, 0.009, 0.009, 0.009, 0.009, 0.009, 0.009, 0.008, 0.008, 0.008, 0.008, 0.008, 0.008, 0.008, 0.008, 0.008, 0.008, 0.008, 0.008, 0.008, 0.008, 0.008, 0.008, 0.008, 0.008, 0.008, 0.008, 0.008, 0.008, 0.008, 0.008, 0.008, 0.008, 0.008, 0.008, 0.008, 0.008, 0.008, 0.008, 0.008, 0.008, 0.008, 0.008, 0.008, 0.008, 0.008, 0.008, 0.008, 0.008, 0.008, 0.008, 0.008, 0.008, 0.008, 0.008, 0.008, 0.008, 0.008, 0.008, 0.008, 0.008, 0.008, 0.008, 0.007, 0.008, 0.008, 0.007, 0.007, 0.007, 0.008, 0.008, 0.007, 0.008, 0.007, 0.008, 0.008, 0.008, 0.008, 0.008, 0.008, 0.008]
Max test score: 0.537 found at epoch: 83
Max test score shapes: 0.385 found at epoch: 88
