percentFullySupervised0.2
domainLossMultiplier0.001
Active: Adjacencyloss True True 30 0.0001 True False 
Active: Relationsloss True 2 True 0.1 False True 
Active: OneHotloss True 10 
Active: MinSizeShapesloss True 1 0.6 0.0035 0.015 
Active: MaxSizeShapesloss True 1 0.98 0.2 0.42 

5 images fully supervised

Test Scores: [0.147, 0.252, 0.253, 0.268, 0.305, 0.363, 0.372, 0.401, 0.397, 0.395, 0.388, 0.39, 0.434, 0.427, 0.426, 0.446, 0.443, 0.441, 0.46, 0.434, 0.45, 0.468, 0.457, 0.462, 0.486, 0.477, 0.499, 0.496, 0.498, 0.479, 0.485, 0.493, 0.495, 0.484, 0.472, 0.488, 0.455, 0.464, 0.482, 0.467, 0.504, 0.511, 0.482, 0.499, 0.533, 0.505, 0.48, 0.436, 0.492, 0.508, 0.481, 0.481, 0.477, 0.478, 0.506, 0.478, 0.497, 0.505, 0.513, 0.505, 0.522, 0.533, 0.517, 0.534, 0.529, 0.5, 0.494, 0.496, 0.509, 0.508, 0.511, 0.524, 0.509, 0.51, 0.492, 0.478, 0.491, 0.496, 0.505, 0.516, 0.505, 0.497, 0.504, 0.518, 0.514, 0.528, 0.523, 0.543, 0.515, 0.526, 0.525, 0.51, 0.52, 0.519, 0.522, 0.516, 0.517, 0.508, 0.503, 0.509, 0.515, 0.509, 0.515, 0.524, 0.525, 0.513, 0.515, 0.514, 0.507, 0.492, 0.513, 0.507, 0.509, 0.497, 0.507, 0.509, 0.522, 0.515, 0.515, 0.515]
Test Scores w/o background: [0.086, 0.141, 0.106, 0.116, 0.129, 0.175, 0.176, 0.191, 0.193, 0.199, 0.189, 0.202, 0.252, 0.258, 0.246, 0.272, 0.264, 0.257, 0.284, 0.262, 0.287, 0.302, 0.299, 0.293, 0.318, 0.314, 0.339, 0.343, 0.351, 0.318, 0.314, 0.335, 0.326, 0.337, 0.322, 0.342, 0.314, 0.318, 0.331, 0.315, 0.351, 0.36, 0.321, 0.341, 0.386, 0.364, 0.328, 0.285, 0.333, 0.352, 0.335, 0.334, 0.33, 0.329, 0.351, 0.317, 0.343, 0.354, 0.36, 0.36, 0.374, 0.39, 0.373, 0.385, 0.38, 0.354, 0.334, 0.338, 0.353, 0.356, 0.358, 0.37, 0.354, 0.357, 0.339, 0.32, 0.336, 0.338, 0.348, 0.362, 0.346, 0.325, 0.348, 0.357, 0.356, 0.373, 0.366, 0.394, 0.366, 0.369, 0.379, 0.346, 0.375, 0.356, 0.362, 0.355, 0.357, 0.348, 0.342, 0.357, 0.357, 0.345, 0.353, 0.368, 0.374, 0.356, 0.361, 0.356, 0.342, 0.337, 0.347, 0.343, 0.353, 0.338, 0.353, 0.343, 0.367, 0.362, 0.366, 0.359]
Train Scores: [0.146, 0.25, 0.265, 0.273, 0.296, 0.37, 0.398, 0.427, 0.423, 0.409, 0.405, 0.401, 0.455, 0.444, 0.443, 0.475, 0.474, 0.47, 0.482, 0.476, 0.48, 0.498, 0.484, 0.47, 0.5, 0.491, 0.515, 0.505, 0.506, 0.478, 0.497, 0.512, 0.523, 0.498, 0.485, 0.507, 0.472, 0.485, 0.513, 0.482, 0.52, 0.534, 0.498, 0.52, 0.547, 0.52, 0.506, 0.451, 0.515, 0.53, 0.502, 0.501, 0.498, 0.494, 0.527, 0.501, 0.516, 0.524, 0.534, 0.526, 0.546, 0.558, 0.542, 0.554, 0.551, 0.519, 0.524, 0.524, 0.534, 0.523, 0.533, 0.543, 0.524, 0.531, 0.512, 0.494, 0.503, 0.508, 0.526, 0.527, 0.523, 0.519, 0.535, 0.543, 0.534, 0.55, 0.54, 0.554, 0.539, 0.542, 0.545, 0.536, 0.539, 0.545, 0.562, 0.552, 0.546, 0.531, 0.53, 0.536, 0.536, 0.539, 0.535, 0.542, 0.536, 0.532, 0.535, 0.534, 0.529, 0.517, 0.533, 0.532, 0.535, 0.518, 0.523, 0.529, 0.542, 0.527, 0.539, 0.544]
Train Scores w/o background: [0.079, 0.128, 0.111, 0.121, 0.124, 0.178, 0.199, 0.212, 0.218, 0.21, 0.204, 0.208, 0.269, 0.271, 0.262, 0.3, 0.294, 0.287, 0.306, 0.309, 0.316, 0.334, 0.327, 0.297, 0.328, 0.326, 0.352, 0.347, 0.353, 0.315, 0.319, 0.352, 0.354, 0.344, 0.33, 0.358, 0.326, 0.332, 0.361, 0.325, 0.363, 0.382, 0.333, 0.359, 0.395, 0.372, 0.353, 0.296, 0.353, 0.372, 0.354, 0.349, 0.347, 0.342, 0.371, 0.344, 0.363, 0.374, 0.384, 0.38, 0.397, 0.415, 0.396, 0.402, 0.4, 0.371, 0.364, 0.366, 0.377, 0.37, 0.377, 0.387, 0.367, 0.378, 0.359, 0.337, 0.345, 0.345, 0.368, 0.369, 0.362, 0.344, 0.379, 0.381, 0.372, 0.39, 0.379, 0.399, 0.389, 0.381, 0.396, 0.372, 0.391, 0.379, 0.405, 0.393, 0.386, 0.367, 0.367, 0.382, 0.377, 0.374, 0.369, 0.383, 0.38, 0.371, 0.377, 0.371, 0.361, 0.359, 0.364, 0.366, 0.375, 0.355, 0.364, 0.361, 0.382, 0.369, 0.386, 0.386]
Train Loss: [0.082, 0.038, 0.029, 0.023, 0.019, 0.016, 0.014, 0.013, 0.013, 0.012, 0.011, 0.01, 0.01, 0.009, 0.009, 0.008, 0.008, 0.007, 0.007, 0.006, 0.006, 0.006, 0.006, 0.005, 0.005, 0.005, 0.005, 0.005, 0.006, 0.006, 0.005, 0.005, 0.005, 0.005, 0.005, 0.005, 0.005, 0.005, 0.005, 0.005, 0.005, 0.005, 0.004, 0.005, 0.005, 0.005, 0.005, 0.005, 0.005, 0.005, 0.005, 0.004, 0.004, 0.004, 0.004, 0.004, 0.004, 0.004, 0.004, 0.004, 0.004, 0.004, 0.004, 0.004, 0.004, 0.004, 0.004, 0.004, 0.004, 0.004, 0.004, 0.004, 0.004, 0.004, 0.004, 0.004, 0.004, 0.004, 0.004, 0.004, 0.004, 0.004, 0.004, 0.004, 0.004, 0.004, 0.004, 0.004, 0.004, 0.004, 0.004, 0.004, 0.004, 0.004, 0.004, 0.004, 0.004, 0.004, 0.004, 0.004, 0.004, 0.004, 0.004, 0.004, 0.004, 0.004, 0.004, 0.004, 0.004, 0.004, 0.004, 0.004, 0.004, 0.004, 0.004, 0.004, 0.004, 0.004, 0.004, 0.004]
Max test score: 0.543 found at epoch: 88
Max test score shapes: 0.394 found at epoch: 88
