percentFullySupervised0.2
domainLossMultiplier0.001
Active: Adjacencyloss True True 30 0.0001 True False 
Active: Relationsloss True 2 True 0.1 False True 
Active: OneHotloss True 35 
Active: Smoothnessloss True 100 
Active: MinSizeShapesloss True 1 0.6 0.0035 0.015 
Active: MaxSizeShapesloss True 1 0.98 0.2 0.42 

5 images fully supervised

Test Scores: [0.145, 0.253, 0.255, 0.267, 0.297, 0.34, 0.393, 0.406, 0.35, 0.329, 0.362, 0.354, 0.37, 0.4, 0.389, 0.397, 0.416, 0.455, 0.449, 0.446, 0.457, 0.424, 0.4, 0.434, 0.462, 0.458, 0.451, 0.46, 0.488, 0.462, 0.478, 0.474, 0.482, 0.493, 0.479, 0.487, 0.49, 0.474, 0.46, 0.459, 0.467, 0.464, 0.473, 0.483, 0.483, 0.479, 0.484, 0.463, 0.487, 0.49, 0.485, 0.491, 0.484, 0.434, 0.4, 0.432, 0.447, 0.434, 0.456, 0.469, 0.472, 0.446, 0.449, 0.449, 0.439, 0.424, 0.434, 0.439, 0.445, 0.443, 0.458, 0.464, 0.452, 0.432, 0.427, 0.4, 0.422, 0.435, 0.452, 0.484, 0.478, 0.478, 0.508, 0.504, 0.493, 0.508, 0.48, 0.462, 0.438, 0.47, 0.458, 0.478, 0.464, 0.481, 0.437, 0.434, 0.475, 0.502, 0.488, 0.453, 0.47, 0.472, 0.47, 0.422, 0.428, 0.47, 0.486, 0.475, 0.488, 0.498, 0.495, 0.506, 0.507, 0.504, 0.487, 0.462, 0.495, 0.494, 0.467, 0.446]
Test Scores w/o background: [0.083, 0.142, 0.116, 0.113, 0.122, 0.157, 0.197, 0.204, 0.165, 0.153, 0.179, 0.164, 0.188, 0.224, 0.206, 0.214, 0.223, 0.277, 0.267, 0.259, 0.278, 0.243, 0.248, 0.267, 0.289, 0.29, 0.273, 0.281, 0.317, 0.298, 0.309, 0.318, 0.298, 0.321, 0.303, 0.322, 0.325, 0.31, 0.292, 0.296, 0.313, 0.3, 0.317, 0.324, 0.315, 0.329, 0.334, 0.313, 0.325, 0.322, 0.329, 0.321, 0.329, 0.264, 0.242, 0.28, 0.285, 0.264, 0.291, 0.315, 0.31, 0.278, 0.289, 0.275, 0.271, 0.252, 0.266, 0.279, 0.283, 0.277, 0.294, 0.287, 0.287, 0.265, 0.277, 0.247, 0.262, 0.271, 0.286, 0.318, 0.3, 0.293, 0.35, 0.338, 0.323, 0.359, 0.322, 0.306, 0.287, 0.308, 0.298, 0.307, 0.316, 0.307, 0.244, 0.245, 0.295, 0.335, 0.324, 0.292, 0.292, 0.305, 0.299, 0.254, 0.254, 0.305, 0.317, 0.307, 0.315, 0.346, 0.321, 0.342, 0.346, 0.332, 0.32, 0.271, 0.329, 0.332, 0.319, 0.297]
Train Scores: [0.143, 0.249, 0.262, 0.268, 0.3, 0.362, 0.401, 0.424, 0.368, 0.344, 0.387, 0.365, 0.392, 0.432, 0.427, 0.429, 0.44, 0.477, 0.472, 0.481, 0.484, 0.445, 0.433, 0.456, 0.485, 0.481, 0.478, 0.479, 0.51, 0.477, 0.499, 0.492, 0.504, 0.508, 0.497, 0.508, 0.506, 0.485, 0.472, 0.467, 0.471, 0.467, 0.467, 0.501, 0.489, 0.487, 0.502, 0.482, 0.513, 0.51, 0.507, 0.518, 0.494, 0.446, 0.393, 0.442, 0.461, 0.44, 0.458, 0.472, 0.456, 0.444, 0.456, 0.452, 0.454, 0.437, 0.451, 0.449, 0.465, 0.461, 0.471, 0.481, 0.464, 0.448, 0.436, 0.409, 0.435, 0.446, 0.471, 0.503, 0.494, 0.497, 0.526, 0.517, 0.489, 0.507, 0.483, 0.464, 0.453, 0.478, 0.461, 0.493, 0.476, 0.507, 0.463, 0.448, 0.486, 0.512, 0.497, 0.452, 0.475, 0.488, 0.479, 0.441, 0.442, 0.483, 0.486, 0.484, 0.51, 0.507, 0.518, 0.528, 0.528, 0.52, 0.498, 0.481, 0.507, 0.496, 0.478, 0.451]
Train Scores w/o background: [0.075, 0.124, 0.116, 0.115, 0.126, 0.173, 0.202, 0.218, 0.178, 0.16, 0.196, 0.173, 0.204, 0.257, 0.24, 0.242, 0.246, 0.298, 0.289, 0.294, 0.306, 0.267, 0.281, 0.288, 0.312, 0.31, 0.302, 0.303, 0.339, 0.31, 0.326, 0.329, 0.32, 0.334, 0.32, 0.343, 0.339, 0.32, 0.305, 0.305, 0.316, 0.302, 0.308, 0.338, 0.316, 0.337, 0.352, 0.331, 0.352, 0.343, 0.353, 0.351, 0.342, 0.281, 0.236, 0.292, 0.303, 0.272, 0.295, 0.32, 0.289, 0.272, 0.294, 0.279, 0.286, 0.264, 0.287, 0.286, 0.304, 0.295, 0.305, 0.3, 0.297, 0.281, 0.283, 0.254, 0.269, 0.277, 0.3, 0.336, 0.315, 0.311, 0.361, 0.346, 0.313, 0.35, 0.322, 0.304, 0.3, 0.313, 0.298, 0.321, 0.328, 0.336, 0.277, 0.264, 0.307, 0.344, 0.331, 0.286, 0.297, 0.321, 0.309, 0.271, 0.268, 0.318, 0.313, 0.31, 0.336, 0.355, 0.346, 0.365, 0.366, 0.348, 0.33, 0.295, 0.34, 0.33, 0.328, 0.298]
Train Loss: [0.09, 0.044, 0.035, 0.029, 0.025, 0.021, 0.019, 0.017, 0.015, 0.014, 0.013, 0.012, 0.011, 0.01, 0.009, 0.009, 0.008, 0.008, 0.007, 0.007, 0.007, 0.007, 0.007, 0.006, 0.006, 0.006, 0.006, 0.006, 0.005, 0.005, 0.006, 0.005, 0.005, 0.005, 0.005, 0.005, 0.005, 0.005, 0.005, 0.005, 0.005, 0.005, 0.005, 0.005, 0.005, 0.005, 0.005, 0.005, 0.005, 0.005, 0.004, 0.005, 0.004, 0.004, 0.005, 0.005, 0.005, 0.004, 0.005, 0.004, 0.005, 0.004, 0.005, 0.004, 0.004, 0.004, 0.004, 0.004, 0.005, 0.005, 0.004, 0.004, 0.004, 0.005, 0.005, 0.005, 0.004, 0.004, 0.004, 0.004, 0.004, 0.004, 0.005, 0.004, 0.004, 0.004, 0.004, 0.004, 0.004, 0.004, 0.004, 0.004, 0.004, 0.004, 0.004, 0.004, 0.004, 0.004, 0.004, 0.004, 0.004, 0.004, 0.004, 0.004, 0.004, 0.004, 0.004, 0.004, 0.004, 0.004, 0.004, 0.004, 0.004, 0.004, 0.004, 0.004, 0.004, 0.004, 0.004, 0.004]
Max test score: 0.508 found at epoch: 86
Max test score shapes: 0.359 found at epoch: 86
