Active: Relationsloss True 2 True 0.1 
Active: OneHotloss True 20 
Active: MinSizeBackgroundloss True 1 
Active: MinSizeShapesloss True 30 

Test Scores: [0.084, 0.228, 0.272, 0.291, 0.293, 0.29, 0.285, 0.273, 0.255, 0.259, 0.242, 0.253, 0.249, 0.253, 0.241, 0.245, 0.243, 0.244, 0.244, 0.235, 0.234, 0.238, 0.237, 0.236, 0.235, 0.236, 0.238, 0.235, 0.235, 0.237, 0.237, 0.235, 0.236, 0.239, 0.239, 0.237, 0.234, 0.238, 0.231, 0.231, 0.231, 0.231, 0.231, 0.231, 0.231, 0.23, 0.229, 0.229, 0.229, 0.229, 0.229, 0.229, 0.229, 0.229, 0.229, 0.229, 0.229, 0.229, 0.229, 0.229, 0.229, 0.229, 0.229, 0.229, 0.229, 0.229, 0.229, 0.229, 0.229, 0.229, 0.229, 0.229, 0.229, 0.229, 0.229, 0.229, 0.229, 0.229, 0.229, 0.229, 0.229, 0.229, 0.229, 0.229, 0.229, 0.229, 0.229, 0.229, 0.229, 0.229, 0.229, 0.229, 0.229, 0.229, 0.229, 0.229, 0.229, 0.229, 0.229, 0.229, 0.229, 0.229, 0.229, 0.229, 0.229, 0.229, 0.229, 0.229, 0.229, 0.229, 0.229, 0.229, 0.229, 0.229, 0.229, 0.229, 0.229, 0.229, 0.229, 0.229, 0.229, 0.229, 0.229, 0.229, 0.229, 0.229, 0.229, 0.229, 0.229, 0.229, 0.229, 0.229, 0.229, 0.229, 0.229, 0.229, 0.229, 0.229, 0.229, 0.229, 0.229, 0.229, 0.229, 0.229, 0.229, 0.229, 0.229, 0.229, 0.229, 0.229, 0.229, 0.229, 0.229, 0.229, 0.229, 0.229, 0.229, 0.229, 0.229, 0.229]
Test Scores w/o background: [0.048, 0.06, 0.07, 0.076, 0.077, 0.078, 0.07, 0.052, 0.03, 0.035, 0.014, 0.027, 0.021, 0.03, 0.012, 0.017, 0.015, 0.016, 0.016, 0.005, 0.003, 0.008, 0.006, 0.006, 0.004, 0.006, 0.008, 0.005, 0.004, 0.006, 0.007, 0.005, 0.005, 0.009, 0.01, 0.007, 0.003, 0.009, 0.0, 0.0, 0.0, 0.0, 0.0, 0.0, 0.0, 0.0, 0.0, 0.0, 0.0, 0.0, 0.0, 0.0, 0.0, 0.0, 0.0, 0.0, 0.0, 0.0, 0.0, 0.0, 0.0, 0.0, 0.0, 0.0, 0.0, 0.0, 0.0, 0.0, 0.0, 0.0, 0.0, 0.0, 0.0, 0.0, 0.0, 0.0, 0.0, 0.0, 0.0, 0.0, 0.0, 0.0, 0.0, 0.0, 0.0, 0.0, 0.0, 0.0, 0.0, 0.0, 0.0, 0.0, 0.0, 0.0, 0.0, 0.0, 0.0, 0.0, 0.0, 0.0, 0.0, 0.0, 0.0, 0.0, 0.0, 0.0, 0.0, 0.0, 0.0, 0.0, 0.0, 0.0, 0.0, 0.0, 0.0, 0.0, 0.0, 0.0, 0.0, 0.0, 0.0, 0.0, 0.0, 0.0, 0.0, 0.0, 0.0, 0.0, 0.0, 0.0, 0.0, 0.0, 0.0, 0.0, 0.0, 0.0, 0.0, 0.0, 0.0, 0.0, 0.0, 0.0, 0.0, 0.0, 0.0, 0.0, 0.0, 0.0, 0.0, 0.0, 0.0, 0.0, 0.0, 0.0, 0.0, 0.0, 0.0, 0.0, 0.0, 0.0]
Train Scores: [0.069, 0.234, 0.279, 0.295, 0.297, 0.285, 0.281, 0.273, 0.257, 0.258, 0.243, 0.255, 0.253, 0.252, 0.244, 0.247, 0.244, 0.245, 0.244, 0.236, 0.235, 0.24, 0.238, 0.238, 0.236, 0.238, 0.239, 0.237, 0.236, 0.238, 0.239, 0.236, 0.237, 0.239, 0.239, 0.238, 0.235, 0.236, 0.232, 0.232, 0.232, 0.232, 0.232, 0.232, 0.232, 0.231, 0.23, 0.23, 0.23, 0.23, 0.23, 0.23, 0.23, 0.23, 0.23, 0.23, 0.23, 0.23, 0.23, 0.23, 0.23, 0.23, 0.23, 0.23, 0.23, 0.23, 0.23, 0.23, 0.23, 0.23, 0.23, 0.23, 0.23, 0.23, 0.23, 0.23, 0.23, 0.23, 0.23, 0.23, 0.23, 0.23, 0.23, 0.23, 0.23, 0.23, 0.23, 0.23, 0.23, 0.23, 0.23, 0.23, 0.23, 0.23, 0.23, 0.23, 0.23, 0.23, 0.23, 0.23, 0.23, 0.23, 0.23, 0.23, 0.23, 0.23, 0.23, 0.23, 0.23, 0.23, 0.23, 0.23, 0.23, 0.23, 0.23, 0.23, 0.23, 0.23, 0.23, 0.23, 0.23, 0.23, 0.23, 0.23, 0.23, 0.23, 0.23, 0.23, 0.23, 0.23, 0.23, 0.23, 0.23, 0.23, 0.23, 0.23, 0.23, 0.23, 0.23, 0.23, 0.23, 0.23, 0.23, 0.23, 0.23, 0.23, 0.23, 0.23, 0.23, 0.23, 0.23, 0.23, 0.23, 0.23, 0.23, 0.23, 0.23, 0.23, 0.23, 0.23]
Train Scores w/o background: [0.029, 0.063, 0.077, 0.081, 0.082, 0.071, 0.064, 0.052, 0.032, 0.033, 0.013, 0.028, 0.026, 0.028, 0.014, 0.018, 0.015, 0.016, 0.015, 0.004, 0.003, 0.009, 0.007, 0.006, 0.005, 0.007, 0.008, 0.005, 0.004, 0.007, 0.007, 0.004, 0.006, 0.008, 0.008, 0.006, 0.003, 0.005, 0.0, 0.0, 0.0, 0.0, 0.0, 0.0, 0.0, 0.0, 0.0, 0.0, 0.0, 0.0, 0.0, 0.0, 0.0, 0.0, 0.0, 0.0, 0.0, 0.0, 0.0, 0.0, 0.0, 0.0, 0.0, 0.0, 0.0, 0.0, 0.0, 0.0, 0.0, 0.0, 0.0, 0.0, 0.0, 0.0, 0.0, 0.0, 0.0, 0.0, 0.0, 0.0, 0.0, 0.0, 0.0, 0.0, 0.0, 0.0, 0.0, 0.0, 0.0, 0.0, 0.0, 0.0, 0.0, 0.0, 0.0, 0.0, 0.0, 0.0, 0.0, 0.0, 0.0, 0.0, 0.0, 0.0, 0.0, 0.0, 0.0, 0.0, 0.0, 0.0, 0.0, 0.0, 0.0, 0.0, 0.0, 0.0, 0.0, 0.0, 0.0, 0.0, 0.0, 0.0, 0.0, 0.0, 0.0, 0.0, 0.0, 0.0, 0.0, 0.0, 0.0, 0.0, 0.0, 0.0, 0.0, 0.0, 0.0, 0.0, 0.0, 0.0, 0.0, 0.0, 0.0, 0.0, 0.0, 0.0, 0.0, 0.0, 0.0, 0.0, 0.0, 0.0, 0.0, 0.0, 0.0, 0.0, 0.0, 0.0, 0.0, 0.0]
Train Loss: [127.69, 99.481, 83.818, 73.434, 65.788, 58.23, 51.265, 44.331, 37.871, 31.819, 28.275, 25.998, 23.821, 21.751, 19.72, 17.696, 15.822, 14.199, 12.75, 11.605, 10.584, 9.766, 9.046, 8.476, 7.928, 7.439, 6.959, 6.401, 5.736, 5.64, 5.579, 5.475, 5.298, 4.998, 4.73, 4.411, 4.182, 3.882, 3.408, 3.176, 3.004, 2.631, 2.386, 2.246, 1.926, 1.863, 1.747, 1.751, 1.686, 1.864, 1.982, 2.594, 2.053, 2.779, 2.907, 2.756, 4.455, 5.211, 6.835, 6.605, 7.561, 9.942, 10.501, 10.109, 7.913, 9.698, 9.639, 9.107, 9.908, 13.104, 12.687, 9.254, 11.015, 9.245, 11.29, 10.358, 9.291, 13.595, 11.33, 13.428, 13.406, 10.575, 13.764, 13.265, 10.075, 12.044, 12.532, 10.973, 9.624, 9.639, 13.251, 11.804, 12.853, 12.206, 11.355, 10.476, 14.112, 12.579, 14.862, 15.296, 14.407, 13.515, 14.398, 13.255, 13.302, 13.249, 13.377, 9.489, 12.771, 10.225, 12.004, 10.565, 11.618, 12.896, 11.824, 14.776, 15.334, 11.499, 13.101, 13.826, 12.533, 12.848, 11.95, 11.754, 10.877, 13.823, 12.701, 13.155, 10.654, 11.46, 10.635, 12.828, 9.858, 10.92, 11.85, 12.026, 9.544, 9.273, 13.134, 11.774, 10.981, 11.654, 11.553, 12.161, 13.043, 12.746, 11.474, 14.161, 12.811, 12.335, 13.033, 12.631, 12.238, 11.304, 11.696, 10.373, 10.998, 9.717, 12.88, 10.59]
Test Loss: [125.058, 96.41, 81.225, 73.881, 64.172, 56.802, 50.17, 43.205, 37.141, 30.811, 27.285, 25.104, 23.003, 21.018, 19.021, 17.067, 15.272, 13.707, 12.331, 11.234, 10.269, 9.391, 8.775, 8.131, 7.58, 7.208, 6.587, 6.107, 5.465, 5.446, 5.382, 5.139, 5.006, 4.725, 4.521, 4.405, 3.884, 3.762, 3.356, 2.977, 2.57, 2.654, 2.172, 2.125, 1.823, 1.723, 1.69, 1.822, 1.649, 1.68, 2.228, 2.579, 2.226, 1.534, 2.566, 2.382, 3.423, 4.281, 6.381, 6.468, 3.264, 5.384, 8.563, 12.121, 5.117, 12.437, 10.936, 7.821, 6.842, 10.645, 13.921, 8.408, 6.672, 12.217, 9.363, 5.644, 5.478, 11.307, 11.845, 16.295, 7.957, 12.796, 10.67, 14.15, 12.026, 11.752, 12.185, 20.249, 8.065, 15.299, 6.013, 12.179, 13.938, 11.954, 6.795, 13.884, 15.575, 15.247, 7.572, 4.583, 23.645, 6.934, 12.577, 10.867, 15.091, 13.445, 12.306, 14.764, 13.199, 8.322, 6.234, 11.791, 7.669, 10.972, 6.975, 7.103, 13.325, 7.551, 11.92, 9.416, 10.2, 12.461, 8.836, 8.722, 10.81, 4.584, 20.108, 11.282, 13.404, 11.326, 10.98, 16.809, 7.399, 14.357, 5.627, 8.412, 10.318, 6.371, 8.44, 10.632, 12.405, 14.578, 9.265, 11.958, 9.328, 9.373, 10.229, 12.74, 11.735, 9.179, 10.078, 10.604, 5.889, 9.19, 8.847, 10.926, 11.9, 15.029, 8.732, 13.159]
Max test score: 0.293 found at epoch: 5
Max test score shapes: 0.078 found at epoch: 6
