Active: Relationsloss True 2 True 0.1 

Test Scores: [0.066, 0.081, 0.165, 0.224, 0.242, 0.227, 0.205, 0.205, 0.205, 0.203, 0.198, 0.191, 0.192, 0.188, 0.187, 0.193, 0.194, 0.199, 0.201, 0.201, 0.199, 0.198, 0.196, 0.2, 0.2, 0.203, 0.205, 0.206, 0.203, 0.198, 0.202, 0.2, 0.201, 0.203, 0.199, 0.199, 0.21, 0.206, 0.213, 0.198, 0.199, 0.208, 0.201, 0.207, 0.204, 0.202, 0.205, 0.201, 0.205, 0.203, 0.196, 0.202, 0.201, 0.206, 0.196, 0.204, 0.201, 0.203, 0.205, 0.204, 0.197, 0.214, 0.209, 0.2, 0.214, 0.21, 0.207, 0.21, 0.215, 0.206, 0.221, 0.202, 0.21, 0.21, 0.21, 0.21, 0.211, 0.217, 0.217, 0.213, 0.216, 0.223, 0.222, 0.225, 0.216, 0.223, 0.222, 0.214, 0.221, 0.22, 0.216, 0.223, 0.227, 0.222, 0.227, 0.224, 0.224, 0.218, 0.223, 0.227, 0.225, 0.224, 0.225, 0.227, 0.228, 0.226, 0.229, 0.228, 0.227, 0.226, 0.222, 0.225, 0.228, 0.232, 0.226, 0.228, 0.227, 0.228, 0.225, 0.225, 0.233, 0.235, 0.23, 0.23, 0.233, 0.226, 0.22, 0.23, 0.232, 0.226, 0.227, 0.223, 0.223, 0.226, 0.222, 0.223, 0.225, 0.227, 0.227, 0.227, 0.228, 0.226, 0.224, 0.222, 0.227, 0.226, 0.227, 0.222, 0.224, 0.229, 0.229, 0.229, 0.226, 0.227, 0.231, 0.23, 0.228, 0.225, 0.226, 0.228, 0.228, 0.227, 0.225, 0.227, 0.229, 0.227, 0.226, 0.228, 0.225, 0.222, 0.224, 0.225, 0.224, 0.225, 0.225, 0.223, 0.226, 0.225, 0.224, 0.222, 0.223, 0.224, 0.224, 0.226, 0.226, 0.225, 0.226, 0.228, 0.226, 0.228, 0.226, 0.227, 0.23, 0.231, 0.227, 0.23, 0.231, 0.231, 0.235, 0.231]
Test Scores w/o background: [0.045, 0.041, 0.062, 0.08, 0.054, 0.03, 0.002, 0.002, 0.003, 0.004, 0.004, 0.005, 0.006, 0.006, 0.007, 0.008, 0.009, 0.01, 0.01, 0.01, 0.008, 0.009, 0.009, 0.009, 0.009, 0.01, 0.01, 0.01, 0.01, 0.008, 0.01, 0.008, 0.01, 0.007, 0.008, 0.008, 0.012, 0.009, 0.008, 0.007, 0.007, 0.009, 0.008, 0.01, 0.01, 0.008, 0.006, 0.009, 0.011, 0.008, 0.008, 0.008, 0.012, 0.006, 0.008, 0.009, 0.01, 0.01, 0.011, 0.008, 0.007, 0.009, 0.01, 0.008, 0.011, 0.007, 0.013, 0.014, 0.016, 0.017, 0.018, 0.01, 0.012, 0.011, 0.011, 0.013, 0.016, 0.019, 0.015, 0.012, 0.012, 0.014, 0.018, 0.014, 0.015, 0.015, 0.012, 0.009, 0.01, 0.011, 0.009, 0.011, 0.019, 0.016, 0.014, 0.012, 0.006, 0.009, 0.004, 0.005, 0.011, 0.008, 0.009, 0.011, 0.011, 0.003, 0.01, 0.009, 0.005, 0.0, 0.005, 0.009, 0.01, 0.012, 0.006, 0.005, 0.008, 0.005, 0.005, 0.005, 0.01, 0.017, 0.012, 0.012, 0.007, 0.001, 0.004, 0.008, 0.006, 0.005, 0.003, 0.001, 0.001, 0.002, 0.003, 0.005, 0.005, 0.003, 0.006, 0.009, 0.006, 0.005, 0.004, 0.004, 0.004, 0.002, 0.003, 0.003, 0.007, 0.004, 0.006, 0.005, 0.004, 0.003, 0.01, 0.008, 0.007, 0.004, 0.004, 0.005, 0.007, 0.003, 0.002, 0.003, 0.0, 0.0, 0.003, 0.007, 0.003, 0.003, 0.003, 0.002, 0.003, 0.004, 0.003, 0.001, 0.001, 0.0, 0.001, 0.001, 0.001, 0.001, 0.003, 0.003, 0.002, 0.001, 0.002, 0.002, 0.001, 0.003, 0.002, 0.004, 0.002, 0.008, 0.004, 0.005, 0.006, 0.008, 0.009, 0.007]
Train Scores: [0.053, 0.079, 0.16, 0.218, 0.249, 0.232, 0.208, 0.208, 0.207, 0.205, 0.201, 0.194, 0.195, 0.191, 0.19, 0.196, 0.197, 0.202, 0.204, 0.206, 0.203, 0.203, 0.2, 0.205, 0.204, 0.207, 0.211, 0.21, 0.208, 0.202, 0.207, 0.205, 0.207, 0.207, 0.206, 0.205, 0.214, 0.21, 0.217, 0.206, 0.204, 0.212, 0.206, 0.215, 0.212, 0.205, 0.209, 0.208, 0.208, 0.208, 0.201, 0.206, 0.206, 0.21, 0.202, 0.209, 0.204, 0.207, 0.209, 0.211, 0.203, 0.217, 0.215, 0.204, 0.222, 0.217, 0.212, 0.213, 0.219, 0.211, 0.228, 0.208, 0.217, 0.218, 0.218, 0.217, 0.214, 0.224, 0.221, 0.217, 0.218, 0.229, 0.227, 0.231, 0.218, 0.229, 0.227, 0.217, 0.225, 0.226, 0.219, 0.227, 0.233, 0.225, 0.231, 0.229, 0.228, 0.221, 0.224, 0.23, 0.227, 0.223, 0.225, 0.23, 0.232, 0.229, 0.234, 0.229, 0.228, 0.227, 0.225, 0.228, 0.23, 0.234, 0.228, 0.228, 0.229, 0.228, 0.228, 0.228, 0.234, 0.24, 0.232, 0.232, 0.235, 0.228, 0.22, 0.23, 0.231, 0.228, 0.226, 0.224, 0.224, 0.227, 0.224, 0.224, 0.227, 0.228, 0.229, 0.229, 0.228, 0.225, 0.226, 0.225, 0.229, 0.229, 0.228, 0.224, 0.227, 0.23, 0.229, 0.229, 0.228, 0.23, 0.231, 0.23, 0.229, 0.227, 0.228, 0.234, 0.232, 0.23, 0.228, 0.229, 0.23, 0.228, 0.228, 0.229, 0.228, 0.224, 0.225, 0.225, 0.224, 0.226, 0.226, 0.225, 0.227, 0.227, 0.226, 0.224, 0.224, 0.226, 0.224, 0.226, 0.226, 0.224, 0.226, 0.228, 0.228, 0.228, 0.226, 0.226, 0.23, 0.229, 0.226, 0.229, 0.231, 0.229, 0.234, 0.232]
Train Scores w/o background: [0.028, 0.039, 0.049, 0.066, 0.06, 0.035, 0.004, 0.003, 0.004, 0.005, 0.006, 0.007, 0.008, 0.008, 0.008, 0.01, 0.011, 0.013, 0.012, 0.012, 0.01, 0.012, 0.011, 0.012, 0.011, 0.013, 0.014, 0.013, 0.012, 0.011, 0.014, 0.012, 0.013, 0.009, 0.012, 0.012, 0.013, 0.011, 0.012, 0.011, 0.012, 0.012, 0.011, 0.014, 0.015, 0.011, 0.01, 0.013, 0.014, 0.012, 0.011, 0.012, 0.015, 0.01, 0.012, 0.013, 0.013, 0.012, 0.014, 0.013, 0.011, 0.015, 0.014, 0.012, 0.018, 0.014, 0.018, 0.016, 0.019, 0.021, 0.023, 0.015, 0.017, 0.017, 0.017, 0.019, 0.02, 0.025, 0.017, 0.015, 0.015, 0.021, 0.023, 0.02, 0.019, 0.023, 0.017, 0.012, 0.015, 0.017, 0.012, 0.016, 0.024, 0.021, 0.016, 0.015, 0.011, 0.012, 0.005, 0.01, 0.015, 0.007, 0.008, 0.014, 0.015, 0.006, 0.014, 0.008, 0.005, 0.002, 0.007, 0.012, 0.012, 0.012, 0.006, 0.003, 0.008, 0.005, 0.006, 0.006, 0.011, 0.023, 0.014, 0.014, 0.009, 0.003, 0.004, 0.006, 0.004, 0.006, 0.003, 0.001, 0.001, 0.001, 0.003, 0.004, 0.006, 0.003, 0.007, 0.01, 0.006, 0.005, 0.005, 0.004, 0.005, 0.003, 0.004, 0.003, 0.007, 0.005, 0.007, 0.006, 0.005, 0.004, 0.011, 0.007, 0.007, 0.004, 0.005, 0.011, 0.009, 0.005, 0.004, 0.005, 0.001, 0.001, 0.003, 0.007, 0.004, 0.001, 0.0, 0.001, 0.002, 0.003, 0.002, 0.0, 0.001, 0.001, 0.001, 0.001, 0.002, 0.002, 0.002, 0.003, 0.002, 0.001, 0.002, 0.002, 0.001, 0.002, 0.003, 0.004, 0.003, 0.005, 0.002, 0.004, 0.006, 0.007, 0.008, 0.007]
Train Loss: [64.508, 46.863, 42.488, 38.586, 35.218, 32.35, 29.615, 27.989, 26.398, 24.625, 23.034, 21.391, 19.881, 18.44, 16.992, 15.713, 14.673, 13.809, 13.133, 12.853, 12.381, 11.815, 11.915, 11.203, 11.493, 10.341, 9.882, 10.973, 9.585, 9.193, 8.547, 8.778, 7.689, 7.533, 6.436, 5.638, 6.373, 5.771, 5.893, 7.386, 4.133, 3.816, 3.898, 3.345, 3.349, 3.075, 3.025, 3.878, 3.866, 3.745, 4.472, 3.551, 2.477, 4.207, 2.978, 3.469, 2.767, 3.349, 2.483, 2.589, 2.064, 2.393, 2.692, 1.999, 2.522, 2.271, 2.52, 2.168, 2.622, 2.567, 1.918, 1.314, 1.951, 1.712, 1.571, 2.569, 3.647, 2.047, 4.803, 4.302, 3.363, 2.593, 3.114, 2.293, 2.699, 1.383, 2.049, 1.988, 1.958, 1.713, 2.407, 1.717, 1.976, 1.143, 0.977, 1.414, 2.652, 1.625, 3.077, 0.963, 1.935, 1.074, 0.947, 1.515, 0.987, 0.563, 1.017, 0.925, 0.97, 1.017, 0.49, 0.767, 0.197, 0.408, 0.587, 0.296, 0.339, 0.879, 0.587, 1.164, 0.974, 1.542, 0.537, 0.217, 0.228, 0.96, 0.855, 0.92, 0.431, 0.36, 0.224, 0.474, 0.272, 0.654, 0.622, 0.294, 0.184, 0.365, 0.205, 0.232, 0.415, 0.461, 0.546, 0.902, 0.257, 0.211, 0.816, 0.334, 0.43, 0.563, 0.339, 0.517, 0.022, 0.444, 0.086, 0.293, 0.156, 0.233, 0.556, inf, inf, 0.388, 0.147, 0.24, 0.183, 0.447, 0.041, 0.164, 0.212, 0.225, 0.309, 0.443, 0.025, 0.237, 0.241, 0.544, 0.499, 0.33, 0.022, 0.045, 0.009, 0.066, 0.148, 0.405, 0.083, 0.288, 0.279, 0.475, 0.573, 0.266, 0.211, 0.15, 0.344, 0.398, 0.307, 0.526, 0.15, 0.43, 0.624, 0.295]
Test Loss: [61.549, 43.567, 39.64, 38.438, 33.072, 30.74, 27.98, 26.416, 24.886, 23.336, 21.805, 20.331, 18.813, 17.357, 16.329, 15.045, 14.13, 13.511, 12.979, 12.797, 12.242, 12.506, 12.497, 12.246, 11.728, 13.494, 12.218, 14.03, 13.355, 12.561, 13.022, 14.236, 14.28, 15.626, 15.822, 13.99, 16.207, 16.947, 19.326, 21.437, 15.985, 20.449, 24.831, 21.158, 26.904, 24.54, 31.713, 32.984, 27.256, 35.97, 30.288, 41.529, 33.771, 35.66, 38.405, 40.331, 40.97, 44.83, 50.772, 37.718, 47.986, 50.196, 46.414, 46.132, 52.117, 57.756, 39.615, 44.353, 61.661, 50.966, 53.008, 47.261, 54.215, 64.763, 53.555, 50.823, 52.688, 39.277, 53.861, 44.573, 56.339, 54.266, 37.874, 42.487, 53.142, 42.187, 53.178, 44.543, 51.864, 39.268, 45.083, 45.761, 37.402, 33.34, 35.921, 34.057, 42.308, 40.727, 41.618, 37.979, 32.475, 41.782, 30.705, 35.268, 26.123, 26.959, 34.383, 28.152, 16.936, 17.754, 19.823, 30.508, 20.644, 24.223, 18.548, 22.771, 21.856, 22.541, 18.24, 20.328, inf, inf, 18.574, 15.294, inf, 20.073, 12.571, 12.465, 9.554, 11.593, 11.857, 15.016, 10.792, 16.113, 13.964, 11.936, inf, 16.761, 13.203, 12.214, 11.854, inf, inf, 16.757, 18.503, inf, 17.707, 12.572, inf, 11.7, 13.899, 14.048, 16.075, inf, 9.679, 10.813, 11.939, inf, 21.518, inf, inf, 9.649, 9.45, 9.048, inf, 12.897, 10.583, 15.397, 11.65, 12.206, 11.278, 14.892, inf, 11.762, 11.431, 12.817, 7.475, 10.193, inf, inf, 9.153, 16.665, 11.202, 11.708, 8.496, 7.911, 6.674, 9.289, 10.222, 12.044, inf, 11.79, 9.605, inf, inf, inf, inf, 10.86, 12.566, inf]
Max test score: 0.242 found at epoch: 5
Max test score shapes: 0.08 found at epoch: 4
