seed 42
FullySupervisedPercentage: 0
logic loss multiplier: 0.01
Active:  BBox loss [True, False, 1] [True, 0.2] [False, 1] linear True False 
Active: OneHotloss True 20 
Active: MinSizeBackgroundloss True 1 

Test Scores: [0.117, 0.211, 0.298, 0.32, 0.332, 0.393, 0.377, 0.426, 0.5, 0.533, 0.502, 0.531, 0.523, 0.583, 0.581, 0.691, 0.675, 0.619, 0.739, 0.701, 0.675, 0.709, 0.724, 0.744, 0.683, 0.717, 0.769, 0.689, 0.724, 0.758, 0.725, 0.791, 0.769, 0.728, 0.762, 0.718, 0.746, 0.764, 0.743, 0.756, 0.687, 0.756, 0.753, 0.748, 0.753, 0.774, 0.762, 0.756, 0.77, 0.786, 0.788, 0.774, 0.762, 0.757, 0.793, 0.756, 0.748, 0.754, 0.78, 0.75, 0.761, 0.803, 0.78, 0.779, 0.776, 0.786, 0.744, 0.745, 0.796, 0.783, 0.777, 0.782, 0.749, 0.782, 0.785, 0.761, 0.783, 0.783, 0.749, 0.795, 0.801, 0.772, 0.811, 0.772, 0.772, 0.785, 0.776, 0.811, 0.766, 0.759, 0.789, 0.781, 0.765, 0.769, 0.793, 0.813, 0.819, 0.812, 0.786, 0.792, 0.797, 0.794, 0.793, 0.761, 0.779, 0.809, 0.79, 0.789, 0.751, 0.778, 0.784, 0.799, 0.731, 0.789, 0.799, 0.794, 0.772, 0.751, 0.796, 0.769]
Test Scores w/o background: [0.036, 0.081, 0.138, 0.152, 0.163, 0.233, 0.21, 0.273, 0.369, 0.405, 0.356, 0.397, 0.384, 0.457, 0.449, 0.595, 0.573, 0.497, 0.657, 0.607, 0.571, 0.617, 0.636, 0.662, 0.581, 0.626, 0.696, 0.588, 0.636, 0.681, 0.636, 0.724, 0.695, 0.64, 0.685, 0.627, 0.665, 0.688, 0.66, 0.678, 0.586, 0.677, 0.673, 0.668, 0.674, 0.701, 0.685, 0.678, 0.697, 0.717, 0.72, 0.702, 0.686, 0.678, 0.728, 0.678, 0.666, 0.676, 0.709, 0.669, 0.684, 0.741, 0.71, 0.708, 0.704, 0.718, 0.662, 0.662, 0.731, 0.714, 0.706, 0.712, 0.668, 0.712, 0.717, 0.684, 0.713, 0.713, 0.668, 0.73, 0.737, 0.699, 0.751, 0.698, 0.699, 0.716, 0.704, 0.751, 0.691, 0.682, 0.721, 0.711, 0.69, 0.695, 0.727, 0.753, 0.762, 0.752, 0.717, 0.726, 0.731, 0.728, 0.727, 0.684, 0.708, 0.748, 0.722, 0.722, 0.671, 0.707, 0.715, 0.735, 0.645, 0.722, 0.734, 0.728, 0.698, 0.67, 0.73, 0.695]
Train Scores: [0.125, 0.222, 0.308, 0.34, 0.387, 0.441, 0.444, 0.52, 0.583, 0.619, 0.613, 0.622, 0.595, 0.631, 0.68, 0.77, 0.756, 0.754, 0.811, 0.802, 0.813, 0.814, 0.828, 0.828, 0.798, 0.808, 0.847, 0.828, 0.844, 0.841, 0.836, 0.844, 0.848, 0.839, 0.862, 0.831, 0.837, 0.849, 0.852, 0.855, 0.816, 0.848, 0.854, 0.856, 0.853, 0.84, 0.859, 0.852, 0.857, 0.866, 0.844, 0.869, 0.859, 0.844, 0.869, 0.846, 0.864, 0.847, 0.868, 0.857, 0.856, 0.882, 0.869, 0.884, 0.857, 0.871, 0.856, 0.825, 0.879, 0.868, 0.863, 0.875, 0.865, 0.875, 0.88, 0.853, 0.884, 0.841, 0.86, 0.879, 0.879, 0.88, 0.876, 0.87, 0.878, 0.866, 0.865, 0.886, 0.85, 0.865, 0.876, 0.865, 0.874, 0.831, 0.881, 0.883, 0.868, 0.893, 0.881, 0.878, 0.886, 0.876, 0.884, 0.872, 0.875, 0.879, 0.875, 0.884, 0.857, 0.863, 0.875, 0.883, 0.831, 0.89, 0.889, 0.885, 0.878, 0.871, 0.875, 0.881]
Train Scores w/o background: [0.043, 0.094, 0.151, 0.179, 0.235, 0.298, 0.299, 0.397, 0.479, 0.518, 0.503, 0.516, 0.483, 0.524, 0.583, 0.7, 0.68, 0.677, 0.753, 0.741, 0.755, 0.757, 0.775, 0.775, 0.735, 0.747, 0.799, 0.774, 0.796, 0.791, 0.785, 0.796, 0.801, 0.789, 0.82, 0.779, 0.787, 0.802, 0.805, 0.81, 0.757, 0.8, 0.809, 0.812, 0.807, 0.789, 0.815, 0.805, 0.812, 0.824, 0.796, 0.828, 0.814, 0.794, 0.828, 0.798, 0.822, 0.799, 0.826, 0.812, 0.811, 0.845, 0.828, 0.847, 0.812, 0.831, 0.81, 0.77, 0.841, 0.827, 0.82, 0.836, 0.823, 0.835, 0.842, 0.807, 0.848, 0.79, 0.816, 0.841, 0.842, 0.842, 0.838, 0.829, 0.84, 0.825, 0.823, 0.851, 0.803, 0.823, 0.838, 0.823, 0.834, 0.777, 0.845, 0.847, 0.826, 0.859, 0.844, 0.84, 0.851, 0.838, 0.848, 0.832, 0.836, 0.841, 0.837, 0.849, 0.812, 0.82, 0.836, 0.847, 0.777, 0.855, 0.854, 0.849, 0.84, 0.831, 0.835, 0.844]
Train Loss: [2.369, 1.931, 1.534, 1.207, 0.96, 0.752, 0.618, 0.52, 0.437, 0.36, 0.288, 0.224, 0.185, 0.155, 0.13, 0.106, 0.085, 0.069, 0.056, 0.045, 0.036, 0.028, 0.023, 0.018, 0.016, 0.012, 0.01, 0.008, 0.008, 0.006, 0.005, 0.006, 0.004, 0.004, 0.004, 0.005, 0.004, 0.003, 0.004, 0.004, 0.003, 0.003, 0.003, 0.002, 0.003, 0.002, 0.002, 0.003, 0.002, 0.002, 0.002, 0.002, 0.001, 0.002, 0.002, 0.002, 0.002, 0.001, 0.003, 0.002, 0.003, 0.002, 0.003, 0.002, 0.002, 0.002, 0.002, 0.002, 0.002, 0.001, 0.001, 0.002, 0.002, 0.002, 0.002, 0.001, 0.002, 0.002, 0.001, 0.002, 0.001, 0.001, 0.001, 0.002, 0.002, 0.002, 0.002, 0.001, 0.001, 0.001, 0.001, 0.001, 0.001, 0.001, 0.001, 0.001, 0.001, 0.001, 0.001, 0.001, 0.001, 0.001, 0.002, 0.001, 0.001, 0.001, 0.001, 0.001, 0.001, 0.002, 0.001, 0.001, 0.002, 0.001, 0.001, 0.001, 0.001, 0.001, 0.001, 0.001]
Max test score: 0.819 found at epoch: 97
Max test score shapes: 0.762 found at epoch: 97
Avg generalisation ratio: 0.839
Avg generalisation diff: 0.118