seed 42
FullySupervisedPercentage: 0
logic loss multiplier: 0.01
Active:  BBox loss [True, False, 1] [True, 0.2] [False, 1] linear True True 

Test Scores: [0.2, 0.206, 0.167, 0.176, 0.174, 0.22, 0.372, 0.467, 0.467, 0.483, 0.541, 0.565, 0.546, 0.567, 0.565, 0.628, 0.692, 0.631, 0.687, 0.66, 0.66, 0.615, 0.615, 0.64, 0.687, 0.708, 0.688, 0.729, 0.717, 0.659, 0.683, 0.695, 0.669, 0.712, 0.668, 0.723, 0.681, 0.716, 0.71, 0.724, 0.696, 0.709, 0.757, 0.649, 0.708, 0.706, 0.739, 0.706, 0.712, 0.728, 0.677, 0.707, 0.705, 0.696, 0.653, 0.668, 0.656, 0.676, 0.69, 0.648, 0.64, 0.695, 0.69, 0.633, 0.69, 0.708, 0.655, 0.635, 0.627, 0.671, 0.68, 0.663, 0.633, 0.663, 0.627, 0.608, 0.59, 0.583, 0.596, 0.62, 0.62, 0.625, 0.586, 0.574, 0.581, 0.576, 0.557, 0.638, 0.506, 0.551, 0.582, 0.596, 0.529, 0.564, 0.579, 0.552, 0.566, 0.596, 0.586, 0.57, 0.614, 0.553, 0.558, 0.585, 0.49, 0.504, 0.529, 0.533, 0.523, 0.551, 0.531, 0.587, 0.592, 0.55, 0.526, 0.564, 0.52, 0.501, 0.594, 0.584]
Test Scores w/o background: [0.076, 0.082, 0.048, 0.042, 0.048, 0.082, 0.184, 0.299, 0.298, 0.319, 0.395, 0.428, 0.402, 0.43, 0.426, 0.51, 0.592, 0.511, 0.585, 0.55, 0.549, 0.489, 0.49, 0.523, 0.585, 0.613, 0.587, 0.641, 0.626, 0.548, 0.58, 0.596, 0.561, 0.619, 0.56, 0.633, 0.578, 0.625, 0.617, 0.634, 0.598, 0.616, 0.678, 0.535, 0.614, 0.612, 0.655, 0.612, 0.619, 0.642, 0.575, 0.614, 0.611, 0.6, 0.542, 0.564, 0.547, 0.573, 0.592, 0.538, 0.527, 0.599, 0.592, 0.517, 0.592, 0.616, 0.546, 0.521, 0.51, 0.568, 0.579, 0.559, 0.519, 0.559, 0.513, 0.487, 0.464, 0.454, 0.472, 0.503, 0.503, 0.51, 0.459, 0.445, 0.452, 0.446, 0.422, 0.528, 0.357, 0.414, 0.454, 0.473, 0.386, 0.433, 0.45, 0.415, 0.435, 0.473, 0.459, 0.441, 0.496, 0.417, 0.424, 0.458, 0.335, 0.353, 0.386, 0.39, 0.379, 0.415, 0.39, 0.461, 0.466, 0.413, 0.38, 0.431, 0.374, 0.351, 0.471, 0.458]
Train Scores: [0.21, 0.208, 0.177, 0.181, 0.189, 0.236, 0.402, 0.508, 0.54, 0.565, 0.628, 0.643, 0.663, 0.684, 0.653, 0.716, 0.807, 0.763, 0.799, 0.803, 0.79, 0.787, 0.769, 0.771, 0.806, 0.818, 0.815, 0.839, 0.827, 0.8, 0.812, 0.805, 0.814, 0.837, 0.814, 0.83, 0.796, 0.821, 0.826, 0.831, 0.816, 0.825, 0.845, 0.752, 0.818, 0.816, 0.831, 0.807, 0.815, 0.792, 0.771, 0.787, 0.803, 0.776, 0.783, 0.754, 0.757, 0.761, 0.786, 0.749, 0.732, 0.77, 0.779, 0.741, 0.767, 0.787, 0.756, 0.7, 0.716, 0.762, 0.759, 0.756, 0.736, 0.728, 0.706, 0.681, 0.689, 0.646, 0.673, 0.711, 0.718, 0.723, 0.664, 0.67, 0.678, 0.646, 0.625, 0.726, 0.584, 0.649, 0.66, 0.688, 0.622, 0.636, 0.672, 0.633, 0.627, 0.662, 0.664, 0.64, 0.682, 0.607, 0.62, 0.673, 0.568, 0.581, 0.611, 0.6, 0.612, 0.618, 0.613, 0.667, 0.653, 0.61, 0.624, 0.647, 0.585, 0.555, 0.666, 0.648]
Train Scores w/o background: [0.089, 0.084, 0.057, 0.047, 0.063, 0.103, 0.224, 0.354, 0.396, 0.428, 0.511, 0.532, 0.559, 0.586, 0.544, 0.627, 0.746, 0.688, 0.735, 0.741, 0.722, 0.719, 0.695, 0.698, 0.743, 0.76, 0.756, 0.789, 0.771, 0.736, 0.752, 0.742, 0.755, 0.785, 0.755, 0.775, 0.731, 0.765, 0.772, 0.777, 0.758, 0.769, 0.797, 0.673, 0.761, 0.759, 0.778, 0.746, 0.757, 0.727, 0.7, 0.721, 0.742, 0.707, 0.716, 0.678, 0.682, 0.686, 0.72, 0.672, 0.649, 0.699, 0.711, 0.66, 0.695, 0.72, 0.681, 0.608, 0.629, 0.689, 0.685, 0.682, 0.655, 0.645, 0.617, 0.584, 0.594, 0.539, 0.574, 0.624, 0.632, 0.639, 0.562, 0.571, 0.58, 0.539, 0.511, 0.644, 0.46, 0.544, 0.557, 0.594, 0.508, 0.526, 0.572, 0.521, 0.514, 0.56, 0.562, 0.531, 0.587, 0.488, 0.507, 0.574, 0.438, 0.454, 0.494, 0.48, 0.496, 0.503, 0.497, 0.567, 0.549, 0.493, 0.511, 0.541, 0.46, 0.421, 0.566, 0.542]
Train Loss: [0.523, 0.356, 0.286, 0.244, 0.215, 0.192, 0.172, 0.152, 0.135, 0.122, 0.106, 0.092, 0.077, 0.058, 0.045, 0.036, 0.029, 0.021, 0.016, 0.013, 0.012, 0.009, 0.008, 0.007, 0.005, 0.005, 0.004, 0.004, 0.003, 0.003, 0.003, 0.004, 0.002, 0.002, 0.002, 0.002, 0.002, 0.002, 0.002, 0.002, 0.002, 0.002, 0.002, 0.002, 0.001, 0.001, 0.001, 0.001, 0.001, 0.001, 0.001, 0.001, 0.001, 0.001, 0.001, 0.001, 0.001, 0.001, 0.001, 0.001, 0.001, 0.001, 0.001, 0.001, 0.001, 0.001, 0.001, 0.001, 0.001, 0.001, 0.001, 0.001, 0.001, 0.001, 0.001, 0.001, 0.001, 0.001, 0.001, 0.001, 0.001, 0.001, 0.001, 0.001, 0.001, 0.001, 0.001, 0.001, 0.001, 0.001, 0.001, 0.001, 0.001, 0.001, 0.001, 0.001, 0.001, 0.001, 0.001, 0.001, 0.001, 0.001, 0.0, 0.001, 0.001, 0.001, 0.001, 0.001, 0.001, 0.001, 0.001, 0.001, 0.001, 0.001, 0.001, 0.001, 0.001, 0.001, 0.001, 0.001]
Max test score: 0.757 found at epoch: 43
Max test score shapes: 0.678 found at epoch: 43
Avg generalisation ratio: 0.806
Avg generalisation diff: 0.117