seed 42
FullySupervisedPercentage: 0
logic loss multiplier: 0.01
Active:  BBox loss [True, True, 1] [True, 0.2] [False, 1] linear True False 
Active: OneHotloss True 20 
Active: MinSizeBackgroundloss True 1 

Test Scores: [0.195, 0.284, 0.3, 0.322, 0.35, 0.411, 0.437, 0.481, 0.481, 0.538, 0.528, 0.553, 0.567, 0.572, 0.598, 0.598, 0.65, 0.692, 0.656, 0.717, 0.704, 0.656, 0.756, 0.732, 0.728, 0.767, 0.748, 0.683, 0.749, 0.697, 0.774, 0.766, 0.743, 0.763, 0.773, 0.781, 0.771, 0.784, 0.753, 0.786, 0.786, 0.807, 0.761, 0.761, 0.769, 0.781, 0.805, 0.701, 0.815, 0.787, 0.806, 0.741, 0.769, 0.784, 0.795, 0.753, 0.804, 0.793, 0.776, 0.798, 0.787, 0.797, 0.763, 0.806, 0.758, 0.806, 0.757, 0.774, 0.808, 0.768, 0.784, 0.8, 0.759, 0.789, 0.806, 0.829, 0.801, 0.792, 0.727, 0.803, 0.813, 0.773, 0.794, 0.8, 0.834, 0.803, 0.835, 0.829, 0.812, 0.814, 0.809, 0.806, 0.796, 0.806, 0.764, 0.797, 0.821, 0.843, 0.809, 0.744, 0.796, 0.797, 0.806, 0.816, 0.788, 0.807, 0.804, 0.815, 0.805, 0.803, 0.827, 0.83, 0.818, 0.813, 0.808, 0.791, 0.828, 0.794, 0.808, 0.803]
Test Scores w/o background: [0.061, 0.12, 0.119, 0.141, 0.169, 0.244, 0.274, 0.328, 0.325, 0.4, 0.385, 0.418, 0.436, 0.441, 0.474, 0.473, 0.539, 0.593, 0.545, 0.627, 0.608, 0.546, 0.678, 0.646, 0.641, 0.693, 0.667, 0.58, 0.669, 0.599, 0.702, 0.691, 0.66, 0.687, 0.7, 0.71, 0.697, 0.715, 0.674, 0.717, 0.717, 0.745, 0.684, 0.683, 0.694, 0.711, 0.742, 0.604, 0.756, 0.719, 0.744, 0.657, 0.694, 0.714, 0.729, 0.673, 0.74, 0.727, 0.704, 0.733, 0.718, 0.732, 0.686, 0.743, 0.679, 0.744, 0.678, 0.7, 0.746, 0.692, 0.715, 0.735, 0.681, 0.721, 0.744, 0.774, 0.737, 0.725, 0.639, 0.739, 0.753, 0.7, 0.727, 0.735, 0.781, 0.74, 0.782, 0.774, 0.751, 0.754, 0.747, 0.744, 0.731, 0.744, 0.688, 0.732, 0.764, 0.793, 0.748, 0.66, 0.731, 0.731, 0.743, 0.757, 0.72, 0.745, 0.741, 0.755, 0.742, 0.74, 0.772, 0.775, 0.76, 0.752, 0.747, 0.723, 0.773, 0.728, 0.747, 0.739]
Train Scores: [0.199, 0.289, 0.343, 0.363, 0.415, 0.445, 0.501, 0.539, 0.572, 0.599, 0.613, 0.627, 0.626, 0.657, 0.667, 0.706, 0.754, 0.814, 0.797, 0.818, 0.816, 0.776, 0.855, 0.798, 0.829, 0.849, 0.86, 0.833, 0.864, 0.838, 0.863, 0.862, 0.852, 0.863, 0.871, 0.872, 0.861, 0.872, 0.87, 0.886, 0.875, 0.891, 0.873, 0.863, 0.881, 0.884, 0.888, 0.849, 0.888, 0.884, 0.886, 0.861, 0.887, 0.888, 0.88, 0.878, 0.888, 0.883, 0.891, 0.892, 0.885, 0.892, 0.883, 0.884, 0.889, 0.894, 0.892, 0.897, 0.891, 0.888, 0.878, 0.898, 0.889, 0.838, 0.894, 0.894, 0.901, 0.88, 0.872, 0.877, 0.896, 0.887, 0.884, 0.896, 0.905, 0.888, 0.905, 0.901, 0.893, 0.873, 0.906, 0.901, 0.879, 0.886, 0.892, 0.9, 0.907, 0.905, 0.898, 0.884, 0.895, 0.862, 0.901, 0.904, 0.898, 0.904, 0.897, 0.91, 0.903, 0.878, 0.907, 0.903, 0.896, 0.899, 0.904, 0.901, 0.906, 0.897, 0.882, 0.886]
Train Scores w/o background: [0.071, 0.127, 0.176, 0.197, 0.257, 0.289, 0.359, 0.405, 0.446, 0.482, 0.498, 0.517, 0.514, 0.555, 0.565, 0.617, 0.677, 0.755, 0.733, 0.762, 0.758, 0.705, 0.81, 0.734, 0.775, 0.802, 0.816, 0.78, 0.822, 0.787, 0.82, 0.819, 0.805, 0.82, 0.831, 0.833, 0.817, 0.832, 0.83, 0.851, 0.836, 0.858, 0.833, 0.82, 0.844, 0.848, 0.853, 0.801, 0.853, 0.847, 0.851, 0.817, 0.852, 0.853, 0.842, 0.84, 0.853, 0.847, 0.858, 0.858, 0.849, 0.859, 0.846, 0.847, 0.854, 0.86, 0.858, 0.864, 0.857, 0.853, 0.84, 0.866, 0.854, 0.786, 0.86, 0.861, 0.87, 0.843, 0.832, 0.838, 0.863, 0.851, 0.848, 0.864, 0.876, 0.853, 0.876, 0.87, 0.859, 0.833, 0.877, 0.87, 0.841, 0.85, 0.858, 0.869, 0.878, 0.875, 0.866, 0.848, 0.862, 0.818, 0.871, 0.874, 0.866, 0.874, 0.865, 0.882, 0.873, 0.84, 0.878, 0.873, 0.864, 0.867, 0.875, 0.87, 0.877, 0.864, 0.845, 0.85]
Train Loss: [2.732, 2.264, 1.785, 1.392, 1.177, 0.94, 0.721, 0.601, 0.492, 0.4, 0.335, 0.29, 0.251, 0.229, 0.197, 0.177, 0.151, 0.137, 0.126, 0.116, 0.109, 0.095, 0.084, 0.079, 0.07, 0.059, 0.055, 0.05, 0.048, 0.05, 0.052, 0.046, 0.044, 0.043, 0.036, 0.036, 0.037, 0.033, 0.033, 0.032, 0.031, 0.029, 0.031, 0.028, 0.025, 0.025, 0.027, 0.026, 0.023, 0.023, 0.024, 0.023, 0.024, 0.024, 0.024, 0.022, 0.021, 0.02, 0.02, 0.02, 0.021, 0.023, 0.02, 0.019, 0.02, 0.02, 0.019, 0.019, 0.018, 0.018, 0.018, 0.016, 0.016, 0.016, 0.017, 0.016, 0.015, 0.017, 0.02, 0.017, 0.015, 0.015, 0.014, 0.014, 0.015, 0.014, 0.013, 0.013, 0.014, 0.015, 0.014, 0.014, 0.013, 0.014, 0.014, 0.014, 0.014, 0.014, 0.016, 0.017, 0.017, 0.016, 0.014, 0.013, 0.012, 0.012, 0.011, 0.012, 0.01, 0.01, 0.01, 0.011, 0.01, 0.01, 0.011, 0.011, 0.012, 0.012, 0.011, 0.011]
Max test score: 0.843 found at epoch: 98
Max test score shapes: 0.793 found at epoch: 98
Avg generalisation ratio: 0.838
Avg generalisation diff: 0.123