seed 42
FullySupervisedPercentage: 0
logic loss multiplier: 0.01
Active:  BBox loss [True, False, 1] [True, 0.2] [False, 1] linear True False 
Active: MinSizeBackgroundloss True 1 

Test Scores: [0.316, 0.325, 0.373, 0.438, 0.476, 0.539, 0.577, 0.646, 0.673, 0.694, 0.669, 0.723, 0.671, 0.763, 0.665, 0.642, 0.761, 0.67, 0.707, 0.715, 0.731, 0.689, 0.664, 0.716, 0.753, 0.768, 0.675, 0.756, 0.762, 0.756, 0.731, 0.775, 0.733, 0.747, 0.765, 0.757, 0.728, 0.734, 0.731, 0.762, 0.75, 0.766, 0.782, 0.741, 0.765, 0.761, 0.774, 0.773, 0.787, 0.792, 0.771, 0.813, 0.786, 0.809, 0.803, 0.794, 0.809, 0.775, 0.802, 0.769, 0.761, 0.785, 0.78, 0.792, 0.794, 0.807, 0.754, 0.793, 0.808, 0.803, 0.778, 0.798, 0.751, 0.777, 0.8, 0.756, 0.786, 0.797, 0.812, 0.794, 0.777, 0.781, 0.81, 0.812, 0.797, 0.802, 0.808, 0.822, 0.806, 0.802, 0.802, 0.809, 0.797, 0.766, 0.779, 0.77, 0.819, 0.803, 0.78, 0.788, 0.787, 0.786, 0.796, 0.802, 0.794, 0.788, 0.78, 0.793, 0.821, 0.802, 0.795, 0.795, 0.786, 0.815, 0.823, 0.794, 0.773, 0.764, 0.82, 0.812]
Test Scores w/o background: [0.114, 0.131, 0.186, 0.267, 0.312, 0.394, 0.442, 0.533, 0.568, 0.597, 0.564, 0.635, 0.565, 0.688, 0.557, 0.526, 0.685, 0.564, 0.613, 0.623, 0.644, 0.589, 0.556, 0.625, 0.673, 0.694, 0.57, 0.678, 0.686, 0.678, 0.645, 0.704, 0.647, 0.666, 0.69, 0.679, 0.641, 0.649, 0.645, 0.686, 0.67, 0.691, 0.712, 0.657, 0.69, 0.685, 0.703, 0.701, 0.719, 0.726, 0.698, 0.754, 0.717, 0.749, 0.741, 0.728, 0.748, 0.703, 0.739, 0.694, 0.685, 0.716, 0.709, 0.726, 0.728, 0.746, 0.675, 0.727, 0.747, 0.741, 0.707, 0.734, 0.671, 0.705, 0.736, 0.677, 0.717, 0.732, 0.753, 0.728, 0.706, 0.711, 0.75, 0.753, 0.732, 0.738, 0.747, 0.765, 0.744, 0.739, 0.739, 0.749, 0.733, 0.691, 0.708, 0.696, 0.762, 0.74, 0.709, 0.721, 0.718, 0.718, 0.731, 0.738, 0.728, 0.72, 0.71, 0.727, 0.765, 0.739, 0.73, 0.73, 0.718, 0.756, 0.767, 0.728, 0.701, 0.689, 0.763, 0.753]
Train Scores: [0.319, 0.332, 0.388, 0.478, 0.525, 0.613, 0.634, 0.74, 0.762, 0.762, 0.774, 0.792, 0.79, 0.821, 0.775, 0.784, 0.827, 0.783, 0.802, 0.821, 0.839, 0.796, 0.785, 0.826, 0.846, 0.853, 0.811, 0.844, 0.843, 0.839, 0.837, 0.856, 0.844, 0.845, 0.851, 0.826, 0.832, 0.837, 0.826, 0.858, 0.857, 0.854, 0.853, 0.817, 0.851, 0.846, 0.845, 0.855, 0.854, 0.857, 0.85, 0.87, 0.854, 0.859, 0.862, 0.864, 0.859, 0.846, 0.863, 0.863, 0.848, 0.858, 0.859, 0.872, 0.868, 0.866, 0.858, 0.853, 0.872, 0.883, 0.872, 0.864, 0.865, 0.84, 0.869, 0.833, 0.854, 0.856, 0.875, 0.868, 0.863, 0.858, 0.88, 0.881, 0.874, 0.879, 0.871, 0.879, 0.868, 0.872, 0.862, 0.876, 0.87, 0.865, 0.865, 0.851, 0.873, 0.877, 0.856, 0.864, 0.85, 0.868, 0.871, 0.871, 0.88, 0.861, 0.874, 0.855, 0.885, 0.874, 0.874, 0.886, 0.855, 0.878, 0.885, 0.857, 0.848, 0.854, 0.888, 0.881]
Train Scores w/o background: [0.118, 0.141, 0.206, 0.322, 0.377, 0.493, 0.518, 0.658, 0.687, 0.687, 0.704, 0.727, 0.724, 0.765, 0.704, 0.716, 0.772, 0.715, 0.74, 0.765, 0.789, 0.732, 0.717, 0.772, 0.798, 0.806, 0.751, 0.796, 0.794, 0.788, 0.785, 0.811, 0.796, 0.797, 0.805, 0.771, 0.779, 0.786, 0.771, 0.814, 0.812, 0.808, 0.808, 0.758, 0.805, 0.798, 0.797, 0.81, 0.808, 0.813, 0.803, 0.829, 0.809, 0.815, 0.818, 0.821, 0.815, 0.798, 0.819, 0.821, 0.801, 0.813, 0.816, 0.832, 0.827, 0.824, 0.813, 0.807, 0.832, 0.846, 0.831, 0.821, 0.823, 0.789, 0.829, 0.78, 0.808, 0.811, 0.836, 0.826, 0.82, 0.813, 0.842, 0.844, 0.835, 0.841, 0.83, 0.842, 0.827, 0.832, 0.818, 0.838, 0.83, 0.823, 0.822, 0.804, 0.833, 0.839, 0.81, 0.822, 0.803, 0.827, 0.831, 0.831, 0.843, 0.817, 0.834, 0.809, 0.849, 0.835, 0.835, 0.85, 0.81, 0.84, 0.849, 0.812, 0.8, 0.807, 0.853, 0.844]
Train Loss: [2.138, 1.692, 1.28, 0.998, 0.694, 0.506, 0.366, 0.236, 0.175, 0.137, 0.111, 0.091, 0.072, 0.058, 0.049, 0.04, 0.031, 0.023, 0.02, 0.015, 0.013, 0.01, 0.009, 0.008, 0.006, 0.005, 0.005, 0.004, 0.004, 0.004, 0.004, 0.003, 0.002, 0.002, 0.002, 0.002, 0.002, 0.002, 0.002, 0.002, 0.002, 0.002, 0.002, 0.003, 0.001, 0.001, 0.001, 0.002, 0.004, 0.001, 0.002, 0.001, 0.001, 0.001, 0.001, 0.001, 0.001, 0.001, 0.001, 0.001, 0.002, 0.001, 0.001, 0.002, 0.002, 0.001, 0.001, 0.001, 0.001, 0.001, 0.001, 0.001, 0.001, 0.001, 0.001, 0.001, 0.001, 0.001, 0.001, 0.001, 0.001, 0.001, 0.001, 0.001, 0.001, 0.001, 0.001, 0.001, 0.001, 0.001, 0.001, 0.001, 0.001, 0.001, 0.001, 0.001, 0.001, 0.0, 0.001, 0.003, 0.001, 0.001, 0.001, 0.001, 0.001, 0.001, 0.001, 0.002, 0.001, 0.002, 0.001, 0.0, 0.0, 0.0, 0.0, 0.0, 0.001, 0.001, 0.001, 0.001]
Max test score: 0.823 found at epoch: 115
Max test score shapes: 0.767 found at epoch: 115
Avg generalisation ratio: 0.866
Avg generalisation diff: 0.103