seed 42
FullySupervisedPercentage: 0
logic loss multiplier: 0.01
Active: ImageLevelloss True True False 2 
Active:  BBox loss [True, True, 1] [True, 0.2] [False, 1] linear True False 
Active: Scribblesloss True 1 
Active: MinSizeBackgroundloss True 1 
Active: MaxSizeBackgroundloss True 20 
Active: MinSizeShapesloss True 30 
Active: MaxSizeShapesloss True 1 
Active: Smoothnessloss True 100 

Test Scores: [0.231, 0.266, 0.288, 0.311, 0.353, 0.404, 0.427, 0.468, 0.525, 0.54, 0.548, 0.572, 0.616, 0.646, 0.641, 0.696, 0.697, 0.714, 0.718, 0.699, 0.734, 0.721, 0.74, 0.752, 0.748, 0.698, 0.688, 0.723, 0.796, 0.764, 0.798, 0.755, 0.746, 0.764, 0.8, 0.835, 0.774, 0.798, 0.801, 0.758, 0.772, 0.807, 0.788, 0.795, 0.781, 0.822, 0.807, 0.788, 0.767, 0.818, 0.812, 0.828, 0.837, 0.814, 0.818, 0.798, 0.814, 0.809, 0.815, 0.834, 0.781, 0.811, 0.784, 0.806, 0.816, 0.821, 0.831, 0.825, 0.825, 0.823, 0.814, 0.802, 0.798, 0.836, 0.838, 0.815, 0.833, 0.826, 0.829, 0.84, 0.809, 0.784, 0.819, 0.792, 0.827, 0.836, 0.812, 0.836, 0.838, 0.821, 0.801, 0.811, 0.839, 0.858, 0.852, 0.833, 0.796, 0.821, 0.811, 0.833, 0.822, 0.82, 0.814, 0.787, 0.838, 0.775, 0.806, 0.83, 0.835, 0.805, 0.803, 0.844, 0.824, 0.839, 0.816, 0.806, 0.814, 0.837, 0.836, 0.85]
Test Scores w/o background: [0.078, 0.101, 0.111, 0.132, 0.177, 0.235, 0.26, 0.308, 0.378, 0.397, 0.406, 0.437, 0.494, 0.533, 0.525, 0.599, 0.599, 0.621, 0.628, 0.602, 0.649, 0.632, 0.657, 0.672, 0.667, 0.599, 0.586, 0.634, 0.731, 0.688, 0.733, 0.676, 0.664, 0.687, 0.736, 0.782, 0.7, 0.733, 0.737, 0.68, 0.699, 0.745, 0.72, 0.729, 0.709, 0.765, 0.745, 0.72, 0.692, 0.76, 0.752, 0.772, 0.785, 0.754, 0.759, 0.732, 0.753, 0.747, 0.755, 0.781, 0.711, 0.75, 0.714, 0.744, 0.757, 0.764, 0.776, 0.768, 0.769, 0.766, 0.754, 0.738, 0.733, 0.783, 0.786, 0.755, 0.779, 0.77, 0.773, 0.789, 0.747, 0.714, 0.76, 0.724, 0.772, 0.783, 0.751, 0.784, 0.787, 0.763, 0.737, 0.75, 0.788, 0.813, 0.805, 0.779, 0.73, 0.764, 0.749, 0.78, 0.765, 0.762, 0.753, 0.718, 0.786, 0.702, 0.744, 0.775, 0.782, 0.742, 0.739, 0.794, 0.768, 0.787, 0.757, 0.743, 0.754, 0.785, 0.783, 0.801]
Train Scores: [0.243, 0.281, 0.318, 0.356, 0.409, 0.461, 0.488, 0.549, 0.611, 0.647, 0.642, 0.688, 0.718, 0.761, 0.79, 0.787, 0.796, 0.811, 0.807, 0.818, 0.807, 0.826, 0.832, 0.856, 0.842, 0.841, 0.826, 0.858, 0.882, 0.865, 0.879, 0.876, 0.883, 0.898, 0.89, 0.89, 0.883, 0.894, 0.887, 0.88, 0.891, 0.89, 0.893, 0.894, 0.903, 0.906, 0.9, 0.899, 0.892, 0.901, 0.905, 0.89, 0.91, 0.91, 0.909, 0.9, 0.911, 0.912, 0.912, 0.914, 0.905, 0.909, 0.861, 0.9, 0.906, 0.907, 0.914, 0.917, 0.919, 0.916, 0.908, 0.901, 0.889, 0.918, 0.915, 0.894, 0.909, 0.908, 0.921, 0.92, 0.918, 0.912, 0.908, 0.915, 0.906, 0.906, 0.921, 0.915, 0.915, 0.919, 0.922, 0.874, 0.924, 0.921, 0.925, 0.915, 0.917, 0.923, 0.92, 0.918, 0.916, 0.905, 0.919, 0.922, 0.925, 0.895, 0.912, 0.917, 0.922, 0.905, 0.918, 0.919, 0.913, 0.923, 0.924, 0.913, 0.918, 0.917, 0.93, 0.922]
Train Scores w/o background: [0.091, 0.12, 0.15, 0.192, 0.251, 0.311, 0.342, 0.416, 0.493, 0.541, 0.532, 0.592, 0.628, 0.686, 0.725, 0.719, 0.732, 0.751, 0.746, 0.761, 0.746, 0.771, 0.779, 0.811, 0.792, 0.791, 0.771, 0.813, 0.845, 0.823, 0.841, 0.837, 0.847, 0.867, 0.856, 0.855, 0.846, 0.861, 0.851, 0.842, 0.857, 0.855, 0.86, 0.861, 0.872, 0.877, 0.869, 0.868, 0.858, 0.87, 0.875, 0.855, 0.882, 0.881, 0.88, 0.868, 0.884, 0.885, 0.885, 0.888, 0.876, 0.881, 0.816, 0.868, 0.876, 0.878, 0.888, 0.891, 0.894, 0.89, 0.879, 0.87, 0.854, 0.893, 0.888, 0.86, 0.881, 0.879, 0.897, 0.896, 0.892, 0.885, 0.88, 0.888, 0.877, 0.876, 0.896, 0.888, 0.889, 0.894, 0.898, 0.834, 0.901, 0.896, 0.902, 0.888, 0.892, 0.899, 0.896, 0.893, 0.889, 0.875, 0.894, 0.898, 0.902, 0.862, 0.885, 0.891, 0.898, 0.875, 0.893, 0.894, 0.885, 0.899, 0.9, 0.886, 0.893, 0.891, 0.908, 0.898]
Train Loss: [5.497, 4.548, 3.685, 3.023, 2.443, 1.971, 1.694, 1.441, 1.232, 1.055, 0.921, 0.823, 0.718, 0.629, 0.548, 0.469, 0.409, 0.364, 0.318, 0.271, 0.237, 0.214, 0.176, 0.149, 0.133, 0.12, 0.116, 0.103, 0.093, 0.084, 0.077, 0.071, 0.072, 0.066, 0.065, 0.068, 0.06, 0.057, 0.055, 0.052, 0.049, 0.052, 0.047, 0.043, 0.044, 0.048, 0.044, 0.045, 0.043, 0.045, 0.044, 0.042, 0.042, 0.04, 0.039, 0.04, 0.038, 0.036, 0.038, 0.041, 0.042, 0.037, 0.034, 0.037, 0.034, 0.033, 0.031, 0.029, 0.03, 0.03, 0.029, 0.033, 0.029, 0.03, 0.03, 0.028, 0.029, 0.027, 0.028, 0.028, 0.03, 0.031, 0.031, 0.03, 0.029, 0.028, 0.026, 0.027, 0.026, 0.026, 0.024, 0.026, 0.026, 0.026, 0.025, 0.024, 0.024, 0.024, 0.023, 0.023, 0.024, 0.023, 0.025, 0.023, 0.024, 0.023, 0.022, 0.021, 0.026, 0.025, 0.031, 0.028, 0.023, 0.023, 0.022, 0.023, 0.023, 0.021, 0.021, 0.02]
Max test score: 0.858 found at epoch: 94
Max test score shapes: 0.813 found at epoch: 94
Avg generalisation ratio: 0.84
Avg generalisation diff: 0.125