Active: Arealoss True False 1 10 False 
Active: Adjacencyloss True True 30 0.0001 True 
Active: Relationsloss True 2 False 0.1 
Active: OneHotloss True 10 
Active: MinSizeBackgroundloss True 1 

Test Scores: [0.142, 0.186, 0.187, 0.2, 0.203, 0.201, 0.21, 0.247, 0.279, 0.269, 0.285, 0.259, 0.217, 0.214, 0.207, 0.212, 0.209, 0.211, 0.189, 0.195, 0.173, 0.205, 0.195, 0.24, 0.195, 0.211, 0.186, 0.208, 0.21, 0.231, 0.19, 0.219, 0.205, 0.199, 0.209, 0.199, 0.209, 0.226, 0.194, 0.206, 0.212, 0.214, 0.226, 0.191, 0.237, 0.208, 0.238, 0.223, 0.215, 0.232, 0.195, 0.229, 0.224, 0.222, 0.214, 0.2, 0.227, 0.24, 0.227, 0.223, 0.247, 0.234, 0.235, 0.218, 0.229, 0.229, 0.233, 0.242, 0.249, 0.247, 0.281, 0.268, 0.255, 0.263, 0.274, 0.263, 0.284, 0.275, 0.282, 0.278, 0.265, 0.282, 0.314, 0.311, 0.329, 0.319, 0.316, 0.277, 0.275, 0.276, 0.274, 0.282, 0.289, 0.306, 0.354, 0.338, 0.31, 0.319, 0.356, 0.347, 0.386, 0.375, 0.344, 0.361, 0.342, 0.343, 0.366, 0.381, 0.37, 0.353, 0.344, 0.367, 0.411, 0.399, 0.406, 0.394, 0.393, 0.427, 0.4, 0.375, 0.355, 0.378, 0.364, 0.389, 0.428, 0.392, 0.403, 0.388, 0.387, 0.387, 0.422, 0.437, 0.425, 0.449, 0.468, 0.468, 0.432, 0.399, 0.41, 0.393, 0.411, 0.397, 0.399, 0.408, 0.419, 0.443, 0.405, 0.427, 0.402, 0.369, 0.407, 0.389, 0.406, 0.421, 0.426, 0.443, 0.42, 0.426, 0.433, 0.423, 0.433, 0.421, 0.394, 0.39, 0.397, 0.418, 0.413, 0.41, 0.416, 0.422, 0.404, 0.41, 0.401, 0.417, 0.412, 0.41, 0.397, 0.401, 0.404, 0.43, 0.419, 0.417, 0.417, 0.427, 0.435, 0.416, 0.401, 0.41, 0.4, 0.412, 0.434, 0.422, 0.398, 0.41, 0.424, 0.422, 0.413, 0.427, 0.413, 0.405, 0.413, 0.394, 0.41, 0.395, 0.404, 0.371, 0.392, 0.394, 0.383, 0.389, 0.397, 0.397, 0.407, 0.383, 0.384, 0.379, 0.394, 0.406, 0.391, 0.383]
Test Scores w/o background: [0.032, 0.055, 0.05, 0.06, 0.062, 0.056, 0.049, 0.063, 0.073, 0.048, 0.073, 0.043, 0.02, 0.022, 0.018, 0.02, 0.018, 0.018, 0.016, 0.021, 0.016, 0.022, 0.019, 0.065, 0.025, 0.036, 0.028, 0.035, 0.046, 0.05, 0.026, 0.048, 0.033, 0.028, 0.035, 0.036, 0.038, 0.043, 0.03, 0.032, 0.03, 0.031, 0.039, 0.025, 0.047, 0.027, 0.05, 0.037, 0.039, 0.041, 0.025, 0.053, 0.032, 0.032, 0.038, 0.046, 0.04, 0.052, 0.053, 0.035, 0.048, 0.046, 0.044, 0.043, 0.047, 0.044, 0.044, 0.039, 0.049, 0.062, 0.08, 0.067, 0.06, 0.066, 0.063, 0.067, 0.09, 0.071, 0.075, 0.084, 0.067, 0.077, 0.12, 0.111, 0.137, 0.129, 0.122, 0.079, 0.069, 0.066, 0.069, 0.07, 0.083, 0.104, 0.166, 0.146, 0.111, 0.118, 0.165, 0.154, 0.202, 0.187, 0.149, 0.171, 0.147, 0.146, 0.177, 0.195, 0.183, 0.163, 0.153, 0.18, 0.236, 0.221, 0.229, 0.213, 0.21, 0.253, 0.22, 0.189, 0.162, 0.192, 0.173, 0.206, 0.255, 0.209, 0.225, 0.206, 0.205, 0.206, 0.247, 0.268, 0.251, 0.283, 0.308, 0.308, 0.261, 0.219, 0.233, 0.209, 0.232, 0.216, 0.218, 0.23, 0.245, 0.276, 0.228, 0.256, 0.224, 0.181, 0.229, 0.204, 0.228, 0.247, 0.256, 0.276, 0.246, 0.254, 0.263, 0.25, 0.262, 0.248, 0.213, 0.208, 0.217, 0.243, 0.235, 0.233, 0.24, 0.249, 0.225, 0.233, 0.221, 0.243, 0.236, 0.233, 0.216, 0.221, 0.225, 0.26, 0.245, 0.243, 0.243, 0.256, 0.267, 0.241, 0.221, 0.233, 0.22, 0.235, 0.264, 0.248, 0.217, 0.233, 0.252, 0.249, 0.237, 0.255, 0.237, 0.227, 0.238, 0.212, 0.234, 0.214, 0.225, 0.183, 0.21, 0.213, 0.198, 0.206, 0.216, 0.217, 0.23, 0.199, 0.199, 0.193, 0.213, 0.228, 0.208, 0.198]
Train Scores: [0.146, 0.196, 0.199, 0.208, 0.211, 0.21, 0.223, 0.269, 0.282, 0.287, 0.291, 0.278, 0.222, 0.216, 0.214, 0.219, 0.216, 0.216, 0.2, 0.205, 0.186, 0.218, 0.203, 0.237, 0.206, 0.224, 0.202, 0.22, 0.226, 0.256, 0.206, 0.23, 0.214, 0.216, 0.224, 0.219, 0.23, 0.24, 0.212, 0.217, 0.229, 0.232, 0.24, 0.206, 0.255, 0.226, 0.266, 0.241, 0.229, 0.244, 0.211, 0.242, 0.23, 0.235, 0.236, 0.228, 0.244, 0.257, 0.251, 0.241, 0.252, 0.243, 0.246, 0.245, 0.255, 0.241, 0.242, 0.255, 0.27, 0.267, 0.308, 0.278, 0.277, 0.282, 0.284, 0.284, 0.312, 0.29, 0.291, 0.284, 0.277, 0.299, 0.324, 0.334, 0.342, 0.332, 0.329, 0.287, 0.288, 0.29, 0.292, 0.291, 0.299, 0.324, 0.385, 0.367, 0.34, 0.342, 0.376, 0.369, 0.415, 0.387, 0.346, 0.375, 0.36, 0.356, 0.399, 0.408, 0.397, 0.369, 0.353, 0.384, 0.436, 0.446, 0.447, 0.427, 0.453, 0.494, 0.434, 0.405, 0.382, 0.411, 0.399, 0.425, 0.466, 0.435, 0.46, 0.436, 0.418, 0.436, 0.443, 0.474, 0.468, 0.494, 0.511, 0.507, 0.471, 0.434, 0.448, 0.435, 0.451, 0.431, 0.435, 0.442, 0.45, 0.493, 0.438, 0.465, 0.45, 0.392, 0.451, 0.434, 0.447, 0.465, 0.439, 0.473, 0.464, 0.462, 0.47, 0.462, 0.482, 0.457, 0.427, 0.417, 0.432, 0.459, 0.461, 0.448, 0.463, 0.473, 0.447, 0.457, 0.444, 0.462, 0.455, 0.456, 0.439, 0.445, 0.446, 0.471, 0.465, 0.463, 0.462, 0.476, 0.478, 0.459, 0.444, 0.45, 0.443, 0.456, 0.472, 0.46, 0.434, 0.449, 0.459, 0.459, 0.451, 0.466, 0.453, 0.442, 0.454, 0.432, 0.446, 0.435, 0.438, 0.409, 0.429, 0.431, 0.42, 0.428, 0.434, 0.434, 0.444, 0.421, 0.422, 0.419, 0.432, 0.446, 0.432, 0.423]
Train Scores w/o background: [0.033, 0.063, 0.058, 0.066, 0.067, 0.06, 0.058, 0.088, 0.072, 0.07, 0.078, 0.065, 0.025, 0.025, 0.023, 0.027, 0.026, 0.022, 0.023, 0.028, 0.021, 0.031, 0.026, 0.065, 0.028, 0.048, 0.039, 0.049, 0.061, 0.074, 0.041, 0.06, 0.046, 0.044, 0.051, 0.056, 0.057, 0.06, 0.046, 0.046, 0.048, 0.052, 0.056, 0.041, 0.067, 0.045, 0.08, 0.056, 0.058, 0.059, 0.039, 0.069, 0.044, 0.05, 0.063, 0.07, 0.063, 0.076, 0.08, 0.054, 0.059, 0.059, 0.061, 0.072, 0.078, 0.06, 0.063, 0.055, 0.074, 0.089, 0.115, 0.082, 0.087, 0.089, 0.078, 0.096, 0.128, 0.092, 0.089, 0.096, 0.084, 0.098, 0.138, 0.141, 0.156, 0.147, 0.139, 0.092, 0.087, 0.084, 0.09, 0.083, 0.096, 0.128, 0.206, 0.182, 0.151, 0.149, 0.191, 0.183, 0.241, 0.203, 0.153, 0.191, 0.171, 0.164, 0.221, 0.231, 0.219, 0.185, 0.166, 0.203, 0.267, 0.281, 0.284, 0.256, 0.288, 0.341, 0.265, 0.229, 0.199, 0.235, 0.22, 0.253, 0.304, 0.264, 0.299, 0.268, 0.245, 0.268, 0.275, 0.315, 0.307, 0.342, 0.365, 0.358, 0.312, 0.263, 0.281, 0.264, 0.285, 0.259, 0.265, 0.274, 0.285, 0.341, 0.27, 0.305, 0.286, 0.211, 0.287, 0.263, 0.281, 0.304, 0.271, 0.315, 0.303, 0.3, 0.31, 0.299, 0.326, 0.294, 0.255, 0.242, 0.261, 0.296, 0.298, 0.282, 0.302, 0.314, 0.281, 0.294, 0.277, 0.301, 0.292, 0.292, 0.27, 0.278, 0.28, 0.312, 0.305, 0.302, 0.3, 0.318, 0.321, 0.296, 0.276, 0.285, 0.275, 0.292, 0.313, 0.297, 0.264, 0.283, 0.297, 0.296, 0.286, 0.305, 0.289, 0.274, 0.291, 0.262, 0.279, 0.265, 0.269, 0.232, 0.258, 0.26, 0.246, 0.257, 0.264, 0.264, 0.277, 0.247, 0.248, 0.245, 0.261, 0.279, 0.261, 0.249]
Train Loss: [190.31, 149.742, 124.375, 109.887, 98.165, 87.607, 78.308, 69.876, 61.994, 54.897, 48.022, 41.424, 36.606, 35.193, 30.106, 26.286, 23.693, 20.531, 17.537, 16.994, 12.977, 12.25, 11.837, 11.188, 9.436, 7.454, 8.177, 5.269, 5.245, 4.698, 4.195, 3.902, 3.69, 3.37, 2.837, 2.53, 3.742, 4.133, 3.126, 4.563, 4.055, 2.214, 3.89, 5.162, 3.76, 8.779, 3.79, 4.869, 5.439, 4.932, 13.733, 5.689, 3.023, 8.761, 4.935, 3.195, 8.336, 4.502, 6.461, 10.734, 4.021, 3.59, 8.587, 10.543, 6.742, 8.587, 6.369, 13.215, 7.522, 5.702, 5.714, 5.853, 4.377, 4.776, 8.981, 15.511, 6.329, 4.453, 5.884, 11.014, 5.49, 7.825, 6.692, 7.518, 6.023, 6.606, 5.8, 9.643, 10.215, 6.979, 5.298, 6.516, 6.139, 7.222, 8.661, 6.125, 5.64, 5.899, 7.711, 7.088, 7.114, 4.891, 7.278, 6.17, 5.245, 3.299, 4.682, inf, 4.526, 5.909, 6.899, 5.759, 4.691, 9.206, 3.954, 2.594, 2.472, 6.477, 10.577, 5.871, 4.756, 5.463, 4.167, 3.702, 7.293, 4.081, 4.012, 5.544, 4.925, 2.654, 4.168, 3.796, 2.925, 1.695, 3.319, 1.715, 3.473, 4.32, 4.78, 6.771, 4.731, 5.04, 2.641, 2.831, 2.534, 4.666, 4.842, 9.559, 4.815, 4.522, 7.216, 6.129, 3.376, 1.678, 1.663, 3.721, 2.073, 1.953, 4.962, 1.477, 0.718, 0.751, 3.088, 3.771, 3.027, 1.233, 4.792, 3.785, 4.336, 1.111, 1.719, 2.241, 2.011, 1.286, 0.58, 0.448, 0.422, 0.471, 0.332, 0.219, 0.27, 0.302, 0.295, 0.162, 0.098, 0.118, 0.152, 0.155, 0.085, 0.063, 0.022, 0.08, 0.167, 0.237, 0.229, 0.069, 0.066, 0.051, 0.146, 0.122, 0.012, 0.237, 0.306, 0.183, 0.35, 0.183, 0.142, 0.223, 0.179, 0.084, 0.057, 0.059, 0.254, 0.14, 0.254, 0.352, 0.175, 0.238, 0.149, 0.314]
Test Loss: [185.026, 146.33, 122.547, 108.254, 96.576, 86.422, 77.094, 69.137, 61.739, 55.229, 48.696, 42.494, 40.299, 41.757, 40.314, 37.139, 39.035, 38.836, 33.82, 33.87, 31.483, 36.043, 30.662, 32.227, 33.501, 37.38, 40.699, 32.906, 35.545, 37.158, 45.305, 41.325, 31.883, 42.572, 37.451, 43.429, 39.904, 49.027, 33.847, 54.032, 46.245, 53.138, 55.144, 54.299, 34.115, 65.625, 43.436, 42.9, 52.466, 60.999, 58.521, 40.94, 41.882, 60.208, 49.312, 33.559, 53.636, 40.362, 38.549, 84.184, 43.926, 41.667, 67.846, 56.32, 50.758, 49.398, 42.479, 59.627, 36.416, 50.467, 43.32, 54.804, 47.905, 25.125, 47.664, 48.318, 31.705, 30.045, 34.396, 37.874, 33.548, 30.572, 34.004, 31.925, 23.566, 23.608, 27.692, 31.137, 32.198, 23.695, 18.976, 17.151, 24.701, 31.218, 28.37, 17.164, 20.498, 30.933, 29.427, 25.051, 26.985, 15.175, 21.035, 16.428, 14.146, 14.674, 17.092, 17.949, 14.574, 16.841, 17.923, 25.85, 20.912, 15.99, 14.017, inf, 12.191, 19.651, 20.275, 18.507, 15.866, 17.033, 17.777, 18.007, 22.026, 20.705, 22.925, 18.654, 23.543, 12.571, 15.335, 18.064, 16.931, 13.755, 14.634, 15.29, 13.986, 19.308, 20.335, 16.096, 18.627, 17.723, 13.072, 17.455, 8.341, 15.178, 16.986, 24.841, 16.933, 14.266, 18.409, 20.661, 13.424, 12.207, 10.3, 19.46, 13.882, 19.436, 15.287, 12.755, 8.363, 11.781, 19.1, 16.262, 15.801, 7.609, 20.23, 14.634, 18.179, 13.159, 14.211, 17.751, 18.489, 16.818, 13.824, 13.323, 14.756, 16.364, 17.432, 16.332, 18.127, 18.602, 19.42, 20.39, 20.082, 19.962, 22.115, 22.624, 21.926, 23.225, 23.026, 23.105, 22.668, 23.745, 23.318, 23.411, 21.903, 21.946, 23.956, 24.45, 22.776, 23.887, 27.642, 28.809, 27.671, 24.738, 26.617, 29.349, 26.587, 27.264, 28.882, 28.493, 26.872, 27.029, 30.349, 28.633, 26.34, 26.331, 25.968, 27.868]
Max test score: 0.468 found at epoch: 136
Max test score shapes: 0.308 found at epoch: 136
