Active: ImageLevelloss True True False 0.2 
Active: Adjacencyloss True True 30 0.0001 True 
Active: Relationsloss True 2 False 0.1 
Active: OneHotloss True 10 
Active: MinSizeBackgroundloss True 1 

Test Scores: [0.081, 0.214, 0.237, 0.235, 0.235, 0.214, 0.209, 0.259, 0.249, 0.248, 0.251, 0.255, 0.246, 0.257, 0.252, 0.244, 0.245, 0.25, 0.258, 0.254, 0.252, 0.247, 0.258, 0.253, 0.256, 0.244, 0.261, 0.25, 0.244, 0.244, 0.257, 0.255, 0.251, 0.254, 0.263, 0.252, 0.253, 0.244, 0.265, 0.263, 0.255, 0.273, 0.269, 0.28, 0.277, 0.286, 0.275, 0.277, 0.284, 0.294, 0.284, 0.306, 0.332, 0.342, 0.348, 0.337, 0.379, 0.37, 0.387, 0.388, 0.421, 0.418, 0.454, 0.429, 0.446, 0.465, 0.487, 0.509, 0.492, 0.488, 0.494, 0.49, 0.507, 0.503, 0.494, 0.504, 0.513, 0.528, 0.504, 0.534, 0.493, 0.531, 0.511, 0.506, 0.544, 0.511, 0.545, 0.53, 0.545, 0.53, 0.508, 0.54, 0.531, 0.533, 0.514, 0.528, 0.544, 0.556, 0.51, 0.531, 0.561, 0.555, 0.555, 0.553, 0.54, 0.563, 0.56, 0.57, 0.554, 0.543, 0.553, 0.557, 0.58, 0.551, 0.585, 0.58, 0.559, 0.552, 0.571, 0.581, 0.536, 0.566, 0.581, 0.563, 0.571, 0.558, 0.58, 0.525, 0.564, 0.516, 0.578, 0.552, 0.558, 0.551, 0.569, 0.579, 0.567, 0.586, 0.546, 0.557, 0.574, 0.578, 0.559, 0.587, 0.545, 0.552, 0.586, 0.577, 0.575, 0.572, 0.542, 0.554, 0.555, 0.577, 0.563, 0.565, 0.554, 0.579, 0.584, 0.547, 0.568, 0.588, 0.562, 0.565, 0.569, 0.561, 0.567, 0.573, 0.554, 0.558, 0.56, 0.568, 0.57, 0.558, 0.562, 0.562, 0.573, 0.572, 0.558, 0.555, 0.557, 0.574, 0.561, 0.564, 0.573, 0.581, 0.568, 0.566, 0.559, 0.577, 0.542, 0.554, 0.585, 0.572, 0.57, 0.556, 0.58, 0.559, 0.543, 0.578, 0.571, 0.567, 0.562, 0.55, 0.554, 0.586, 0.579, 0.557, 0.573, 0.561, 0.569, 0.57, 0.57, 0.578, 0.576, 0.568, 0.573, 0.569, 0.555, 0.564]
Test Scores w/o background: [0.044, 0.059, 0.068, 0.083, 0.09, 0.066, 0.045, 0.034, 0.022, 0.02, 0.023, 0.028, 0.017, 0.031, 0.026, 0.016, 0.017, 0.023, 0.032, 0.027, 0.025, 0.019, 0.032, 0.027, 0.029, 0.015, 0.036, 0.023, 0.014, 0.014, 0.032, 0.029, 0.023, 0.027, 0.038, 0.025, 0.026, 0.016, 0.04, 0.038, 0.027, 0.05, 0.047, 0.059, 0.057, 0.069, 0.059, 0.061, 0.07, 0.081, 0.074, 0.1, 0.132, 0.143, 0.152, 0.136, 0.194, 0.185, 0.201, 0.204, 0.245, 0.24, 0.287, 0.253, 0.274, 0.301, 0.329, 0.359, 0.334, 0.33, 0.338, 0.333, 0.356, 0.349, 0.337, 0.35, 0.362, 0.382, 0.351, 0.39, 0.336, 0.387, 0.361, 0.353, 0.405, 0.36, 0.405, 0.384, 0.406, 0.385, 0.356, 0.398, 0.386, 0.389, 0.364, 0.382, 0.404, 0.419, 0.358, 0.385, 0.426, 0.417, 0.418, 0.415, 0.397, 0.428, 0.424, 0.437, 0.416, 0.402, 0.415, 0.421, 0.451, 0.413, 0.456, 0.45, 0.423, 0.413, 0.439, 0.452, 0.391, 0.433, 0.452, 0.429, 0.439, 0.421, 0.451, 0.377, 0.429, 0.365, 0.448, 0.414, 0.421, 0.411, 0.436, 0.45, 0.434, 0.459, 0.406, 0.42, 0.443, 0.449, 0.422, 0.46, 0.405, 0.413, 0.459, 0.446, 0.444, 0.44, 0.4, 0.416, 0.418, 0.447, 0.428, 0.431, 0.416, 0.45, 0.456, 0.406, 0.435, 0.461, 0.426, 0.431, 0.436, 0.425, 0.433, 0.441, 0.417, 0.421, 0.425, 0.435, 0.438, 0.421, 0.427, 0.426, 0.442, 0.44, 0.422, 0.418, 0.42, 0.442, 0.426, 0.43, 0.441, 0.453, 0.435, 0.433, 0.423, 0.447, 0.4, 0.417, 0.457, 0.441, 0.438, 0.418, 0.45, 0.422, 0.402, 0.449, 0.439, 0.434, 0.426, 0.411, 0.416, 0.458, 0.449, 0.42, 0.441, 0.425, 0.437, 0.438, 0.438, 0.448, 0.446, 0.435, 0.442, 0.437, 0.417, 0.429]
Train Scores: [0.067, 0.222, 0.243, 0.244, 0.243, 0.214, 0.209, 0.261, 0.251, 0.25, 0.253, 0.26, 0.25, 0.258, 0.253, 0.246, 0.246, 0.248, 0.255, 0.253, 0.25, 0.247, 0.258, 0.254, 0.256, 0.247, 0.26, 0.25, 0.247, 0.246, 0.254, 0.25, 0.247, 0.249, 0.257, 0.249, 0.252, 0.238, 0.257, 0.255, 0.253, 0.264, 0.264, 0.274, 0.279, 0.287, 0.271, 0.282, 0.297, 0.317, 0.302, 0.333, 0.348, 0.367, 0.366, 0.372, 0.398, 0.377, 0.411, 0.407, 0.44, 0.449, 0.464, 0.465, 0.495, 0.498, 0.519, 0.523, 0.535, 0.539, 0.547, 0.536, 0.543, 0.561, 0.553, 0.564, 0.568, 0.561, 0.556, 0.573, 0.552, 0.56, 0.568, 0.563, 0.572, 0.565, 0.583, 0.579, 0.573, 0.558, 0.552, 0.593, 0.579, 0.582, 0.562, 0.585, 0.574, 0.589, 0.561, 0.575, 0.587, 0.59, 0.57, 0.587, 0.584, 0.589, 0.611, 0.602, 0.601, 0.59, 0.612, 0.602, 0.607, 0.59, 0.609, 0.614, 0.606, 0.603, 0.604, 0.611, 0.612, 0.612, 0.625, 0.615, 0.607, 0.6, 0.611, 0.593, 0.597, 0.593, 0.611, 0.607, 0.599, 0.607, 0.614, 0.611, 0.607, 0.595, 0.587, 0.598, 0.606, 0.603, 0.607, 0.609, 0.594, 0.61, 0.612, 0.611, 0.61, 0.617, 0.6, 0.614, 0.605, 0.608, 0.608, 0.612, 0.614, 0.619, 0.62, 0.604, 0.615, 0.629, 0.6, 0.614, 0.613, 0.604, 0.631, 0.611, 0.608, 0.617, 0.613, 0.618, 0.62, 0.618, 0.616, 0.618, 0.619, 0.616, 0.614, 0.617, 0.619, 0.615, 0.616, 0.619, 0.623, 0.623, 0.617, 0.621, 0.608, 0.622, 0.608, 0.612, 0.617, 0.622, 0.62, 0.614, 0.614, 0.616, 0.602, 0.618, 0.62, 0.613, 0.619, 0.609, 0.614, 0.623, 0.624, 0.61, 0.606, 0.617, 0.623, 0.617, 0.62, 0.615, 0.625, 0.613, 0.622, 0.618, 0.608, 0.612]
Train Scores w/o background: [0.025, 0.063, 0.071, 0.091, 0.099, 0.068, 0.043, 0.035, 0.023, 0.021, 0.025, 0.033, 0.021, 0.032, 0.025, 0.017, 0.017, 0.02, 0.028, 0.025, 0.022, 0.018, 0.031, 0.026, 0.029, 0.017, 0.034, 0.021, 0.018, 0.016, 0.026, 0.021, 0.017, 0.02, 0.029, 0.02, 0.024, 0.008, 0.03, 0.028, 0.025, 0.038, 0.041, 0.052, 0.059, 0.07, 0.053, 0.068, 0.086, 0.112, 0.098, 0.137, 0.154, 0.18, 0.179, 0.185, 0.22, 0.196, 0.234, 0.23, 0.272, 0.282, 0.3, 0.302, 0.34, 0.345, 0.371, 0.378, 0.392, 0.398, 0.408, 0.393, 0.403, 0.426, 0.416, 0.43, 0.435, 0.427, 0.419, 0.442, 0.414, 0.425, 0.436, 0.428, 0.441, 0.431, 0.456, 0.45, 0.442, 0.421, 0.414, 0.468, 0.45, 0.455, 0.428, 0.458, 0.443, 0.463, 0.427, 0.445, 0.46, 0.464, 0.438, 0.46, 0.455, 0.462, 0.492, 0.48, 0.479, 0.463, 0.494, 0.48, 0.487, 0.464, 0.489, 0.496, 0.485, 0.481, 0.483, 0.492, 0.493, 0.493, 0.51, 0.497, 0.487, 0.477, 0.492, 0.468, 0.474, 0.468, 0.492, 0.487, 0.476, 0.486, 0.496, 0.492, 0.486, 0.471, 0.46, 0.474, 0.485, 0.481, 0.487, 0.49, 0.469, 0.491, 0.494, 0.491, 0.49, 0.499, 0.477, 0.496, 0.484, 0.487, 0.489, 0.494, 0.496, 0.503, 0.505, 0.483, 0.497, 0.516, 0.477, 0.496, 0.494, 0.483, 0.518, 0.491, 0.488, 0.5, 0.494, 0.501, 0.504, 0.502, 0.499, 0.502, 0.502, 0.499, 0.496, 0.5, 0.503, 0.497, 0.499, 0.503, 0.508, 0.508, 0.5, 0.505, 0.487, 0.507, 0.488, 0.494, 0.5, 0.506, 0.504, 0.496, 0.496, 0.499, 0.479, 0.501, 0.504, 0.495, 0.503, 0.489, 0.496, 0.507, 0.509, 0.49, 0.485, 0.5, 0.508, 0.5, 0.504, 0.497, 0.51, 0.495, 0.507, 0.501, 0.488, 0.493]
Train Loss: [101.218, 74.946, 61.239, 53.045, 46.376, 40.564, 35.496, 30.691, 25.94, 21.269, 17.316, 15.924, 14.792, 13.697, 12.679, 11.804, 11.16, 10.395, 9.756, 10.107, 9.525, 8.831, 9.091, 8.642, 8.864, 8.47, 8.404, 8.433, 7.999, 8.045, 8.024, 7.828, 7.846, 7.18, 6.847, 6.579, 6.292, 6.168, 6.019, 5.657, 5.513, 5.569, 5.435, 5.436, 4.887, 4.834, 4.818, 4.441, 4.51, 4.346, 4.782, 3.33, 3.335, 3.164, 2.617, 2.791, 2.444, 2.675, 2.234, 1.56, 1.367, 1.196, 1.031, 0.879, 0.69, 0.737, 0.524, 0.34, 0.523, 0.163, 0.254, 0.19, 0.179, 0.309, 0.336, 0.353, 0.421, 0.566, 0.348, 0.475, 0.316, 0.498, 0.225, 0.236, 0.455, 0.506, 0.421, 0.645, 0.482, 0.43, 0.423, 0.339, 0.326, 0.253, 0.141, 0.477, 0.285, 0.238, 0.332, 0.651, 0.399, 0.255, 0.451, 0.284, 0.23, 0.457, 0.276, 0.092, 0.092, 0.432, 0.225, 0.097, 0.128, 0.052, 0.058, 0.109, 0.138, 0.394, 0.588, 0.344, 0.166, 0.017, 0.179, 0.021, 0.223, 0.017, 0.358, 0.187, 0.081, 0.019, 0.024, 0.109, 0.302, 0.034, 0.039, 0.021, 0.104, 0.148, 0.027, 0.666, 0.02, 0.056, 0.034, 0.015, 0.033, 0.017, 0.016, 0.029, 0.33, 0.163, 0.014, 0.217, 0.057, 0.251, 0.016, 0.152, 0.576, 0.54, 0.015, 0.015, 0.133, 0.266, 0.506, 0.446, 0.385, 0.263, 0.579, 0.03, 0.015, 0.023, 0.011, 0.01, 0.008, 0.008, 0.007, 0.007, 0.006, 0.006, 0.006, 0.006, 0.006, 0.005, 0.005, 0.005, 0.005, 0.005, 0.005, 0.005, 0.005, 0.004, 0.004, 0.005, 0.004, 0.004, 0.004, 0.004, 0.004, 0.004, 0.004, 0.004, 0.003, 0.003, 0.003, 0.003, 0.003, 0.003, 0.003, 0.003, 0.003, 0.003, 0.003, 0.003, 0.003, 0.003, 0.003, 0.003, 0.003, 0.003, 0.003, 0.003]
Test Loss: [100.114, 74.296, 61.539, 52.573, 45.956, 40.172, 35.15, 30.339, 25.569, 20.948, 16.885, 15.538, 14.45, 13.407, 12.522, 11.791, 11.792, 11.803, 10.988, 11.629, 11.845, 8.714, 10.812, 9.205, 9.064, 8.313, 9.64, 10.299, 8.515, 8.833, 9.972, 8.325, 9.768, 8.784, 8.806, 9.792, 9.999, 9.613, 10.367, 10.852, 10.423, 9.521, 11.895, 10.497, 9.846, 10.002, 9.337, 10.612, 9.844, 12.88, 9.633, 10.234, 10.031, 11.59, 7.974, 10.557, 8.972, 10.905, 10.189, 6.788, 6.443, 4.523, 6.13, 5.698, 5.13, 5.192, 5.051, 3.485, 3.931, 2.936, 4.049, 1.795, 1.984, 1.343, 4.267, 4.188, 6.346, 4.725, 9.285, 5.506, 3.551, 6.002, 4.016, 6.684, 9.639, 3.544, 5.77, 6.523, 7.195, 4.903, 4.801, 4.758, 7.245, 5.414, 4.291, 4.862, 11.724, 9.67, 4.899, 4.22, 6.593, 5.331, 2.17, 8.374, 5.958, 3.874, 5.075, 10.313, 1.208, 2.648, 5.383, 10.038, 10.728, 6.829, 3.634, 2.567, 2.383, 2.733, 2.289, 7.267, 3.833, 2.086, 2.159, 6.285, 6.493, 8.536, 4.436, 4.978, 9.465, 9.264, 4.367, 6.855, 7.313, 2.578, 13.223, 8.845, 7.969, 3.431, 5.889, 6.216, 2.512, 5.208, 12.862, 8.161, 8.498, 8.172, 6.678, 6.317, 2.908, 3.961, 4.499, 5.973, 5.685, 5.173, 6.017, 3.157, 3.113, 2.511, 8.168, 2.963, 0.754, 4.389, 3.529, 2.802, 3.154, 2.968, 7.597, 12.295, 5.901, 2.497, 3.22, 3.748, 3.753, 4.007, 3.487, 3.159, 3.405, 3.334, 3.295, 3.528, 3.766, 2.965, 4.144, 3.533, 3.663, 3.663, 4.383, 4.705, 4.076, 4.505, 4.66, 4.261, 4.493, 3.979, 5.174, 4.873, 4.761, 4.294, 4.921, 5.225, 4.889, 4.77, 4.087, 4.135, 4.957, 5.113, 5.103, 4.624, 5.853, 5.353, 5.195, 4.438, 5.255, 4.915, 4.105, 5.202, 5.213, 4.906, 4.901, 5.018]
Max test score: 0.588 found at epoch: 162
Max test score shapes: 0.461 found at epoch: 162
