Active: Arealoss True True 1 10 True 
Active: Adjacencyloss True True 30 0.0001 True 
Active: OneHotloss True 10 
Active: MinSizeBackgroundloss True 1 

Test Scores: [0.161, 0.182, 0.219, 0.268, 0.25, 0.263, 0.313, 0.287, 0.296, 0.271, 0.256, 0.26, 0.227, 0.231, 0.226, 0.245, 0.22, 0.219, 0.217, 0.215, 0.227, 0.232, 0.23, 0.24, 0.238, 0.259, 0.265, 0.276, 0.257, 0.275, 0.286, 0.278, 0.296, 0.306, 0.333, 0.332, 0.351, 0.359, 0.384, 0.361, 0.388, 0.371, 0.411, 0.403, 0.398, 0.379, 0.438, 0.451, 0.389, 0.391, 0.421, 0.431, 0.477, 0.429, 0.436, 0.395, 0.485, 0.475, 0.471, 0.456, 0.449, 0.465, 0.442, 0.426, 0.436, 0.434, 0.43, 0.477, 0.492, 0.43, 0.501, 0.471, 0.537, 0.451, 0.514, 0.498, 0.506, 0.509, 0.53, 0.531, 0.543, 0.541, 0.527, 0.546, 0.571, 0.559, 0.588, 0.561, 0.554, 0.574, 0.615, 0.599, 0.573, 0.613, 0.617, 0.599, 0.58, 0.565, 0.616, 0.569, 0.678, 0.609, 0.642, 0.645, 0.598, 0.663, 0.682, 0.606, 0.616, 0.625, 0.587, 0.586, 0.648, 0.673, 0.688, 0.665, 0.604, 0.708, 0.635, 0.686, 0.647, 0.653, 0.703, 0.719, 0.715, 0.727, 0.727, 0.744, 0.676, 0.691, 0.717, 0.649, 0.691, 0.678, 0.711, 0.696, 0.681, 0.72, 0.72, 0.691, 0.723, 0.668, 0.631, 0.681, 0.622, 0.664, 0.691, 0.675, 0.68, 0.664, 0.647, 0.643, 0.61, 0.668, 0.656, 0.644, 0.609, 0.634, 0.585, 0.664, 0.641, 0.674, 0.636, 0.668, 0.628, 0.682, 0.714, 0.681, 0.652, 0.676, 0.686, 0.688, 0.692, 0.689, 0.7, 0.697, 0.699, 0.71, 0.685, 0.73, 0.745, 0.739, 0.703, 0.728, 0.75, 0.752, 0.731, 0.752, 0.724, 0.771, 0.727, 0.714, 0.743, 0.725, 0.712, 0.699, 0.718, 0.738, 0.707, 0.704, 0.7, 0.688, 0.711, 0.71, 0.689, 0.728, 0.76, 0.706, 0.681, 0.756, 0.739, 0.725, 0.754, 0.726, 0.727, 0.693, 0.726, 0.7, 0.615, 0.629]
Test Scores w/o background: [0.031, 0.057, 0.063, 0.075, 0.079, 0.066, 0.102, 0.072, 0.083, 0.059, 0.046, 0.048, 0.025, 0.028, 0.025, 0.036, 0.021, 0.025, 0.024, 0.028, 0.035, 0.051, 0.053, 0.06, 0.059, 0.097, 0.105, 0.108, 0.093, 0.11, 0.128, 0.121, 0.144, 0.143, 0.193, 0.183, 0.21, 0.206, 0.245, 0.216, 0.246, 0.217, 0.274, 0.275, 0.256, 0.252, 0.306, 0.315, 0.255, 0.256, 0.301, 0.31, 0.351, 0.301, 0.307, 0.261, 0.355, 0.348, 0.333, 0.318, 0.311, 0.34, 0.299, 0.29, 0.289, 0.286, 0.291, 0.338, 0.354, 0.296, 0.364, 0.325, 0.408, 0.307, 0.377, 0.359, 0.371, 0.367, 0.39, 0.395, 0.405, 0.402, 0.388, 0.409, 0.44, 0.427, 0.463, 0.428, 0.418, 0.443, 0.498, 0.473, 0.442, 0.494, 0.499, 0.474, 0.452, 0.435, 0.495, 0.433, 0.579, 0.486, 0.53, 0.533, 0.472, 0.557, 0.583, 0.486, 0.501, 0.51, 0.46, 0.46, 0.539, 0.574, 0.591, 0.559, 0.48, 0.619, 0.522, 0.589, 0.539, 0.548, 0.611, 0.631, 0.623, 0.64, 0.641, 0.663, 0.574, 0.594, 0.629, 0.539, 0.595, 0.578, 0.622, 0.602, 0.582, 0.633, 0.633, 0.594, 0.637, 0.564, 0.515, 0.583, 0.509, 0.563, 0.597, 0.576, 0.582, 0.56, 0.54, 0.535, 0.49, 0.565, 0.552, 0.535, 0.487, 0.519, 0.453, 0.558, 0.528, 0.572, 0.523, 0.563, 0.509, 0.581, 0.623, 0.579, 0.541, 0.574, 0.587, 0.589, 0.595, 0.593, 0.606, 0.601, 0.603, 0.619, 0.586, 0.645, 0.664, 0.658, 0.61, 0.643, 0.672, 0.674, 0.648, 0.675, 0.637, 0.7, 0.642, 0.622, 0.662, 0.638, 0.622, 0.604, 0.628, 0.654, 0.614, 0.61, 0.606, 0.59, 0.621, 0.619, 0.589, 0.641, 0.684, 0.612, 0.579, 0.679, 0.656, 0.638, 0.675, 0.638, 0.641, 0.597, 0.64, 0.607, 0.495, 0.513]
Train Scores: [0.17, 0.192, 0.226, 0.274, 0.251, 0.272, 0.315, 0.294, 0.303, 0.273, 0.265, 0.267, 0.235, 0.232, 0.232, 0.253, 0.225, 0.222, 0.224, 0.226, 0.23, 0.233, 0.245, 0.247, 0.243, 0.284, 0.296, 0.299, 0.295, 0.317, 0.318, 0.328, 0.335, 0.344, 0.363, 0.374, 0.384, 0.392, 0.414, 0.388, 0.437, 0.404, 0.456, 0.456, 0.453, 0.44, 0.476, 0.487, 0.446, 0.439, 0.471, 0.482, 0.494, 0.464, 0.471, 0.462, 0.515, 0.527, 0.508, 0.499, 0.49, 0.488, 0.486, 0.492, 0.469, 0.492, 0.462, 0.508, 0.526, 0.454, 0.531, 0.527, 0.581, 0.498, 0.548, 0.546, 0.545, 0.545, 0.545, 0.533, 0.583, 0.592, 0.6, 0.579, 0.62, 0.606, 0.613, 0.64, 0.627, 0.628, 0.667, 0.678, 0.643, 0.69, 0.692, 0.686, 0.639, 0.602, 0.696, 0.632, 0.691, 0.645, 0.694, 0.716, 0.687, 0.72, 0.7, 0.637, 0.631, 0.67, 0.62, 0.631, 0.674, 0.69, 0.683, 0.702, 0.651, 0.726, 0.677, 0.729, 0.667, 0.69, 0.702, 0.774, 0.757, 0.792, 0.78, 0.794, 0.726, 0.721, 0.731, 0.719, 0.732, 0.706, 0.764, 0.753, 0.773, 0.774, 0.776, 0.754, 0.765, 0.718, 0.702, 0.708, 0.662, 0.709, 0.726, 0.704, 0.724, 0.715, 0.705, 0.683, 0.674, 0.732, 0.707, 0.711, 0.668, 0.696, 0.659, 0.705, 0.682, 0.708, 0.694, 0.722, 0.656, 0.7, 0.75, 0.727, 0.689, 0.756, 0.729, 0.748, 0.755, 0.723, 0.746, 0.744, 0.768, 0.765, 0.717, 0.764, 0.748, 0.751, 0.749, 0.784, 0.76, 0.769, 0.752, 0.78, 0.761, 0.798, 0.769, 0.784, 0.794, 0.772, 0.774, 0.76, 0.745, 0.798, 0.763, 0.74, 0.755, 0.733, 0.759, 0.743, 0.768, 0.738, 0.792, 0.738, 0.73, 0.802, 0.81, 0.77, 0.797, 0.792, 0.764, 0.714, 0.733, 0.732, 0.664, 0.646]
Train Scores w/o background: [0.04, 0.066, 0.07, 0.083, 0.08, 0.074, 0.105, 0.079, 0.092, 0.059, 0.059, 0.058, 0.036, 0.035, 0.03, 0.047, 0.029, 0.031, 0.038, 0.042, 0.038, 0.053, 0.073, 0.071, 0.063, 0.131, 0.145, 0.142, 0.139, 0.161, 0.175, 0.182, 0.199, 0.195, 0.231, 0.234, 0.253, 0.255, 0.285, 0.255, 0.314, 0.263, 0.336, 0.345, 0.327, 0.333, 0.359, 0.369, 0.331, 0.321, 0.365, 0.374, 0.378, 0.348, 0.354, 0.352, 0.399, 0.42, 0.386, 0.378, 0.366, 0.37, 0.357, 0.372, 0.335, 0.367, 0.339, 0.382, 0.403, 0.33, 0.407, 0.397, 0.47, 0.371, 0.425, 0.425, 0.428, 0.417, 0.413, 0.4, 0.46, 0.47, 0.485, 0.453, 0.506, 0.489, 0.498, 0.533, 0.518, 0.517, 0.568, 0.579, 0.535, 0.596, 0.599, 0.591, 0.531, 0.485, 0.604, 0.517, 0.598, 0.535, 0.6, 0.627, 0.591, 0.634, 0.607, 0.527, 0.521, 0.571, 0.507, 0.52, 0.575, 0.598, 0.587, 0.61, 0.543, 0.643, 0.578, 0.647, 0.565, 0.598, 0.61, 0.704, 0.68, 0.725, 0.712, 0.73, 0.642, 0.634, 0.648, 0.633, 0.65, 0.616, 0.691, 0.678, 0.703, 0.703, 0.707, 0.679, 0.693, 0.631, 0.61, 0.619, 0.563, 0.623, 0.643, 0.615, 0.641, 0.629, 0.617, 0.589, 0.574, 0.65, 0.62, 0.625, 0.566, 0.602, 0.552, 0.614, 0.583, 0.617, 0.601, 0.636, 0.547, 0.605, 0.671, 0.641, 0.591, 0.68, 0.646, 0.669, 0.679, 0.64, 0.668, 0.664, 0.695, 0.691, 0.629, 0.69, 0.669, 0.674, 0.671, 0.717, 0.686, 0.696, 0.675, 0.712, 0.687, 0.736, 0.698, 0.716, 0.73, 0.701, 0.705, 0.686, 0.663, 0.735, 0.689, 0.658, 0.68, 0.651, 0.684, 0.662, 0.694, 0.655, 0.727, 0.655, 0.644, 0.74, 0.751, 0.697, 0.734, 0.726, 0.69, 0.626, 0.65, 0.65, 0.56, 0.536]
Train Loss: [152.002, 118.57, 102.524, 92.185, 83.388, 74.858, 67.83, 60.369, 52.593, 46.053, 40.082, 35.506, 34.685, 31.593, 29.097, 27.615, 26.145, 24.401, 22.04, 21.02, 17.784, 13.806, 11.382, 10.795, 9.43, 7.188, 6.573, 6.38, 5.968, 5.741, 4.513, 5.281, 4.098, 4.193, 3.799, 4.34, 3.323, 2.885, 3.111, 2.578, 2.751, 2.619, 1.892, 2.092, 2.234, 2.439, 1.899, 2.037, 2.339, 1.788, 3.428, 1.08, 1.628, 0.875, 1.505, 1.522, 0.87, 1.315, 1.39, 1.084, 1.269, 1.772, 1.278, 1.188, 1.39, 0.569, 1.596, 2.43, 2.422, 1.75, 3.032, 2.581, 1.687, 1.542, 1.0, 1.467, 2.0, 1.622, 2.424, 1.717, 1.638, 2.004, 2.457, 3.241, 3.392, 1.558, 2.37, 1.253, 2.357, 2.476, 1.191, 1.969, 3.83, 2.549, 0.923, 2.296, 3.273, 2.814, 2.129, 2.614, 1.503, 1.58, 1.858, 2.991, 1.39, 2.459, 2.631, 1.573, 2.13, 2.225, 1.357, 2.244, 3.084, 1.487, 1.46, 2.217, 1.465, 0.801, 1.119, 1.072, 1.399, 1.014, 1.777, 1.247, 1.053, 0.992, 1.41, 0.54, 0.788, 0.476, 0.847, 1.046, 3.374, 1.041, 1.554, 1.028, 1.813, 0.555, 0.43, 0.702, 0.747, 0.121, 1.878, 0.747, 1.025, 1.535, 0.52, 0.593, 0.954, 1.425, 0.751, 1.021, 0.562, 1.114, 0.672, 0.952, 0.973, 1.23, 0.788, 1.295, 0.612, 1.533, 0.122, 0.435, 0.628, 1.513, 1.462, 2.089, 0.547, 0.838, 0.406, 1.579, 0.819, 0.497, 1.496, 0.639, 1.254, 0.562, 0.432, 0.561, 0.561, 0.229, 0.072, 0.23, 0.09, 0.464, 0.343, 0.156, 0.667, 1.229, 0.217, 1.519, 1.702, 1.712, 0.167, 0.044, 0.215, 0.46, 0.108, 0.272, 0.429, 0.43, 0.641, 0.627, 0.754, 0.657, 0.694, 0.419, 0.644, 0.881, 0.369, 0.054, 0.086, 0.561, 1.383, 0.207, 0.086, 3.393, 2.681, 0.946]
Test Loss: [149.119, 117.244, 101.514, 91.496, 82.819, 75.441, 69.424, 62.32, 56.778, 51.842, 47.742, 45.238, 50.066, 48.247, 49.212, 46.196, 50.93, 49.409, 50.026, 53.69, 53.869, 47.59, 46.072, 53.587, 44.8, 50.923, 50.701, 49.323, 51.598, 52.091, 46.411, 44.692, 48.459, 43.216, 44.471, 47.751, 43.275, 46.168, 52.522, 43.477, 48.004, 51.784, 48.371, 42.927, 45.305, 48.832, 49.555, 40.842, 40.652, 33.334, 41.235, 28.667, 34.021, 29.061, 26.765, 28.8, 26.095, 33.204, 38.294, 22.545, 22.02, 23.426, 33.762, 37.72, 36.874, 30.39, 28.306, 27.037, 33.642, 17.926, 32.132, 30.679, 28.361, 18.595, 22.63, 28.817, 20.806, 21.506, 19.345, 23.737, 25.758, 30.48, 27.436, 22.635, 19.331, 24.01, 28.441, 25.451, 30.021, 28.241, 18.384, 18.127, 16.087, 12.922, 20.114, 23.38, 21.013, 16.225, 18.402, 19.091, 14.027, 14.726, 15.483, 18.527, 12.179, 10.701, 19.255, 18.236, 20.807, 19.872, 22.257, 13.244, 17.888, 13.643, 12.07, 18.314, 18.662, 15.285, 9.719, 14.801, 8.065, 5.456, 8.156, 15.409, 17.685, 12.491, 10.562, 8.643, 14.426, 13.354, 11.56, 9.772, 22.633, 9.441, 13.405, 11.3, 23.697, 19.54, 13.9, 19.927, 12.77, 15.981, 15.027, 17.45, 14.07, 11.604, 6.617, 5.509, 5.433, 5.584, 2.888, 6.087, 8.872, 12.35, 11.329, 9.998, 13.103, 17.425, 17.184, 15.517, 17.604, 24.426, 9.584, 4.371, 8.702, 12.043, 12.998, 17.746, 13.998, 13.347, 14.574, 18.607, 22.266, 11.926, 10.991, 6.792, 10.373, 11.532, 7.697, 10.448, 4.77, 9.436, 7.983, 15.034, 8.518, 11.661, 18.359, 11.127, 12.025, 12.078, 6.978, 27.82, 17.232, 19.628, 16.236, 13.554, 18.288, 17.647, 11.112, 8.929, 10.577, 17.596, 16.848, 13.853, 15.756, 10.161, 17.962, 12.821, 8.574, 10.461, 9.877, 20.082, 13.934, 15.257, 8.468, 8.025, 12.669, 10.683, 18.174, 12.779]
Max test score: 0.771 found at epoch: 190
Max test score shapes: 0.7 found at epoch: 190
