Active: Arealoss True True 1 10 False 
Active: Adjacencyloss True True 30 0.0001 True 
Active: Relationsloss True 2 False 0.1 
Active: OneHotloss True 10 
Active: MinSizeBackgroundloss True 1 

Test Scores: [0.118, 0.141, 0.123, 0.124, 0.138, 0.151, 0.143, 0.156, 0.162, 0.183, 0.194, 0.211, 0.214, 0.242, 0.262, 0.257, 0.243, 0.271, 0.26, 0.261, 0.267, 0.265, 0.264, 0.247, 0.27, 0.26, 0.261, 0.266, 0.264, 0.264, 0.268, 0.288, 0.288, 0.291, 0.289, 0.285, 0.293, 0.292, 0.293, 0.309, 0.294, 0.3, 0.308, 0.295, 0.311, 0.315, 0.311, 0.305, 0.321, 0.316, 0.337, 0.324, 0.332, 0.305, 0.326, 0.328, 0.34, 0.353, 0.34, 0.34, 0.337, 0.362, 0.331, 0.376, 0.376, 0.383, 0.383, 0.402, 0.402, 0.421, 0.403, 0.433, 0.426, 0.446, 0.461, 0.456, 0.486, 0.462, 0.521, 0.515, 0.476, 0.493, 0.553, 0.502, 0.555, 0.569, 0.56, 0.589, 0.452, 0.565, 0.563, 0.597, 0.601, 0.629, 0.619, 0.623, 0.64, 0.622, 0.612, 0.651, 0.697, 0.685, 0.656, 0.697, 0.613, 0.676, 0.679, 0.649, 0.707, 0.665, 0.729, 0.685, 0.69, 0.675, 0.668, 0.723, 0.696, 0.683, 0.665, 0.734, 0.659, 0.723, 0.691, 0.726, 0.695, 0.715, 0.682, 0.694, 0.727, 0.713, 0.757, 0.735, 0.623, 0.709, 0.729, 0.775, 0.695, 0.643, 0.751, 0.695, 0.766, 0.717, 0.694, 0.729, 0.676, 0.737, 0.764, 0.746, 0.718, 0.732, 0.734, 0.676, 0.669, 0.71, 0.72, 0.677, 0.734, 0.686, 0.756, 0.69, 0.731, 0.748, 0.674, 0.752, 0.703, 0.745, 0.714, 0.701, 0.694, 0.748, 0.712, 0.755, 0.734, 0.659, 0.753, 0.698, 0.696, 0.701, 0.747, 0.779, 0.777, 0.74, 0.724, 0.719, 0.729, 0.763, 0.757, 0.742, 0.68, 0.754, 0.737, 0.745, 0.747, 0.725, 0.75, 0.723, 0.753, 0.769, 0.72, 0.74, 0.754, 0.752, 0.772, 0.698, 0.717, 0.751, 0.736, 0.702, 0.723, 0.766, 0.782, 0.754, 0.738, 0.718, 0.762, 0.736, 0.731, 0.76, 0.734, 0.733]
Test Scores w/o background: [0.032, 0.029, 0.0, 0.0, 0.001, 0.0, 0.002, 0.009, 0.008, 0.021, 0.028, 0.034, 0.03, 0.024, 0.042, 0.036, 0.018, 0.051, 0.039, 0.043, 0.048, 0.047, 0.045, 0.023, 0.052, 0.039, 0.04, 0.046, 0.044, 0.043, 0.05, 0.073, 0.073, 0.078, 0.074, 0.07, 0.079, 0.077, 0.078, 0.098, 0.08, 0.087, 0.096, 0.078, 0.099, 0.104, 0.1, 0.093, 0.113, 0.105, 0.132, 0.116, 0.126, 0.091, 0.118, 0.121, 0.135, 0.153, 0.137, 0.135, 0.131, 0.163, 0.123, 0.182, 0.181, 0.191, 0.19, 0.214, 0.215, 0.238, 0.214, 0.254, 0.245, 0.271, 0.291, 0.284, 0.324, 0.291, 0.37, 0.361, 0.309, 0.331, 0.412, 0.343, 0.414, 0.431, 0.42, 0.459, 0.276, 0.425, 0.424, 0.468, 0.473, 0.511, 0.498, 0.502, 0.525, 0.502, 0.488, 0.539, 0.601, 0.585, 0.547, 0.601, 0.488, 0.573, 0.577, 0.537, 0.614, 0.558, 0.643, 0.585, 0.592, 0.571, 0.562, 0.635, 0.599, 0.582, 0.558, 0.65, 0.55, 0.635, 0.592, 0.639, 0.597, 0.624, 0.58, 0.596, 0.64, 0.621, 0.68, 0.65, 0.501, 0.616, 0.643, 0.704, 0.598, 0.528, 0.672, 0.597, 0.691, 0.626, 0.596, 0.642, 0.572, 0.653, 0.689, 0.664, 0.627, 0.646, 0.649, 0.572, 0.562, 0.617, 0.63, 0.573, 0.649, 0.585, 0.678, 0.591, 0.645, 0.668, 0.568, 0.672, 0.608, 0.664, 0.623, 0.605, 0.596, 0.667, 0.619, 0.677, 0.65, 0.548, 0.674, 0.601, 0.598, 0.604, 0.667, 0.709, 0.706, 0.657, 0.636, 0.629, 0.642, 0.687, 0.679, 0.66, 0.577, 0.675, 0.652, 0.663, 0.666, 0.637, 0.67, 0.634, 0.674, 0.695, 0.63, 0.656, 0.676, 0.672, 0.699, 0.601, 0.626, 0.671, 0.651, 0.605, 0.634, 0.691, 0.712, 0.676, 0.654, 0.627, 0.686, 0.651, 0.645, 0.683, 0.649, 0.647]
Train Scores: [0.103, 0.128, 0.115, 0.115, 0.123, 0.138, 0.129, 0.136, 0.146, 0.165, 0.183, 0.194, 0.199, 0.242, 0.263, 0.256, 0.248, 0.265, 0.256, 0.254, 0.267, 0.267, 0.269, 0.252, 0.269, 0.263, 0.267, 0.27, 0.278, 0.281, 0.276, 0.299, 0.293, 0.292, 0.304, 0.293, 0.306, 0.307, 0.317, 0.332, 0.317, 0.318, 0.335, 0.319, 0.331, 0.338, 0.338, 0.33, 0.342, 0.342, 0.355, 0.345, 0.357, 0.332, 0.358, 0.357, 0.376, 0.375, 0.361, 0.371, 0.376, 0.393, 0.381, 0.402, 0.398, 0.419, 0.422, 0.462, 0.446, 0.478, 0.461, 0.49, 0.483, 0.503, 0.542, 0.546, 0.559, 0.566, 0.596, 0.603, 0.577, 0.58, 0.631, 0.604, 0.633, 0.644, 0.63, 0.647, 0.572, 0.656, 0.652, 0.689, 0.684, 0.701, 0.706, 0.697, 0.721, 0.72, 0.709, 0.72, 0.76, 0.752, 0.737, 0.767, 0.71, 0.756, 0.762, 0.751, 0.753, 0.762, 0.787, 0.766, 0.781, 0.761, 0.757, 0.793, 0.757, 0.776, 0.745, 0.797, 0.754, 0.785, 0.787, 0.797, 0.795, 0.772, 0.792, 0.788, 0.797, 0.805, 0.819, 0.802, 0.733, 0.795, 0.806, 0.821, 0.796, 0.783, 0.818, 0.782, 0.828, 0.816, 0.803, 0.807, 0.772, 0.826, 0.826, 0.815, 0.811, 0.82, 0.809, 0.81, 0.762, 0.802, 0.774, 0.796, 0.821, 0.803, 0.818, 0.804, 0.826, 0.813, 0.779, 0.792, 0.774, 0.817, 0.813, 0.782, 0.796, 0.828, 0.788, 0.827, 0.806, 0.788, 0.83, 0.802, 0.822, 0.821, 0.832, 0.83, 0.838, 0.83, 0.821, 0.828, 0.823, 0.829, 0.829, 0.832, 0.804, 0.816, 0.834, 0.835, 0.82, 0.818, 0.83, 0.819, 0.816, 0.843, 0.808, 0.814, 0.822, 0.837, 0.831, 0.82, 0.821, 0.804, 0.796, 0.816, 0.783, 0.839, 0.838, 0.819, 0.833, 0.802, 0.837, 0.822, 0.82, 0.835, 0.823, 0.83]
Train Scores w/o background: [0.016, 0.019, 0.0, 0.001, 0.001, 0.001, 0.001, 0.007, 0.006, 0.017, 0.032, 0.032, 0.028, 0.027, 0.04, 0.032, 0.022, 0.041, 0.032, 0.033, 0.045, 0.047, 0.048, 0.026, 0.048, 0.042, 0.045, 0.05, 0.06, 0.063, 0.058, 0.085, 0.078, 0.077, 0.092, 0.079, 0.094, 0.096, 0.109, 0.127, 0.109, 0.11, 0.131, 0.111, 0.125, 0.134, 0.134, 0.125, 0.14, 0.14, 0.156, 0.144, 0.158, 0.127, 0.16, 0.159, 0.182, 0.183, 0.165, 0.177, 0.182, 0.206, 0.189, 0.217, 0.212, 0.239, 0.242, 0.294, 0.273, 0.315, 0.293, 0.331, 0.321, 0.347, 0.399, 0.403, 0.421, 0.43, 0.47, 0.479, 0.444, 0.447, 0.515, 0.479, 0.517, 0.532, 0.514, 0.535, 0.436, 0.548, 0.542, 0.59, 0.584, 0.607, 0.613, 0.602, 0.633, 0.633, 0.617, 0.631, 0.685, 0.674, 0.655, 0.694, 0.618, 0.68, 0.687, 0.672, 0.675, 0.688, 0.72, 0.693, 0.713, 0.685, 0.681, 0.728, 0.681, 0.706, 0.664, 0.733, 0.676, 0.718, 0.72, 0.734, 0.731, 0.699, 0.727, 0.721, 0.733, 0.744, 0.763, 0.74, 0.648, 0.73, 0.746, 0.765, 0.732, 0.714, 0.761, 0.713, 0.775, 0.758, 0.742, 0.746, 0.7, 0.771, 0.771, 0.756, 0.751, 0.763, 0.749, 0.751, 0.686, 0.74, 0.702, 0.731, 0.764, 0.74, 0.761, 0.742, 0.772, 0.754, 0.709, 0.726, 0.702, 0.759, 0.754, 0.712, 0.731, 0.774, 0.721, 0.773, 0.744, 0.721, 0.776, 0.74, 0.766, 0.765, 0.78, 0.777, 0.788, 0.777, 0.765, 0.775, 0.767, 0.776, 0.776, 0.78, 0.742, 0.758, 0.783, 0.783, 0.764, 0.761, 0.777, 0.761, 0.758, 0.794, 0.748, 0.755, 0.766, 0.786, 0.779, 0.764, 0.765, 0.742, 0.732, 0.757, 0.713, 0.789, 0.787, 0.762, 0.781, 0.739, 0.786, 0.766, 0.763, 0.784, 0.767, 0.776]
Train Loss: [738.502, 550.203, 443.34, 374.108, 325.233, 287.45, 259.006, 233.566, 210.304, 192.538, 173.006, 157.755, 142.054, 129.974, 120.827, 113.686, 105.757, 100.59, 94.784, 89.185, 84.753, 81.182, 76.629, 72.996, 69.048, 63.824, 60.665, 57.165, 54.451, 53.316, 51.559, 50.325, 47.214, 44.468, 40.596, 39.529, 37.365, 35.858, 35.529, 34.763, 33.961, 31.829, 29.743, 29.592, 28.541, 27.281, 26.276, 25.753, 25.96, 26.053, 25.31, 23.991, 23.016, 23.333, 22.117, 22.145, 20.596, 20.195, 19.85, 19.244, 19.449, 17.647, 16.915, 16.635, 16.181, 16.661, 15.366, 14.456, 14.318, 13.932, 13.36, 13.238, 12.556, 11.979, 11.545, 12.157, 10.869, 10.497, 9.922, 9.755, 9.017, 8.286, 8.308, 7.632, 7.322, 7.884, 7.253, 8.547, 7.969, 7.024, 6.649, 6.193, 5.761, 5.524, 5.099, 4.718, 4.545, 4.526, 4.306, 4.096, 4.272, 3.896, 3.701, 3.473, 3.706, 3.37, 2.948, 2.955, 3.064, 2.818, 2.865, 2.917, 2.942, 2.907, 2.903, 2.795, 2.772, 3.094, 2.686, 3.077, 2.539, 2.36, 2.206, 2.163, 2.219, 2.256, 2.063, 2.19, 2.161, 2.106, 2.265, 2.405, 2.307, 2.421, 2.613, 2.021, 2.056, 2.292, 2.023, 1.981, 1.903, 1.82, 1.72, 1.654, 1.651, 1.478, 1.542, 1.42, 1.414, 1.314, 1.313, 1.371, 1.419, 1.494, 1.474, 1.549, 1.411, 1.431, 1.397, 1.453, 1.476, 1.447, 1.923, 1.696, 1.621, 1.541, 1.507, 1.285, 1.171, 1.202, 1.136, 1.274, 1.213, 1.363, 1.236, 1.241, 1.255, 1.181, 1.126, 1.138, 1.159, 1.088, 0.982, 1.054, 1.084, 1.017, 1.053, 1.089, 1.015, 1.179, 1.031, 0.95, 0.929, 1.019, 0.996, 1.049, 0.945, 0.974, 1.052, 1.063, 1.072, 1.119, 1.079, 1.143, 1.048, 0.964, 0.968, 0.926, 0.823, 0.899, 0.832, 0.968, 0.937, 0.992, 0.876, 0.817, 0.772, 0.73, 0.907, 0.902]
Test Loss: [745.374, 569.8, 470.704, 402.761, 355.221, 316.887, 288.167, 265.212, 240.859, 222.702, 198.104, 184.086, 169.67, 152.977, 142.774, 134.415, 125.793, 119.504, 111.501, 108.525, 100.162, 97.332, 95.395, 88.63, 86.692, 83.695, 80.119, 74.189, 72.833, 74.104, 71.307, 71.867, 68.081, 69.845, 64.918, 65.357, 64.103, 60.344, 62.735, 60.584, 59.312, 60.249, 60.499, 57.951, 56.274, 52.762, 52.566, 54.868, 53.196, 53.065, 51.931, 51.027, 51.741, 52.316, 49.018, 44.069, 45.616, 44.587, 40.708, 44.439, 42.256, 45.768, 41.331, 44.646, 41.012, 41.995, 41.764, 39.523, 41.069, 39.242, 39.403, 39.635, 40.152, 35.642, 31.234, 33.705, 30.483, 30.234, 27.378, 30.469, 35.156, 25.016, 25.831, 29.393, 24.035, 28.253, 19.646, 31.334, 26.763, 28.946, 24.587, 30.317, 20.543, 21.504, 22.405, 20.199, 22.172, 17.044, 19.727, 17.837, 21.86, 17.629, 20.389, 20.144, 22.462, 18.144, 19.067, 18.816, 19.344, 17.921, 19.512, 15.367, 16.59, 19.646, 22.177, 18.681, 19.864, 21.787, 20.182, 19.86, 16.678, 16.264, 14.568, 19.051, 18.197, 15.388, 16.904, 16.558, 24.041, 18.131, 14.759, 13.575, 14.102, 14.07, 21.354, 16.133, 18.266, 20.478, 24.385, 15.595, 18.301, 15.608, 16.667, 15.41, 16.511, 12.967, 13.214, 12.512, 12.643, 15.723, 14.758, 14.208, 18.469, 16.3, 12.593, 16.46, 12.856, 19.277, 17.249, 18.66, 19.077, 14.305, 18.007, 13.849, 12.118, 14.852, 17.185, 18.732, 18.658, 18.777, 12.401, 20.121, 11.669, 15.174, 13.639, 14.779, 21.345, 22.619, 14.407, 14.808, 12.466, 11.532, 15.085, 16.258, 13.351, 13.956, 15.889, 11.629, 18.443, 21.158, 13.665, 14.484, 13.479, 15.94, 17.035, 14.25, 13.076, 13.29, 11.122, 14.727, 15.871, 10.645, 12.8, 13.102, 20.662, 13.192, 18.267, 15.567, 18.721, 10.754, 11.94, 11.648, 14.1, 15.679, 17.34, 15.92, 15.255, 14.377, 12.473, 14.883]
Max test score: 0.782 found at epoch: 211
Max test score shapes: 0.712 found at epoch: 211
