seed 100
percentFullySupervised 0.2
domainLossMultiplier 0.001
Active: Adjacencyloss True True 30 0.0001 False False 
Active: Relationsloss True 2 True 0.1 False True False 
Active: OneHotloss True 20 
Active: MinSizeShapesloss True 1 0.5 0.0035 0.015 
Active: MaxSizeShapesloss True 1 0.98 0.2 0.42 

Test Scores: [0.265, 0.298, 0.333, 0.415, 0.45, 0.473, 0.49, 0.489, 0.478, 0.488, 0.459, 0.491, 0.48, 0.488, 0.483, 0.49, 0.494, 0.492, 0.483, 0.488, 0.486, 0.5, 0.5, 0.517, 0.508, 0.513, 0.507, 0.514, 0.521, 0.521, 0.525, 0.521, 0.513, 0.53, 0.516, 0.521, 0.521, 0.528, 0.529, 0.541, 0.528, 0.531, 0.53, 0.526, 0.531, 0.53, 0.537, 0.539, 0.545, 0.52, 0.522, 0.523, 0.557, 0.549, 0.55, 0.521, 0.529, 0.518, 0.527, 0.531, 0.522, 0.532, 0.527, 0.521, 0.492, 0.529, 0.513, 0.525, 0.524, 0.541, 0.519, 0.529, 0.518, 0.527, 0.517, 0.53, 0.525, 0.527, 0.51, 0.525, 0.531, 0.525, 0.52, 0.517, 0.508, 0.534, 0.519, 0.51, 0.528, 0.523, 0.498, 0.524, 0.531, 0.543, 0.526, 0.528, 0.522, 0.509, 0.534, 0.512]
Test Scores w/o background: [0.15, 0.183, 0.21, 0.255, 0.284, 0.307, 0.329, 0.327, 0.318, 0.321, 0.296, 0.323, 0.326, 0.313, 0.322, 0.328, 0.338, 0.331, 0.307, 0.334, 0.324, 0.342, 0.342, 0.357, 0.345, 0.355, 0.366, 0.356, 0.368, 0.361, 0.374, 0.365, 0.366, 0.388, 0.382, 0.382, 0.375, 0.376, 0.385, 0.392, 0.388, 0.381, 0.381, 0.375, 0.384, 0.384, 0.385, 0.395, 0.401, 0.353, 0.375, 0.376, 0.409, 0.399, 0.399, 0.373, 0.37, 0.369, 0.374, 0.388, 0.365, 0.387, 0.369, 0.37, 0.321, 0.388, 0.357, 0.384, 0.359, 0.391, 0.36, 0.381, 0.369, 0.376, 0.366, 0.381, 0.379, 0.375, 0.359, 0.377, 0.379, 0.362, 0.357, 0.366, 0.349, 0.393, 0.369, 0.354, 0.37, 0.362, 0.333, 0.359, 0.375, 0.392, 0.372, 0.382, 0.37, 0.337, 0.383, 0.351]
Train Scores: [0.308, 0.344, 0.398, 0.515, 0.541, 0.583, 0.59, 0.597, 0.602, 0.62, 0.583, 0.621, 0.612, 0.591, 0.609, 0.63, 0.619, 0.639, 0.644, 0.63, 0.619, 0.622, 0.641, 0.648, 0.657, 0.644, 0.621, 0.643, 0.656, 0.649, 0.667, 0.667, 0.655, 0.654, 0.637, 0.646, 0.664, 0.671, 0.66, 0.66, 0.657, 0.655, 0.654, 0.66, 0.67, 0.667, 0.666, 0.662, 0.674, 0.643, 0.66, 0.67, 0.653, 0.66, 0.673, 0.671, 0.659, 0.67, 0.667, 0.669, 0.674, 0.685, 0.648, 0.677, 0.645, 0.671, 0.66, 0.684, 0.653, 0.671, 0.662, 0.677, 0.69, 0.683, 0.691, 0.682, 0.673, 0.674, 0.669, 0.675, 0.678, 0.655, 0.652, 0.679, 0.686, 0.683, 0.678, 0.667, 0.694, 0.686, 0.676, 0.676, 0.674, 0.68, 0.687, 0.694, 0.692, 0.669, 0.691, 0.668]
Train Scores w/o background: [0.17, 0.213, 0.251, 0.349, 0.38, 0.431, 0.44, 0.45, 0.46, 0.483, 0.452, 0.482, 0.479, 0.429, 0.469, 0.489, 0.476, 0.501, 0.501, 0.497, 0.482, 0.485, 0.51, 0.516, 0.528, 0.508, 0.492, 0.513, 0.533, 0.519, 0.543, 0.536, 0.535, 0.528, 0.524, 0.52, 0.548, 0.549, 0.543, 0.535, 0.541, 0.531, 0.531, 0.538, 0.553, 0.549, 0.546, 0.545, 0.56, 0.511, 0.542, 0.555, 0.524, 0.535, 0.554, 0.558, 0.534, 0.554, 0.549, 0.554, 0.556, 0.576, 0.52, 0.561, 0.516, 0.558, 0.536, 0.576, 0.53, 0.554, 0.543, 0.566, 0.583, 0.571, 0.583, 0.568, 0.558, 0.556, 0.551, 0.56, 0.562, 0.53, 0.523, 0.563, 0.568, 0.572, 0.564, 0.548, 0.581, 0.572, 0.56, 0.558, 0.557, 0.562, 0.577, 0.585, 0.578, 0.54, 0.58, 0.549]
Train Loss: [0.088, 0.083, 0.079, 0.076, 0.073, 0.071, 0.069, 0.067, 0.066, 0.065, 0.064, 0.063, 0.062, 0.062, 0.061, 0.06, 0.059, 0.059, 0.058, 0.057, 0.057, 0.056, 0.055, 0.055, 0.054, 0.053, 0.053, 0.052, 0.051, 0.051, 0.05, 0.05, 0.049, 0.048, 0.048, 0.047, 0.047, 0.046, 0.046, 0.045, 0.045, 0.044, 0.044, 0.043, 0.043, 0.042, 0.042, 0.041, 0.041, 0.04, 0.04, 0.04, 0.039, 0.039, 0.038, 0.038, 0.038, 0.037, 0.037, 0.036, 0.036, 0.036, 0.036, 0.035, 0.035, 0.035, 0.034, 0.034, 0.034, 0.033, 0.033, 0.033, 0.033, 0.033, 0.032, 0.032, 0.032, 0.032, 0.032, 0.031, 0.031, 0.031, 0.031, 0.031, 0.031, 0.031, 0.03, 0.03, 0.03, 0.03, 0.03, 0.03, 0.03, 0.03, 0.03, 0.03, 0.03, 0.03, 0.029, 0.029]
Max test score: 0.557 found at epoch: 53
Max test score shapes: 0.409 found at epoch: 53
Avg generalisation ratio: 0.688
Avg generalisation diff: 0.165