seed 42
FullySupervisedPercentage: 0
logic loss multiplier: 0.01
Active: Pointloss True 10 
Active: OneHotloss True 20 
Active: MinSizeBackgroundloss True 1 
Active: MaxSizeBackgroundloss True 20 
Active: MinSizeShapesloss True 30 
Active: MaxSizeShapesloss True 1 

Test Scores: [0.222, 0.287, 0.32, 0.367, 0.385, 0.438, 0.467, 0.457, 0.502, 0.446, 0.417, 0.439, 0.45, 0.422, 0.444, 0.414, 0.459, 0.451, 0.456, 0.451, 0.443, 0.453, 0.446, 0.428, 0.452, 0.422, 0.493, 0.474, 0.484, 0.471, 0.461, 0.415, 0.486, 0.452, 0.432, 0.457, 0.431, 0.468, 0.465, 0.505, 0.426, 0.473, 0.486, 0.414, 0.447, 0.444, 0.445, 0.46, 0.447, 0.448, 0.466, 0.459, 0.488, 0.468, 0.5, 0.481, 0.517, 0.519, 0.512, 0.511, 0.436, 0.41, 0.444, 0.48, 0.473, 0.439, 0.459, 0.481, 0.459, 0.453, 0.469, 0.447, 0.479, 0.494, 0.469, 0.462, 0.462, 0.455, 0.499, 0.497, 0.49, 0.471, 0.435, 0.441, 0.453, 0.453, 0.445, 0.437, 0.477, 0.461, 0.477, 0.443, 0.478, 0.532, 0.544, 0.539, 0.542, 0.537, 0.547, 0.551, 0.541, 0.555, 0.542, 0.525, 0.544, 0.525, 0.504, 0.503, 0.48, 0.502, 0.497, 0.489, 0.506, 0.528, 0.538, 0.502, 0.54, 0.542, 0.573, 0.558]
Test Scores w/o background: [0.066, 0.108, 0.136, 0.185, 0.192, 0.257, 0.298, 0.293, 0.344, 0.287, 0.262, 0.287, 0.298, 0.271, 0.291, 0.253, 0.313, 0.301, 0.305, 0.305, 0.288, 0.304, 0.289, 0.273, 0.303, 0.263, 0.355, 0.324, 0.34, 0.327, 0.313, 0.253, 0.338, 0.294, 0.274, 0.309, 0.268, 0.312, 0.305, 0.357, 0.259, 0.318, 0.34, 0.241, 0.283, 0.286, 0.288, 0.305, 0.283, 0.285, 0.308, 0.304, 0.338, 0.314, 0.351, 0.322, 0.372, 0.376, 0.366, 0.367, 0.278, 0.253, 0.292, 0.337, 0.325, 0.287, 0.314, 0.341, 0.318, 0.302, 0.321, 0.295, 0.337, 0.352, 0.327, 0.319, 0.319, 0.297, 0.354, 0.357, 0.341, 0.316, 0.272, 0.277, 0.289, 0.287, 0.278, 0.266, 0.318, 0.296, 0.319, 0.275, 0.32, 0.389, 0.405, 0.398, 0.4, 0.394, 0.407, 0.411, 0.399, 0.417, 0.401, 0.378, 0.404, 0.379, 0.351, 0.351, 0.321, 0.35, 0.344, 0.332, 0.354, 0.384, 0.396, 0.349, 0.401, 0.403, 0.442, 0.422]
Train Scores: [0.228, 0.305, 0.344, 0.39, 0.407, 0.48, 0.511, 0.51, 0.558, 0.496, 0.468, 0.482, 0.481, 0.45, 0.474, 0.442, 0.466, 0.47, 0.483, 0.464, 0.48, 0.474, 0.454, 0.454, 0.485, 0.451, 0.509, 0.485, 0.508, 0.493, 0.481, 0.444, 0.516, 0.483, 0.443, 0.461, 0.445, 0.484, 0.482, 0.512, 0.453, 0.499, 0.512, 0.431, 0.458, 0.454, 0.449, 0.463, 0.437, 0.442, 0.461, 0.463, 0.493, 0.466, 0.491, 0.477, 0.51, 0.512, 0.511, 0.503, 0.442, 0.435, 0.468, 0.485, 0.481, 0.448, 0.466, 0.483, 0.461, 0.459, 0.477, 0.46, 0.489, 0.511, 0.492, 0.474, 0.476, 0.474, 0.509, 0.503, 0.493, 0.472, 0.444, 0.45, 0.459, 0.456, 0.457, 0.451, 0.487, 0.458, 0.479, 0.442, 0.477, 0.536, 0.546, 0.529, 0.55, 0.532, 0.535, 0.538, 0.53, 0.551, 0.544, 0.527, 0.546, 0.532, 0.513, 0.514, 0.494, 0.503, 0.502, 0.489, 0.504, 0.527, 0.545, 0.521, 0.555, 0.559, 0.589, 0.569]
Train Scores w/o background: [0.077, 0.131, 0.169, 0.216, 0.221, 0.314, 0.357, 0.362, 0.419, 0.352, 0.329, 0.343, 0.339, 0.307, 0.329, 0.289, 0.322, 0.325, 0.34, 0.322, 0.336, 0.332, 0.299, 0.307, 0.346, 0.3, 0.375, 0.337, 0.371, 0.355, 0.338, 0.291, 0.376, 0.334, 0.288, 0.313, 0.286, 0.333, 0.328, 0.366, 0.294, 0.353, 0.373, 0.262, 0.297, 0.298, 0.293, 0.309, 0.271, 0.277, 0.303, 0.31, 0.345, 0.313, 0.339, 0.316, 0.363, 0.367, 0.363, 0.355, 0.285, 0.287, 0.324, 0.343, 0.334, 0.299, 0.323, 0.345, 0.322, 0.311, 0.332, 0.312, 0.351, 0.375, 0.357, 0.335, 0.336, 0.322, 0.367, 0.365, 0.345, 0.318, 0.285, 0.288, 0.298, 0.292, 0.293, 0.285, 0.331, 0.293, 0.32, 0.273, 0.317, 0.394, 0.407, 0.385, 0.411, 0.387, 0.389, 0.394, 0.384, 0.412, 0.403, 0.38, 0.407, 0.389, 0.363, 0.366, 0.34, 0.352, 0.35, 0.332, 0.353, 0.383, 0.404, 0.374, 0.419, 0.425, 0.463, 0.436]
Train Loss: [1.222, 0.955, 0.711, 0.507, 0.347, 0.24, 0.173, 0.115, 0.082, 0.069, 0.057, 0.047, 0.038, 0.031, 0.028, 0.019, 0.015, 0.011, 0.01, 0.008, 0.005, 0.009, 0.018, 0.025, 0.009, 0.014, 0.016, 0.01, 0.019, 0.013, 0.005, 0.016, 0.034, 0.005, 0.005, 0.03, 0.011, 0.005, 0.035, 0.024, 0.051, 0.032, 0.025, 0.004, 0.003, 0.01, 0.004, 0.003, 0.016, 0.011, 0.008, 0.014, 0.006, 0.006, 0.006, 0.014, 0.012, 0.009, 0.004, 0.003, 0.015, 0.03, 0.021, 0.003, 0.009, 0.006, 0.026, 0.014, 0.012, 0.011, 0.023, 0.007, 0.005, 0.011, 0.011, 0.015, 0.017, 0.034, 0.023, 0.017, 0.012, 0.008, 0.005, 0.011, 0.019, 0.052, 0.008, 0.017, 0.025, 0.015, 0.012, 0.043, 0.056, 0.015, 0.008, 0.081, 0.009, 0.013, 0.016, 0.038, 0.013, 0.013, 0.002, 0.002, 0.006, 0.002, 0.023, 0.035, 0.019, 0.005, 0.007, 0.007, 0.045, 0.005, 0.013, 0.037, 0.037, 0.013, 0.008, 0.0]
Max test score: 0.573 found at epoch: 119
Max test score shapes: 0.442 found at epoch: 119
Avg generalisation ratio: 0.949
Avg generalisation diff: 0.016