seed 42
FullySupervisedPercentage: 0
logic loss multiplier: 0.01
Active: ImageLevelloss True True False 2 
Active: Pointloss True 10 
Active: OneHotloss True 20 
Active: MinSizeBackgroundloss True 1 
Active: MaxSizeBackgroundloss True 20 
Active: MinSizeShapesloss True 30 
Active: MaxSizeShapesloss True 1 

Test Scores: [0.239, 0.304, 0.359, 0.441, 0.489, 0.432, 0.373, 0.346, 0.321, 0.332, 0.346, 0.375, 0.44, 0.448, 0.436, 0.461, 0.527, 0.525, 0.538, 0.567, 0.567, 0.591, 0.55, 0.62, 0.655, 0.677, 0.685, 0.676, 0.684, 0.669, 0.7, 0.695, 0.728, 0.742, 0.719, 0.746, 0.709, 0.745, 0.692, 0.725, 0.775, 0.749, 0.729, 0.767, 0.759, 0.796, 0.806, 0.789, 0.808, 0.811, 0.795, 0.809, 0.806, 0.782, 0.802, 0.818, 0.804, 0.814, 0.799, 0.835, 0.785, 0.809, 0.829, 0.818, 0.796, 0.818, 0.834, 0.841, 0.813, 0.817, 0.842, 0.844, 0.782, 0.844, 0.851, 0.813, 0.828, 0.805, 0.856, 0.826, 0.818, 0.835, 0.805, 0.815, 0.792, 0.806, 0.844, 0.84, 0.851, 0.845, 0.799, 0.817, 0.846, 0.846, 0.817, 0.812, 0.863, 0.873, 0.845, 0.849, 0.857, 0.87, 0.849, 0.834, 0.843, 0.848, 0.835, 0.857, 0.866, 0.871, 0.817, 0.858, 0.85, 0.822, 0.828, 0.842, 0.865, 0.849, 0.826, 0.86]
Test Scores w/o background: [0.083, 0.114, 0.165, 0.263, 0.324, 0.257, 0.182, 0.148, 0.117, 0.129, 0.146, 0.181, 0.265, 0.275, 0.258, 0.29, 0.378, 0.374, 0.391, 0.429, 0.429, 0.46, 0.405, 0.499, 0.544, 0.574, 0.585, 0.572, 0.583, 0.563, 0.604, 0.598, 0.64, 0.66, 0.629, 0.665, 0.615, 0.663, 0.592, 0.636, 0.703, 0.668, 0.641, 0.691, 0.681, 0.73, 0.743, 0.721, 0.747, 0.75, 0.729, 0.747, 0.744, 0.711, 0.737, 0.76, 0.74, 0.754, 0.734, 0.782, 0.715, 0.748, 0.773, 0.759, 0.73, 0.76, 0.781, 0.79, 0.752, 0.757, 0.79, 0.794, 0.71, 0.794, 0.804, 0.753, 0.773, 0.742, 0.81, 0.769, 0.759, 0.781, 0.741, 0.755, 0.724, 0.743, 0.794, 0.789, 0.802, 0.795, 0.734, 0.758, 0.796, 0.797, 0.757, 0.751, 0.819, 0.832, 0.795, 0.8, 0.811, 0.828, 0.801, 0.781, 0.793, 0.799, 0.782, 0.811, 0.823, 0.83, 0.758, 0.813, 0.801, 0.764, 0.773, 0.791, 0.821, 0.801, 0.769, 0.815]
Train Scores: [0.237, 0.321, 0.383, 0.469, 0.522, 0.462, 0.397, 0.366, 0.339, 0.345, 0.36, 0.408, 0.443, 0.485, 0.479, 0.512, 0.545, 0.553, 0.564, 0.612, 0.607, 0.659, 0.638, 0.68, 0.688, 0.714, 0.735, 0.73, 0.749, 0.752, 0.771, 0.77, 0.779, 0.796, 0.804, 0.794, 0.783, 0.809, 0.825, 0.822, 0.837, 0.806, 0.852, 0.836, 0.831, 0.858, 0.872, 0.874, 0.876, 0.868, 0.864, 0.859, 0.875, 0.865, 0.879, 0.887, 0.872, 0.884, 0.883, 0.884, 0.882, 0.887, 0.892, 0.894, 0.892, 0.879, 0.894, 0.901, 0.891, 0.893, 0.904, 0.907, 0.863, 0.908, 0.909, 0.89, 0.888, 0.872, 0.912, 0.908, 0.892, 0.889, 0.9, 0.891, 0.9, 0.89, 0.913, 0.904, 0.91, 0.908, 0.901, 0.883, 0.915, 0.911, 0.912, 0.879, 0.913, 0.918, 0.915, 0.914, 0.909, 0.919, 0.906, 0.886, 0.904, 0.91, 0.902, 0.921, 0.92, 0.918, 0.902, 0.908, 0.915, 0.902, 0.909, 0.913, 0.92, 0.914, 0.88, 0.917]
Train Scores w/o background: [0.079, 0.137, 0.197, 0.302, 0.368, 0.296, 0.213, 0.173, 0.139, 0.146, 0.164, 0.226, 0.269, 0.325, 0.316, 0.358, 0.402, 0.412, 0.425, 0.489, 0.482, 0.551, 0.522, 0.578, 0.588, 0.623, 0.65, 0.644, 0.669, 0.673, 0.698, 0.697, 0.709, 0.731, 0.742, 0.729, 0.713, 0.748, 0.77, 0.765, 0.786, 0.743, 0.805, 0.784, 0.777, 0.814, 0.831, 0.834, 0.837, 0.826, 0.82, 0.814, 0.835, 0.822, 0.841, 0.851, 0.831, 0.847, 0.846, 0.847, 0.845, 0.852, 0.858, 0.861, 0.858, 0.84, 0.86, 0.869, 0.857, 0.859, 0.874, 0.877, 0.818, 0.879, 0.881, 0.855, 0.853, 0.832, 0.884, 0.88, 0.858, 0.853, 0.868, 0.856, 0.868, 0.855, 0.886, 0.873, 0.882, 0.879, 0.869, 0.845, 0.888, 0.883, 0.884, 0.841, 0.886, 0.893, 0.888, 0.887, 0.88, 0.893, 0.876, 0.85, 0.874, 0.881, 0.871, 0.897, 0.895, 0.892, 0.871, 0.88, 0.888, 0.871, 0.88, 0.885, 0.895, 0.887, 0.841, 0.891]
Train Loss: [2.388, 1.895, 1.484, 1.099, 0.79, 0.573, 0.446, 0.344, 0.262, 0.203, 0.15, 0.123, 0.098, 0.082, 0.069, 0.07, 0.038, 0.041, 0.024, 0.024, 0.016, 0.016, 0.012, 0.013, 0.01, 0.01, 0.009, 0.008, 0.008, 0.009, 0.008, 0.007, 0.006, 0.006, 0.006, 0.005, 0.005, 0.005, 0.005, 0.005, 0.005, 0.005, 0.004, 0.004, 0.005, 0.005, 0.004, 0.003, 0.003, 0.003, 0.003, 0.003, 0.003, 0.003, 0.003, 0.003, 0.003, 0.002, 0.002, 0.003, 0.002, 0.002, 0.002, 0.002, 0.002, 0.002, 0.002, 0.002, 0.002, 0.002, 0.002, 0.002, 0.002, 0.002, 0.002, 0.001, 0.001, 0.001, 0.002, 0.001, 0.002, 0.002, 0.001, 0.001, 0.001, 0.001, 0.001, 0.001, 0.001, 0.001, 0.001, 0.001, 0.001, 0.001, 0.001, 0.001, 0.001, 0.001, 0.001, 0.001, 0.001, 0.001, 0.001, 0.001, 0.001, 0.001, 0.001, 0.001, 0.001, 0.001, 0.001, 0.001, 0.001, 0.001, 0.001, 0.001, 0.001, 0.001, 0.001, 0.001]
Max test score: 0.873 found at epoch: 98
Max test score shapes: 0.832 found at epoch: 98
Avg generalisation ratio: 0.886
Avg generalisation diff: 0.081