seed 42
FullySupervisedPercentage: 0
logic loss multiplier: 0.01
Active: Pointloss True 10 
Active: MinSizeBackgroundloss True 1 
Active: MaxSizeBackgroundloss True 20 
Active: MinSizeShapesloss True 30 
Active: MaxSizeShapesloss True 1 

Test Scores: [0.231, 0.282, 0.304, 0.343, 0.356, 0.392, 0.4, 0.412, 0.444, 0.46, 0.511, 0.504, 0.548, 0.526, 0.512, 0.521, 0.521, 0.453, 0.467, 0.481, 0.487, 0.508, 0.522, 0.5, 0.508, 0.516, 0.516, 0.487, 0.506, 0.527, 0.531, 0.518, 0.526, 0.513, 0.513, 0.534, 0.526, 0.515, 0.503, 0.501, 0.488, 0.51, 0.518, 0.472, 0.501, 0.498, 0.505, 0.498, 0.483, 0.456, 0.433, 0.447, 0.46, 0.455, 0.482, 0.452, 0.477, 0.508, 0.519, 0.538, 0.557, 0.537, 0.535, 0.526, 0.532, 0.54, 0.531, 0.536, 0.525, 0.526, 0.522, 0.518, 0.523, 0.484, 0.517, 0.53, 0.533, 0.554, 0.557, 0.53, 0.513, 0.482, 0.473, 0.445, 0.472, 0.483, 0.486, 0.5, 0.49, 0.493, 0.502, 0.506, 0.505, 0.506, 0.52, 0.521, 0.508, 0.504, 0.501, 0.491, 0.484, 0.486, 0.477, 0.483, 0.477, 0.481, 0.482, 0.461, 0.488, 0.493, 0.488, 0.504, 0.501, 0.503, 0.497, 0.48, 0.48, 0.471, 0.496, 0.502]
Test Scores w/o background: [0.08, 0.105, 0.122, 0.162, 0.172, 0.21, 0.217, 0.23, 0.277, 0.294, 0.361, 0.353, 0.409, 0.38, 0.364, 0.376, 0.375, 0.287, 0.307, 0.325, 0.333, 0.359, 0.375, 0.348, 0.358, 0.369, 0.367, 0.328, 0.355, 0.384, 0.391, 0.372, 0.381, 0.365, 0.364, 0.392, 0.383, 0.369, 0.354, 0.351, 0.333, 0.362, 0.373, 0.313, 0.351, 0.347, 0.356, 0.346, 0.329, 0.294, 0.264, 0.282, 0.298, 0.291, 0.326, 0.286, 0.318, 0.359, 0.373, 0.397, 0.422, 0.395, 0.392, 0.38, 0.389, 0.4, 0.389, 0.397, 0.383, 0.384, 0.379, 0.374, 0.38, 0.329, 0.373, 0.391, 0.393, 0.42, 0.423, 0.389, 0.368, 0.326, 0.314, 0.277, 0.313, 0.327, 0.332, 0.35, 0.338, 0.341, 0.354, 0.358, 0.358, 0.358, 0.375, 0.377, 0.359, 0.356, 0.353, 0.34, 0.33, 0.333, 0.321, 0.329, 0.321, 0.327, 0.328, 0.301, 0.336, 0.342, 0.335, 0.356, 0.353, 0.356, 0.348, 0.325, 0.326, 0.314, 0.346, 0.353]
Train Scores: [0.236, 0.288, 0.329, 0.377, 0.379, 0.427, 0.445, 0.463, 0.48, 0.506, 0.568, 0.568, 0.596, 0.581, 0.573, 0.583, 0.563, 0.507, 0.511, 0.521, 0.52, 0.572, 0.579, 0.534, 0.55, 0.576, 0.572, 0.566, 0.564, 0.579, 0.568, 0.568, 0.565, 0.569, 0.57, 0.585, 0.573, 0.555, 0.556, 0.557, 0.544, 0.563, 0.569, 0.521, 0.551, 0.559, 0.569, 0.566, 0.532, 0.505, 0.488, 0.494, 0.515, 0.509, 0.531, 0.514, 0.555, 0.546, 0.578, 0.602, 0.608, 0.598, 0.585, 0.594, 0.594, 0.591, 0.572, 0.575, 0.569, 0.567, 0.573, 0.576, 0.581, 0.541, 0.563, 0.562, 0.564, 0.597, 0.606, 0.579, 0.558, 0.532, 0.529, 0.496, 0.527, 0.545, 0.526, 0.543, 0.535, 0.526, 0.536, 0.546, 0.55, 0.551, 0.562, 0.565, 0.563, 0.553, 0.538, 0.528, 0.519, 0.521, 0.514, 0.519, 0.514, 0.516, 0.519, 0.498, 0.525, 0.531, 0.526, 0.546, 0.539, 0.54, 0.54, 0.527, 0.524, 0.513, 0.544, 0.558]
Train Scores w/o background: [0.082, 0.112, 0.153, 0.207, 0.203, 0.258, 0.277, 0.298, 0.323, 0.354, 0.436, 0.436, 0.472, 0.452, 0.444, 0.457, 0.43, 0.357, 0.364, 0.377, 0.376, 0.443, 0.451, 0.392, 0.413, 0.447, 0.441, 0.433, 0.431, 0.451, 0.437, 0.438, 0.433, 0.438, 0.439, 0.459, 0.444, 0.42, 0.423, 0.424, 0.407, 0.432, 0.44, 0.376, 0.415, 0.427, 0.44, 0.434, 0.393, 0.358, 0.335, 0.343, 0.37, 0.361, 0.39, 0.367, 0.421, 0.408, 0.45, 0.482, 0.489, 0.475, 0.458, 0.47, 0.47, 0.466, 0.442, 0.448, 0.44, 0.439, 0.446, 0.45, 0.456, 0.404, 0.433, 0.431, 0.434, 0.476, 0.488, 0.453, 0.425, 0.391, 0.387, 0.343, 0.385, 0.408, 0.384, 0.406, 0.395, 0.384, 0.397, 0.409, 0.415, 0.416, 0.429, 0.434, 0.432, 0.42, 0.401, 0.388, 0.376, 0.379, 0.369, 0.376, 0.369, 0.373, 0.376, 0.348, 0.383, 0.391, 0.384, 0.411, 0.401, 0.403, 0.403, 0.386, 0.382, 0.368, 0.408, 0.426]
Train Loss: [1.118, 0.821, 0.584, 0.398, 0.246, 0.132, 0.067, 0.022, 0.002, 0.002, 0.009, 0.004, 0.006, 0.004, 0.0, 0.002, 0.007, 0.004, 0.0, 0.002, 0.004, 0.01, 0.0, 0.001, 0.003, 0.001, 0.006, 0.006, 0.008, 0.006, 0.002, 0.0, 0.0, 0.0, 0.001, 0.0, 0.006, 0.0, 0.002, 0.0, 0.0, 0.0, 0.0, 0.0, 0.0, 0.001, 0.001, 0.0, 0.0, 0.0, 0.0, 0.0, 0.0, 0.0, 0.0, 0.002, 0.003, 0.0, 0.005, 0.004, 0.003, 0.002, 0.002, 0.006, 0.0, 0.0, 0.0, 0.0, 0.0, 0.0, 0.0, 0.0, 0.0, 0.0, 0.0, 0.0, 0.0, 0.0, 0.0, 0.0, 0.0, 0.0, 0.0, 0.0, 0.001, 0.001, 0.0, 0.001, 0.002, 0.004, 0.0, 0.0, 0.0, 0.0, 0.0, 0.0, 0.0, 0.0, 0.0, 0.0, 0.0, 0.0, 0.0, 0.0, 0.0, 0.0, 0.0, 0.0, 0.0, 0.0, 0.0, 0.0, 0.0, 0.0, 0.0, 0.0, 0.0, 0.0, 0.0, 0.0]
Max test score: 0.557 found at epoch: 79
Max test score shapes: 0.423 found at epoch: 79
Avg generalisation ratio: 0.847
Avg generalisation diff: 0.061