seed 42
percentFullySupervised 0.2
domainLossMultiplier 0.01

Test Scores: [0.194, 0.197, 0.193, 0.201, 0.205, 0.193, 0.195, 0.203, 0.204, 0.199, 0.199, 0.184, 0.19, 0.202, 0.19, 0.197, 0.196, 0.207, 0.18, 0.177, 0.19, 0.209, 0.205, 0.193, 0.203, 0.193, 0.188, 0.188, 0.201, 0.188, 0.187, 0.205, 0.187, 0.19, 0.18, 0.187, 0.193, 0.198, 0.184, 0.191, 0.204, 0.177, 0.19, 0.196, 0.207, 0.195, 0.187, 0.193, 0.192, 0.207, 0.174, 0.193, 0.158, 0.196, 0.177, 0.188, 0.192, 0.202, 0.194, 0.201, 0.206, 0.182, 0.195, 0.194, 0.186, 0.209, 0.205, 0.2, 0.193, 0.189, 0.171, 0.19, 0.192, 0.183, 0.193, 0.184, 0.186, 0.182, 0.193, 0.194, 0.203, 0.188, 0.18, 0.182, 0.18, 0.193, 0.199, 0.198, 0.187, 0.197, 0.175, 0.186, 0.188, 0.195, 0.189, 0.173, 0.2, 0.195, 0.181, 0.192]
Test Scores w/o background: [0.04, 0.04, 0.041, 0.042, 0.04, 0.042, 0.042, 0.041, 0.041, 0.04, 0.04, 0.041, 0.038, 0.042, 0.04, 0.041, 0.04, 0.041, 0.041, 0.039, 0.041, 0.042, 0.041, 0.041, 0.041, 0.039, 0.041, 0.039, 0.043, 0.04, 0.04, 0.04, 0.039, 0.039, 0.04, 0.04, 0.039, 0.042, 0.039, 0.041, 0.041, 0.039, 0.04, 0.04, 0.041, 0.041, 0.04, 0.041, 0.04, 0.042, 0.039, 0.041, 0.038, 0.04, 0.039, 0.04, 0.04, 0.041, 0.04, 0.043, 0.041, 0.039, 0.04, 0.04, 0.04, 0.041, 0.041, 0.04, 0.04, 0.039, 0.04, 0.04, 0.039, 0.04, 0.042, 0.04, 0.038, 0.039, 0.039, 0.039, 0.041, 0.04, 0.038, 0.039, 0.039, 0.041, 0.041, 0.04, 0.04, 0.039, 0.039, 0.04, 0.038, 0.041, 0.04, 0.038, 0.04, 0.039, 0.04, 0.041]
Train Scores: [0.219, 0.219, 0.206, 0.215, 0.223, 0.214, 0.216, 0.222, 0.216, 0.22, 0.223, 0.209, 0.217, 0.222, 0.214, 0.212, 0.218, 0.228, 0.21, 0.204, 0.213, 0.226, 0.222, 0.213, 0.222, 0.22, 0.204, 0.217, 0.22, 0.213, 0.211, 0.229, 0.21, 0.212, 0.196, 0.209, 0.222, 0.212, 0.206, 0.213, 0.224, 0.206, 0.214, 0.222, 0.226, 0.218, 0.213, 0.216, 0.218, 0.225, 0.19, 0.22, 0.184, 0.219, 0.203, 0.21, 0.209, 0.222, 0.22, 0.214, 0.228, 0.214, 0.216, 0.212, 0.209, 0.228, 0.227, 0.228, 0.222, 0.219, 0.193, 0.215, 0.22, 0.204, 0.206, 0.212, 0.218, 0.211, 0.218, 0.212, 0.223, 0.215, 0.209, 0.206, 0.204, 0.214, 0.218, 0.22, 0.204, 0.225, 0.196, 0.208, 0.217, 0.217, 0.218, 0.208, 0.225, 0.214, 0.21, 0.207]
Train Scores w/o background: [0.04, 0.039, 0.037, 0.039, 0.04, 0.039, 0.039, 0.04, 0.039, 0.04, 0.04, 0.038, 0.039, 0.041, 0.039, 0.038, 0.039, 0.041, 0.039, 0.038, 0.039, 0.041, 0.039, 0.039, 0.04, 0.04, 0.038, 0.04, 0.041, 0.04, 0.039, 0.041, 0.038, 0.038, 0.035, 0.038, 0.039, 0.039, 0.038, 0.04, 0.04, 0.038, 0.04, 0.04, 0.04, 0.039, 0.04, 0.039, 0.04, 0.041, 0.036, 0.042, 0.035, 0.04, 0.038, 0.039, 0.038, 0.04, 0.04, 0.039, 0.041, 0.04, 0.039, 0.038, 0.038, 0.04, 0.041, 0.042, 0.04, 0.041, 0.036, 0.039, 0.04, 0.038, 0.038, 0.039, 0.039, 0.039, 0.039, 0.038, 0.04, 0.039, 0.038, 0.037, 0.038, 0.039, 0.04, 0.041, 0.038, 0.04, 0.037, 0.039, 0.039, 0.04, 0.04, 0.038, 0.04, 0.038, 0.038, 0.038]
Train Loss: [0.0, 0.0, 0.0, 0.0, 0.0, 0.0, 0.0, 0.0, 0.0, 0.0, 0.0, 0.0, 0.0, 0.0, 0.0, 0.0, 0.0, 0.0, 0.0, 0.0, 0.0, 0.0, 0.0, 0.0, 0.0, 0.0, 0.0, 0.0, 0.0, 0.0, 0.0, 0.0, 0.0, 0.0, 0.0, 0.0, 0.0, 0.0, 0.0, 0.0, 0.0, 0.0, 0.0, 0.0, 0.0, 0.0, 0.0, 0.0, 0.0, 0.0, 0.0, 0.0, 0.0, 0.0, 0.0, 0.0, 0.0, 0.0, 0.0, 0.0, 0.0, 0.0, 0.0, 0.0, 0.0, 0.0, 0.0, 0.0, 0.0, 0.0, 0.0, 0.0, 0.0, 0.0, 0.0, 0.0, 0.0, 0.0, 0.0, 0.0, 0.0, 0.0, 0.0, 0.0, 0.0, 0.0, 0.0, 0.0, 0.0, 0.0, 0.0, 0.0, 0.0, 0.0, 0.0, 0.0, 0.0, 0.0, 0.0, 0.0]
Max test score: 0.209 found at epoch: 66
Max test score shapes: 0.043 found at epoch: 29
Avg generalisation ratio: 1.027
Avg generalisation diff: -0.001