seed 42
percentFullySupervised 0.2
Active:  BBox loss [True, False, 1] [True, 0.2] [False, 1] linear True False 0 
Active: Scribblesloss True 1 
domainLossMultiplier 0.01
Active: Adjacencyloss True True 30 0.0001 False False 
Active: Relationsloss True 2 True 0.1 False True False 
Active: OneHotloss True 20 
Active: Smoothnessloss True 100 
Active: MinSizeShapesloss True 1 0.5 0.0035 0.015 
Active: MaxSizeShapesloss True 1 0.98 0.2 0.42 

Test Scores: [0.384, 0.392, 0.387, 0.437, 0.464, 0.51, 0.494, 0.518, 0.506, 0.529, 0.549, 0.532, 0.485, 0.556, 0.562, 0.545, 0.524, 0.567, 0.573, 0.525, 0.578, 0.517, 0.513, 0.527, 0.524, 0.552, 0.488, 0.553, 0.498, 0.567, 0.523, 0.512, 0.567, 0.538, 0.556, 0.567, 0.56, 0.507, 0.571, 0.557, 0.483, 0.536, 0.562, 0.539, 0.513, 0.543, 0.505, 0.558, 0.536, 0.536, 0.544, 0.526, 0.558, 0.526, 0.562, 0.542, 0.497, 0.546, 0.566, 0.551, 0.543, 0.547, 0.519, 0.497, 0.56, 0.537, 0.538, 0.519, 0.543, 0.513, 0.511, 0.563, 0.53, 0.533, 0.549, 0.546, 0.573, 0.583, 0.51, 0.532, 0.551, 0.572, 0.554, 0.577, 0.55, 0.548, 0.538, 0.542, 0.557, 0.548, 0.559, 0.539, 0.558, 0.572, 0.544, 0.533, 0.595, 0.557, 0.536, 0.57]
Test Scores w/o background: [0.266, 0.287, 0.274, 0.313, 0.329, 0.356, 0.354, 0.361, 0.339, 0.391, 0.403, 0.376, 0.306, 0.401, 0.41, 0.388, 0.359, 0.42, 0.425, 0.358, 0.438, 0.357, 0.34, 0.356, 0.36, 0.397, 0.309, 0.397, 0.318, 0.415, 0.352, 0.34, 0.418, 0.375, 0.398, 0.417, 0.406, 0.333, 0.422, 0.403, 0.296, 0.375, 0.41, 0.377, 0.339, 0.383, 0.33, 0.404, 0.371, 0.371, 0.387, 0.357, 0.404, 0.36, 0.408, 0.382, 0.321, 0.389, 0.414, 0.391, 0.383, 0.385, 0.351, 0.319, 0.408, 0.373, 0.375, 0.351, 0.38, 0.34, 0.336, 0.409, 0.363, 0.367, 0.39, 0.385, 0.424, 0.439, 0.334, 0.366, 0.393, 0.422, 0.397, 0.428, 0.391, 0.388, 0.374, 0.379, 0.401, 0.387, 0.404, 0.378, 0.402, 0.421, 0.385, 0.37, 0.454, 0.402, 0.372, 0.418]
Train Scores: [0.435, 0.428, 0.425, 0.456, 0.524, 0.572, 0.523, 0.556, 0.516, 0.572, 0.6, 0.568, 0.528, 0.621, 0.612, 0.593, 0.548, 0.611, 0.63, 0.572, 0.598, 0.557, 0.57, 0.57, 0.591, 0.605, 0.543, 0.627, 0.527, 0.58, 0.576, 0.545, 0.641, 0.601, 0.605, 0.619, 0.628, 0.561, 0.621, 0.603, 0.506, 0.576, 0.585, 0.574, 0.56, 0.578, 0.537, 0.617, 0.592, 0.562, 0.614, 0.589, 0.608, 0.576, 0.613, 0.59, 0.538, 0.567, 0.593, 0.589, 0.591, 0.609, 0.557, 0.567, 0.607, 0.616, 0.616, 0.607, 0.575, 0.551, 0.531, 0.625, 0.604, 0.608, 0.579, 0.613, 0.637, 0.628, 0.556, 0.562, 0.588, 0.624, 0.618, 0.615, 0.613, 0.597, 0.594, 0.589, 0.601, 0.577, 0.621, 0.611, 0.621, 0.639, 0.58, 0.565, 0.635, 0.583, 0.591, 0.641]
Train Scores w/o background: [0.309, 0.307, 0.29, 0.319, 0.383, 0.428, 0.39, 0.395, 0.34, 0.441, 0.462, 0.415, 0.35, 0.479, 0.464, 0.44, 0.382, 0.469, 0.495, 0.412, 0.452, 0.407, 0.405, 0.403, 0.437, 0.455, 0.373, 0.488, 0.342, 0.419, 0.41, 0.369, 0.505, 0.445, 0.452, 0.477, 0.492, 0.392, 0.478, 0.453, 0.314, 0.415, 0.427, 0.411, 0.392, 0.417, 0.356, 0.474, 0.437, 0.394, 0.47, 0.435, 0.459, 0.419, 0.465, 0.435, 0.363, 0.41, 0.439, 0.432, 0.433, 0.459, 0.388, 0.403, 0.461, 0.469, 0.472, 0.462, 0.411, 0.378, 0.347, 0.481, 0.447, 0.454, 0.418, 0.46, 0.498, 0.486, 0.382, 0.391, 0.428, 0.476, 0.472, 0.466, 0.465, 0.441, 0.436, 0.428, 0.445, 0.417, 0.478, 0.463, 0.475, 0.499, 0.423, 0.4, 0.495, 0.422, 0.434, 0.502]
Train Loss: [7.057, 4.055, 2.877, 2.234, 1.946, 1.5, 1.322, 1.313, 1.329, 1.343, 1.196, 1.437, 1.108, 1.023, 1.076, 0.6, 0.66, 0.632, 0.744, 0.565, 0.479, 0.496, 0.339, 0.461, 0.541, 0.542, 0.516, 0.501, 0.347, 0.251, 0.385, 0.27, 0.189, 0.15, 0.276, 0.109, 0.153, 0.208, 0.114, 0.248, 0.145, 0.208, 0.153, 0.079, 0.114, 0.158, 0.118, 0.115, 0.219, 0.115, 0.092, 0.113, 0.149, 0.163, 0.13, 0.083, 0.137, 0.073, 0.129, 0.084, 0.177, 0.406, 0.124, 0.104, 0.102, 0.072, 0.114, 0.103, 0.037, 0.077, 0.13, 0.054, 0.116, 0.057, 0.058, 0.179, 0.086, 0.03, 0.089, 0.101, 0.071, 0.095, 0.034, 0.089, 0.094, 0.165, 0.04, 0.08, 0.066, 0.12, 0.062, 0.053, 0.063, 0.063, 0.058, 0.083, 0.066, 0.053, 0.026, 0.04]
Max test score: 0.595 found at epoch: 97
Max test score shapes: 0.454 found at epoch: 97
Avg generalisation ratio: 0.882
Avg generalisation diff: 0.052