seed 42
percentFullySupervised 0.2
Active:  BBox loss [True, False, 1] [True, 0.2] [False, 1] linear False False 0 
domainLossMultiplier 0.01
Active: Adjacencyloss True True 30 0.0001 False False 
Active: Relationsloss True 2 True 0.1 False True False 
Active: OneHotloss True 20 
Active: Smoothnessloss True 100 
Active: MinSizeShapesloss True 1 0.5 0.0035 0.015 
Active: MaxSizeShapesloss True 1 0.98 0.2 0.42 

Test Scores: [0.267, 0.315, 0.382, 0.402, 0.447, 0.438, 0.426, 0.41, 0.431, 0.404, 0.419, 0.424, 0.369, 0.405, 0.394, 0.366, 0.41, 0.421, 0.451, 0.416, 0.439, 0.392, 0.379, 0.392, 0.478, 0.426, 0.41, 0.388, 0.383, 0.441, 0.398, 0.376, 0.408, 0.383, 0.382, 0.408, 0.418, 0.366, 0.424, 0.435, 0.361, 0.411, 0.393, 0.381, 0.383, 0.432, 0.373, 0.388, 0.373, 0.37, 0.421, 0.403, 0.422, 0.355, 0.421, 0.391, 0.37, 0.386, 0.416, 0.397, 0.389, 0.436, 0.363, 0.399, 0.427, 0.407, 0.412, 0.411, 0.35, 0.425, 0.367, 0.461, 0.402, 0.458, 0.435, 0.382, 0.402, 0.423, 0.379, 0.409, 0.391, 0.4, 0.392, 0.42, 0.421, 0.4, 0.42, 0.378, 0.408, 0.37, 0.428, 0.415, 0.409, 0.407, 0.401, 0.411, 0.464, 0.429, 0.392, 0.435]
Test Scores w/o background: [0.161, 0.172, 0.185, 0.21, 0.265, 0.245, 0.236, 0.199, 0.231, 0.192, 0.217, 0.218, 0.142, 0.195, 0.182, 0.141, 0.198, 0.215, 0.258, 0.208, 0.246, 0.171, 0.159, 0.173, 0.294, 0.22, 0.197, 0.166, 0.162, 0.253, 0.183, 0.153, 0.201, 0.162, 0.161, 0.2, 0.21, 0.137, 0.22, 0.24, 0.13, 0.202, 0.181, 0.163, 0.159, 0.228, 0.144, 0.168, 0.143, 0.142, 0.217, 0.189, 0.223, 0.124, 0.217, 0.173, 0.143, 0.167, 0.213, 0.182, 0.172, 0.24, 0.135, 0.184, 0.225, 0.196, 0.2, 0.198, 0.111, 0.219, 0.141, 0.27, 0.189, 0.27, 0.238, 0.161, 0.192, 0.219, 0.159, 0.198, 0.171, 0.183, 0.172, 0.213, 0.215, 0.186, 0.216, 0.153, 0.201, 0.144, 0.226, 0.204, 0.198, 0.196, 0.187, 0.204, 0.284, 0.227, 0.173, 0.233]
Train Scores: [0.289, 0.322, 0.41, 0.428, 0.48, 0.441, 0.438, 0.437, 0.44, 0.418, 0.416, 0.443, 0.413, 0.436, 0.424, 0.371, 0.415, 0.449, 0.458, 0.447, 0.464, 0.414, 0.412, 0.403, 0.457, 0.441, 0.413, 0.435, 0.405, 0.438, 0.413, 0.404, 0.434, 0.427, 0.395, 0.427, 0.44, 0.405, 0.431, 0.44, 0.388, 0.428, 0.398, 0.41, 0.421, 0.48, 0.412, 0.398, 0.396, 0.397, 0.425, 0.418, 0.417, 0.399, 0.449, 0.446, 0.424, 0.424, 0.437, 0.414, 0.404, 0.436, 0.399, 0.412, 0.459, 0.446, 0.445, 0.437, 0.391, 0.442, 0.405, 0.497, 0.437, 0.465, 0.448, 0.414, 0.417, 0.442, 0.414, 0.437, 0.432, 0.443, 0.432, 0.447, 0.441, 0.438, 0.42, 0.407, 0.423, 0.418, 0.445, 0.436, 0.432, 0.451, 0.444, 0.456, 0.474, 0.429, 0.421, 0.448]
Train Scores w/o background: [0.168, 0.18, 0.21, 0.233, 0.301, 0.236, 0.241, 0.225, 0.23, 0.201, 0.205, 0.231, 0.189, 0.224, 0.217, 0.131, 0.199, 0.24, 0.26, 0.235, 0.264, 0.198, 0.192, 0.176, 0.249, 0.229, 0.202, 0.219, 0.182, 0.226, 0.189, 0.178, 0.219, 0.21, 0.167, 0.222, 0.238, 0.18, 0.225, 0.24, 0.156, 0.21, 0.181, 0.188, 0.205, 0.292, 0.192, 0.17, 0.164, 0.171, 0.209, 0.197, 0.197, 0.175, 0.241, 0.236, 0.204, 0.207, 0.225, 0.192, 0.181, 0.223, 0.17, 0.188, 0.261, 0.246, 0.236, 0.225, 0.157, 0.232, 0.18, 0.308, 0.225, 0.264, 0.241, 0.195, 0.202, 0.233, 0.193, 0.223, 0.215, 0.229, 0.216, 0.239, 0.232, 0.225, 0.199, 0.18, 0.206, 0.197, 0.239, 0.223, 0.217, 0.246, 0.234, 0.25, 0.279, 0.217, 0.204, 0.241]
Train Loss: [3.213, 1.519, 0.936, 0.63, 0.431, 0.298, 0.234, 0.17, 0.128, 0.103, 0.077, 0.064, 0.057, 0.059, 0.043, 0.037, 0.024, 0.024, 0.02, 0.021, 0.022, 0.018, 0.021, 0.011, 0.012, 0.016, 0.011, 0.017, 0.014, 0.033, 0.013, 0.006, 0.011, 0.005, 0.007, 0.009, 0.008, 0.009, 0.006, 0.006, 0.004, 0.009, 0.008, 0.01, 0.005, 0.005, 0.01, 0.012, 0.006, 0.004, 0.011, 0.006, 0.007, 0.004, 0.002, 0.002, 0.002, 0.006, 0.002, 0.005, 0.002, 0.002, 0.002, 0.019, 0.003, 0.005, 0.007, 0.007, 0.006, 0.002, 0.005, 0.001, 0.003, 0.002, 0.025, 0.002, 0.007, 0.005, 0.007, 0.002, 0.003, 0.001, 0.004, 0.001, 0.004, 0.001, 0.004, 0.003, 0.004, 0.003, 0.001, 0.001, 0.006, 0.004, 0.006, 0.001, 0.002, 0.002, 0.002, 0.004]
Max test score: 0.478 found at epoch: 25
Max test score shapes: 0.294 found at epoch: 25
Avg generalisation ratio: 0.903
Avg generalisation diff: 0.021