seed 42
percentFullySupervised 0.2
Active:  BBox loss [True, True, 1] [True, 0.2] [False, 1] linear False False 0 
Active: Scribblesloss True 1 
domainLossMultiplier 0.01
Active: Adjacencyloss True True 30 0.0001 False False 
Active: Relationsloss True 2 True 0.1 False True False 
Active: OneHotloss True 20 
Active: Smoothnessloss True 100 
Active: MinSizeShapesloss True 1 0.5 0.0035 0.015 
Active: MaxSizeShapesloss True 1 0.98 0.2 0.42 

Test Scores: [0.401, 0.433, 0.446, 0.53, 0.538, 0.556, 0.551, 0.524, 0.57, 0.575, 0.577, 0.579, 0.569, 0.609, 0.604, 0.574, 0.585, 0.605, 0.618, 0.578, 0.611, 0.556, 0.604, 0.599, 0.605, 0.584, 0.613, 0.577, 0.577, 0.596, 0.598, 0.592, 0.611, 0.609, 0.594, 0.608, 0.595, 0.542, 0.628, 0.618, 0.558, 0.63, 0.604, 0.595, 0.592, 0.598, 0.584, 0.595, 0.626, 0.586, 0.628, 0.586, 0.615, 0.611, 0.615, 0.605, 0.579, 0.587, 0.608, 0.589, 0.61, 0.606, 0.582, 0.593, 0.628, 0.563, 0.596, 0.622, 0.579, 0.617, 0.606, 0.612, 0.609, 0.636, 0.591, 0.618, 0.628, 0.629, 0.618, 0.62, 0.599, 0.617, 0.624, 0.634, 0.624, 0.603, 0.623, 0.618, 0.609, 0.605, 0.611, 0.595, 0.622, 0.638, 0.63, 0.632, 0.625, 0.626, 0.602, 0.619]
Test Scores w/o background: [0.267, 0.312, 0.313, 0.394, 0.389, 0.404, 0.403, 0.363, 0.424, 0.43, 0.435, 0.433, 0.418, 0.47, 0.467, 0.425, 0.438, 0.465, 0.483, 0.431, 0.47, 0.397, 0.466, 0.458, 0.465, 0.44, 0.476, 0.428, 0.42, 0.449, 0.452, 0.443, 0.477, 0.476, 0.45, 0.468, 0.449, 0.373, 0.498, 0.481, 0.394, 0.501, 0.462, 0.448, 0.446, 0.453, 0.437, 0.451, 0.493, 0.435, 0.499, 0.438, 0.477, 0.47, 0.478, 0.465, 0.428, 0.439, 0.467, 0.441, 0.469, 0.47, 0.433, 0.444, 0.495, 0.403, 0.448, 0.486, 0.428, 0.481, 0.467, 0.472, 0.47, 0.509, 0.443, 0.482, 0.496, 0.494, 0.479, 0.483, 0.455, 0.477, 0.491, 0.503, 0.487, 0.46, 0.487, 0.48, 0.47, 0.467, 0.474, 0.449, 0.486, 0.509, 0.497, 0.499, 0.492, 0.492, 0.46, 0.483]
Train Scores: [0.426, 0.442, 0.472, 0.559, 0.6, 0.656, 0.606, 0.539, 0.593, 0.666, 0.633, 0.619, 0.641, 0.667, 0.675, 0.643, 0.6, 0.655, 0.664, 0.625, 0.664, 0.613, 0.669, 0.663, 0.655, 0.675, 0.676, 0.639, 0.614, 0.67, 0.653, 0.638, 0.646, 0.681, 0.638, 0.668, 0.658, 0.562, 0.67, 0.723, 0.638, 0.698, 0.654, 0.632, 0.632, 0.651, 0.622, 0.607, 0.683, 0.649, 0.699, 0.622, 0.66, 0.673, 0.676, 0.637, 0.615, 0.612, 0.678, 0.638, 0.665, 0.684, 0.621, 0.608, 0.687, 0.601, 0.619, 0.671, 0.626, 0.67, 0.632, 0.64, 0.654, 0.683, 0.628, 0.69, 0.699, 0.699, 0.692, 0.686, 0.627, 0.65, 0.68, 0.7, 0.678, 0.683, 0.694, 0.67, 0.653, 0.672, 0.659, 0.625, 0.687, 0.718, 0.685, 0.67, 0.708, 0.69, 0.645, 0.688]
Train Scores w/o background: [0.284, 0.293, 0.312, 0.407, 0.458, 0.523, 0.458, 0.375, 0.436, 0.543, 0.502, 0.476, 0.5, 0.544, 0.547, 0.517, 0.453, 0.518, 0.532, 0.48, 0.534, 0.461, 0.542, 0.538, 0.525, 0.558, 0.549, 0.497, 0.469, 0.541, 0.516, 0.496, 0.507, 0.556, 0.495, 0.533, 0.523, 0.388, 0.541, 0.618, 0.495, 0.58, 0.518, 0.485, 0.488, 0.513, 0.478, 0.459, 0.565, 0.511, 0.579, 0.47, 0.524, 0.544, 0.547, 0.495, 0.466, 0.458, 0.548, 0.496, 0.533, 0.558, 0.469, 0.456, 0.563, 0.438, 0.466, 0.539, 0.478, 0.54, 0.488, 0.5, 0.517, 0.557, 0.485, 0.569, 0.582, 0.579, 0.569, 0.563, 0.478, 0.509, 0.553, 0.586, 0.551, 0.557, 0.573, 0.541, 0.515, 0.55, 0.525, 0.478, 0.564, 0.607, 0.561, 0.539, 0.591, 0.567, 0.505, 0.565]
Train Loss: [7.666, 4.76, 3.678, 2.987, 2.755, 2.248, 1.853, 1.709, 1.464, 1.81, 1.553, 1.444, 1.115, 1.021, 0.774, 0.788, 0.741, 0.79, 0.651, 0.633, 0.592, 0.504, 0.546, 0.61, 0.467, 0.367, 0.471, 0.393, 0.406, 0.403, 0.338, 0.263, 0.328, 0.386, 0.293, 0.354, 0.364, 0.447, 0.345, 0.62, 0.387, 0.369, 0.451, 0.412, 0.6, 0.344, 0.525, 0.315, 0.445, 0.325, 0.342, 0.3, 0.274, 0.296, 0.23, 0.248, 0.252, 0.248, 0.214, 0.214, 0.187, 0.158, 0.195, 0.168, 0.173, 0.219, 0.187, 0.208, 0.167, 0.196, 0.177, 0.187, 0.173, 0.159, 0.156, 0.137, 0.24, 0.135, 0.139, 0.134, 0.143, 0.134, 0.17, 0.123, 0.111, 0.127, 0.125, 0.108, 0.108, 0.122, 0.11, 0.138, 0.118, 0.111, 0.122, 0.101, 0.097, 0.1, 0.102, 0.12]
Max test score: 0.638 found at epoch: 94
Max test score shapes: 0.509 found at epoch: 74
Avg generalisation ratio: 0.89
Avg generalisation diff: 0.058