seed 42
percentFullySupervised 0.2
Active:  BBox loss [True, True, 1] [True, 0.2] [False, 1] linear False False 0 
domainLossMultiplier 0.01
Active: Adjacencyloss True True 30 0.0001 False False 
Active: Relationsloss True 2 True 0.1 False True False 
Active: OneHotloss True 20 
Active: Smoothnessloss True 100 
Active: MinSizeShapesloss True 1 0.5 0.0035 0.015 
Active: MaxSizeShapesloss True 1 0.98 0.2 0.42 

Test Scores: [0.259, 0.349, 0.412, 0.449, 0.42, 0.475, 0.442, 0.434, 0.467, 0.458, 0.475, 0.494, 0.491, 0.473, 0.516, 0.48, 0.507, 0.495, 0.481, 0.491, 0.516, 0.504, 0.493, 0.495, 0.514, 0.499, 0.483, 0.472, 0.447, 0.507, 0.457, 0.512, 0.505, 0.522, 0.507, 0.498, 0.5, 0.488, 0.491, 0.518, 0.472, 0.518, 0.507, 0.499, 0.489, 0.52, 0.493, 0.511, 0.513, 0.482, 0.502, 0.494, 0.524, 0.521, 0.52, 0.494, 0.452, 0.495, 0.518, 0.51, 0.514, 0.522, 0.472, 0.477, 0.519, 0.507, 0.501, 0.519, 0.518, 0.53, 0.503, 0.537, 0.532, 0.543, 0.508, 0.517, 0.525, 0.535, 0.527, 0.511, 0.528, 0.513, 0.518, 0.537, 0.537, 0.507, 0.509, 0.522, 0.504, 0.507, 0.529, 0.527, 0.521, 0.54, 0.521, 0.545, 0.523, 0.53, 0.519, 0.547]
Test Scores w/o background: [0.148, 0.201, 0.238, 0.27, 0.213, 0.298, 0.251, 0.238, 0.279, 0.278, 0.311, 0.319, 0.314, 0.298, 0.357, 0.301, 0.345, 0.322, 0.306, 0.319, 0.36, 0.336, 0.333, 0.326, 0.348, 0.321, 0.3, 0.286, 0.247, 0.336, 0.269, 0.347, 0.365, 0.366, 0.349, 0.323, 0.341, 0.304, 0.321, 0.362, 0.29, 0.356, 0.344, 0.328, 0.315, 0.359, 0.313, 0.346, 0.344, 0.298, 0.339, 0.315, 0.366, 0.353, 0.363, 0.317, 0.254, 0.321, 0.358, 0.339, 0.345, 0.364, 0.281, 0.288, 0.359, 0.335, 0.324, 0.354, 0.349, 0.366, 0.324, 0.387, 0.37, 0.387, 0.339, 0.352, 0.366, 0.376, 0.36, 0.346, 0.36, 0.341, 0.348, 0.384, 0.379, 0.33, 0.336, 0.355, 0.328, 0.332, 0.369, 0.362, 0.349, 0.382, 0.351, 0.392, 0.371, 0.369, 0.351, 0.395]
Train Scores: [0.287, 0.357, 0.467, 0.459, 0.464, 0.49, 0.428, 0.446, 0.462, 0.491, 0.475, 0.506, 0.491, 0.49, 0.492, 0.484, 0.5, 0.485, 0.474, 0.46, 0.494, 0.499, 0.514, 0.485, 0.501, 0.522, 0.472, 0.461, 0.46, 0.501, 0.461, 0.532, 0.521, 0.513, 0.521, 0.501, 0.543, 0.505, 0.471, 0.529, 0.483, 0.493, 0.474, 0.486, 0.513, 0.517, 0.473, 0.5, 0.51, 0.481, 0.522, 0.493, 0.496, 0.518, 0.498, 0.462, 0.452, 0.492, 0.532, 0.533, 0.494, 0.502, 0.483, 0.481, 0.502, 0.515, 0.504, 0.493, 0.498, 0.505, 0.494, 0.537, 0.553, 0.553, 0.527, 0.524, 0.526, 0.541, 0.532, 0.509, 0.5, 0.497, 0.505, 0.535, 0.53, 0.511, 0.502, 0.514, 0.515, 0.526, 0.506, 0.494, 0.525, 0.529, 0.506, 0.517, 0.536, 0.507, 0.493, 0.537]
Train Scores w/o background: [0.153, 0.206, 0.289, 0.27, 0.27, 0.303, 0.223, 0.24, 0.265, 0.313, 0.288, 0.327, 0.312, 0.31, 0.309, 0.291, 0.32, 0.297, 0.279, 0.261, 0.31, 0.314, 0.329, 0.291, 0.308, 0.338, 0.269, 0.254, 0.251, 0.31, 0.261, 0.361, 0.342, 0.334, 0.35, 0.32, 0.373, 0.313, 0.275, 0.35, 0.286, 0.313, 0.29, 0.295, 0.326, 0.335, 0.269, 0.313, 0.321, 0.284, 0.347, 0.299, 0.304, 0.333, 0.31, 0.256, 0.242, 0.298, 0.354, 0.358, 0.302, 0.313, 0.283, 0.281, 0.311, 0.33, 0.314, 0.298, 0.303, 0.314, 0.301, 0.365, 0.384, 0.385, 0.352, 0.345, 0.347, 0.368, 0.352, 0.328, 0.307, 0.305, 0.316, 0.362, 0.351, 0.323, 0.312, 0.329, 0.33, 0.345, 0.317, 0.3, 0.342, 0.348, 0.319, 0.331, 0.361, 0.316, 0.298, 0.363]
Train Loss: [3.673, 2.101, 1.626, 1.336, 1.063, 0.899, 0.796, 0.681, 0.618, 0.588, 0.538, 0.529, 0.479, 0.457, 0.439, 0.407, 0.403, 0.394, 0.36, 0.353, 0.315, 0.307, 0.303, 0.285, 0.259, 0.243, 0.34, 0.36, 0.366, 0.393, 0.42, 0.38, 0.334, 0.299, 0.324, 0.319, 0.329, 0.31, 0.281, 0.272, 0.297, 0.235, 0.213, 0.245, 0.217, 0.22, 0.206, 0.212, 0.195, 0.189, 0.172, 0.164, 0.166, 0.174, 0.178, 0.17, 0.182, 0.169, 0.168, 0.169, 0.143, 0.136, 0.146, 0.14, 0.133, 0.14, 0.129, 0.132, 0.138, 0.147, 0.161, 0.157, 0.174, 0.167, 0.17, 0.155, 0.151, 0.129, 0.134, 0.135, 0.141, 0.139, 0.115, 0.124, 0.138, 0.118, 0.108, 0.097, 0.103, 0.117, 0.118, 0.111, 0.103, 0.1, 0.11, 0.127, 0.135, 0.121, 0.1, 0.099]
Max test score: 0.547 found at epoch: 100
Max test score shapes: 0.395 found at epoch: 100
Avg generalisation ratio: 1.061
Avg generalisation diff: -0.019