seed 42
percentFullySupervised 0.2
Active: ImageLevelloss True True False 2 
Active: Scribblesloss True 1 
domainLossMultiplier 0.01
Active: Adjacencyloss True True 30 0.0001 False False 
Active: Relationsloss True 2 True 0.1 False True False 
Active: OneHotloss True 20 
Active: Smoothnessloss True 100 
Active: MinSizeShapesloss True 1 0.5 0.0035 0.015 
Active: MaxSizeShapesloss True 1 0.98 0.2 0.42 

Test Scores: [0.412, 0.479, 0.472, 0.525, 0.486, 0.52, 0.541, 0.475, 0.527, 0.546, 0.581, 0.488, 0.51, 0.591, 0.569, 0.561, 0.533, 0.551, 0.603, 0.597, 0.615, 0.559, 0.554, 0.567, 0.599, 0.581, 0.588, 0.574, 0.599, 0.584, 0.571, 0.587, 0.574, 0.581, 0.562, 0.613, 0.598, 0.584, 0.609, 0.588, 0.572, 0.601, 0.613, 0.615, 0.542, 0.59, 0.589, 0.607, 0.585, 0.564, 0.598, 0.597, 0.63, 0.615, 0.62, 0.564, 0.574, 0.58, 0.613, 0.607, 0.623, 0.617, 0.602, 0.569, 0.6, 0.591, 0.592, 0.635, 0.598, 0.566, 0.573, 0.612, 0.612, 0.613, 0.612, 0.609, 0.612, 0.609, 0.592, 0.598, 0.614, 0.608, 0.603, 0.614, 0.622, 0.614, 0.628, 0.617, 0.608, 0.602, 0.605, 0.614, 0.602, 0.586, 0.616, 0.629, 0.628, 0.633, 0.608, 0.631]
Test Scores w/o background: [0.282, 0.348, 0.33, 0.366, 0.309, 0.356, 0.377, 0.287, 0.357, 0.384, 0.432, 0.309, 0.334, 0.444, 0.413, 0.405, 0.366, 0.389, 0.463, 0.452, 0.48, 0.395, 0.392, 0.409, 0.454, 0.428, 0.443, 0.424, 0.456, 0.437, 0.415, 0.438, 0.421, 0.428, 0.4, 0.478, 0.453, 0.434, 0.47, 0.438, 0.417, 0.457, 0.475, 0.478, 0.377, 0.447, 0.441, 0.465, 0.434, 0.407, 0.454, 0.451, 0.5, 0.476, 0.486, 0.409, 0.422, 0.429, 0.474, 0.464, 0.487, 0.483, 0.458, 0.413, 0.458, 0.441, 0.446, 0.505, 0.452, 0.407, 0.419, 0.474, 0.476, 0.475, 0.473, 0.471, 0.476, 0.471, 0.444, 0.454, 0.475, 0.465, 0.46, 0.48, 0.494, 0.476, 0.496, 0.479, 0.465, 0.458, 0.465, 0.477, 0.458, 0.433, 0.478, 0.496, 0.5, 0.504, 0.467, 0.498]
Train Scores: [0.472, 0.493, 0.513, 0.528, 0.536, 0.601, 0.607, 0.518, 0.558, 0.62, 0.669, 0.524, 0.607, 0.634, 0.63, 0.637, 0.631, 0.613, 0.663, 0.639, 0.685, 0.626, 0.619, 0.613, 0.643, 0.625, 0.646, 0.651, 0.66, 0.646, 0.641, 0.631, 0.644, 0.651, 0.623, 0.67, 0.666, 0.637, 0.677, 0.621, 0.622, 0.686, 0.677, 0.684, 0.584, 0.641, 0.656, 0.675, 0.657, 0.641, 0.667, 0.665, 0.693, 0.674, 0.676, 0.594, 0.617, 0.619, 0.665, 0.667, 0.683, 0.678, 0.624, 0.636, 0.675, 0.654, 0.654, 0.679, 0.629, 0.649, 0.633, 0.679, 0.67, 0.67, 0.684, 0.679, 0.68, 0.697, 0.645, 0.647, 0.654, 0.677, 0.674, 0.687, 0.66, 0.668, 0.676, 0.666, 0.652, 0.655, 0.669, 0.647, 0.665, 0.666, 0.659, 0.663, 0.691, 0.691, 0.671, 0.687]
Train Scores w/o background: [0.332, 0.335, 0.369, 0.355, 0.363, 0.446, 0.455, 0.332, 0.388, 0.466, 0.537, 0.344, 0.456, 0.487, 0.485, 0.493, 0.483, 0.474, 0.531, 0.499, 0.558, 0.475, 0.469, 0.46, 0.499, 0.475, 0.507, 0.515, 0.53, 0.511, 0.498, 0.485, 0.506, 0.511, 0.471, 0.545, 0.541, 0.495, 0.549, 0.475, 0.476, 0.563, 0.548, 0.561, 0.42, 0.512, 0.52, 0.547, 0.521, 0.499, 0.541, 0.531, 0.573, 0.546, 0.549, 0.434, 0.467, 0.468, 0.533, 0.536, 0.557, 0.55, 0.473, 0.491, 0.55, 0.514, 0.516, 0.552, 0.483, 0.508, 0.487, 0.552, 0.538, 0.538, 0.559, 0.551, 0.55, 0.576, 0.503, 0.507, 0.518, 0.549, 0.545, 0.568, 0.537, 0.537, 0.556, 0.542, 0.513, 0.517, 0.539, 0.506, 0.531, 0.531, 0.523, 0.528, 0.57, 0.571, 0.541, 0.561]
Train Loss: [9.36, 5.779, 4.448, 3.343, 2.818, 2.332, 2.143, 1.703, 1.559, 1.349, 1.455, 1.326, 1.066, 0.925, 0.837, 0.756, 0.781, 0.664, 0.535, 0.517, 0.429, 0.473, 0.374, 0.433, 0.429, 0.449, 0.328, 0.359, 0.319, 0.307, 0.287, 0.278, 0.261, 0.305, 0.241, 0.22, 0.214, 0.24, 0.204, 0.17, 0.192, 0.163, 0.167, 0.157, 0.258, 0.17, 0.155, 0.165, 0.123, 0.158, 0.133, 0.155, 0.142, 0.139, 0.112, 0.127, 0.12, 0.118, 0.106, 0.081, 0.094, 0.082, 0.082, 0.099, 0.129, 0.11, 0.108, 0.138, 0.216, 0.14, 0.163, 0.205, 0.185, 0.136, 0.127, 0.126, 0.103, 0.092, 0.098, 0.12, 0.091, 0.077, 0.087, 0.134, 0.089, 0.1, 0.098, 0.102, 0.101, 0.085, 0.087, 0.092, 0.079, 0.09, 0.105, 0.072, 0.066, 0.063, 0.071, 0.09]
Max test score: 0.635 found at epoch: 68
Max test score shapes: 0.505 found at epoch: 68
Avg generalisation ratio: 0.87
Avg generalisation diff: 0.066