seed 0
percentFullySupervised 0.2
domainLossMultiplier 0.001
Active: Adjacencyloss True True 30 0.0001 False False 
Active: Relationsloss True 2 True 0.1 False True False 
Active: MinSizeShapesloss True 1 0.5 0.0035 0.015 
Active: MaxSizeShapesloss True 1 0.98 0.2 0.42 

Test Scores: [0.349, 0.366, 0.386, 0.404, 0.446, 0.42, 0.469, 0.48, 0.455, 0.537, 0.507, 0.486, 0.521, 0.505, 0.506, 0.501, 0.538, 0.524, 0.527, 0.52, 0.501, 0.509, 0.528, 0.52, 0.51, 0.495, 0.561, 0.535, 0.549, 0.54, 0.549, 0.535, 0.532, 0.506, 0.504, 0.482, 0.506, 0.517, 0.512, 0.493, 0.516, 0.509, 0.527, 0.529, 0.514, 0.486, 0.509, 0.483, 0.529, 0.521, 0.5, 0.533, 0.503, 0.553, 0.527, 0.509, 0.526, 0.526, 0.544, 0.521, 0.505, 0.531, 0.526, 0.527, 0.535, 0.523, 0.525, 0.553, 0.553, 0.557, 0.543, 0.505, 0.511, 0.535, 0.531, 0.539, 0.529, 0.529, 0.537, 0.542, 0.493, 0.513, 0.513, 0.514, 0.5, 0.535, 0.54, 0.536, 0.523, 0.511, 0.532, 0.519, 0.477, 0.526, 0.539, 0.517, 0.54, 0.526, 0.543, 0.527]
Test Scores w/o background: [0.205, 0.177, 0.186, 0.199, 0.261, 0.257, 0.301, 0.297, 0.269, 0.384, 0.35, 0.319, 0.356, 0.348, 0.334, 0.341, 0.397, 0.365, 0.375, 0.365, 0.336, 0.351, 0.372, 0.359, 0.352, 0.321, 0.425, 0.387, 0.394, 0.381, 0.392, 0.373, 0.383, 0.347, 0.353, 0.314, 0.347, 0.364, 0.351, 0.318, 0.358, 0.351, 0.376, 0.365, 0.351, 0.313, 0.341, 0.319, 0.378, 0.359, 0.328, 0.386, 0.326, 0.4, 0.366, 0.341, 0.379, 0.378, 0.397, 0.358, 0.339, 0.373, 0.363, 0.37, 0.376, 0.357, 0.372, 0.402, 0.402, 0.411, 0.388, 0.332, 0.341, 0.376, 0.371, 0.382, 0.37, 0.369, 0.379, 0.39, 0.332, 0.353, 0.349, 0.35, 0.34, 0.375, 0.381, 0.377, 0.36, 0.339, 0.37, 0.355, 0.304, 0.367, 0.393, 0.354, 0.383, 0.363, 0.386, 0.361]
Train Scores: [0.402, 0.399, 0.427, 0.474, 0.523, 0.491, 0.563, 0.552, 0.494, 0.613, 0.631, 0.595, 0.601, 0.621, 0.63, 0.623, 0.66, 0.646, 0.642, 0.671, 0.628, 0.656, 0.688, 0.667, 0.683, 0.657, 0.674, 0.669, 0.69, 0.689, 0.696, 0.693, 0.656, 0.682, 0.654, 0.615, 0.674, 0.688, 0.704, 0.663, 0.665, 0.685, 0.709, 0.718, 0.684, 0.65, 0.702, 0.67, 0.708, 0.732, 0.687, 0.703, 0.681, 0.722, 0.716, 0.73, 0.716, 0.681, 0.732, 0.713, 0.659, 0.737, 0.734, 0.715, 0.724, 0.699, 0.713, 0.732, 0.727, 0.739, 0.728, 0.693, 0.709, 0.746, 0.732, 0.752, 0.726, 0.745, 0.751, 0.711, 0.674, 0.696, 0.682, 0.726, 0.71, 0.725, 0.752, 0.758, 0.753, 0.706, 0.735, 0.717, 0.683, 0.71, 0.719, 0.702, 0.737, 0.722, 0.749, 0.737]
Train Scores w/o background: [0.242, 0.196, 0.221, 0.265, 0.337, 0.336, 0.402, 0.376, 0.307, 0.465, 0.486, 0.435, 0.439, 0.474, 0.481, 0.474, 0.529, 0.504, 0.503, 0.542, 0.485, 0.526, 0.564, 0.533, 0.565, 0.528, 0.547, 0.544, 0.569, 0.563, 0.575, 0.571, 0.532, 0.564, 0.522, 0.467, 0.552, 0.569, 0.588, 0.527, 0.538, 0.567, 0.599, 0.608, 0.564, 0.516, 0.588, 0.55, 0.597, 0.631, 0.568, 0.592, 0.556, 0.613, 0.604, 0.625, 0.612, 0.568, 0.63, 0.603, 0.53, 0.634, 0.63, 0.605, 0.615, 0.578, 0.602, 0.631, 0.62, 0.641, 0.621, 0.572, 0.594, 0.653, 0.635, 0.66, 0.625, 0.646, 0.656, 0.601, 0.55, 0.584, 0.557, 0.618, 0.608, 0.617, 0.655, 0.662, 0.656, 0.59, 0.633, 0.615, 0.566, 0.602, 0.622, 0.585, 0.631, 0.617, 0.656, 0.632]
Train Loss: [0.138, 0.081, 0.071, 0.065, 0.06, 0.057, 0.053, 0.05, 0.048, 0.044, 0.042, 0.041, 0.041, 0.04, 0.038, 0.037, 0.036, 0.035, 0.035, 0.035, 0.035, 0.035, 0.035, 0.034, 0.034, 0.033, 0.034, 0.033, 0.032, 0.032, 0.032, 0.032, 0.032, 0.032, 0.032, 0.035, 0.033, 0.032, 0.032, 0.031, 0.031, 0.031, 0.031, 0.031, 0.031, 0.031, 0.031, 0.031, 0.031, 0.031, 0.03, 0.031, 0.031, 0.03, 0.03, 0.03, 0.03, 0.03, 0.03, 0.03, 0.03, 0.03, 0.03, 0.03, 0.03, 0.03, 0.03, 0.03, 0.03, 0.029, 0.029, 0.029, 0.029, 0.029, 0.029, 0.029, 0.029, 0.029, 0.029, 0.029, 0.03, 0.031, 0.03, 0.03, 0.029, 0.029, 0.029, 0.029, 0.029, 0.029, 0.029, 0.029, 0.029, 0.029, 0.029, 0.029, 0.029, 0.029, 0.029, 0.029]
Max test score: 0.561 found at epoch: 27
Max test score shapes: 0.425 found at epoch: 27
Avg generalisation ratio: 0.648
Avg generalisation diff: 0.201