seed 234
percentFullySupervised 0.2
domainLossMultiplier 0.001
Active: Adjacencyloss True True 30 0.0001 False False 
Active: Relationsloss True 2 True 0.1 False True False 
Active: MinSizeShapesloss True 1 0.5 0.0035 0.015 
Active: MaxSizeShapesloss True 1 0.98 0.2 0.42 

Test Scores: [0.345, 0.344, 0.41, 0.48, 0.483, 0.495, 0.485, 0.512, 0.494, 0.5, 0.526, 0.516, 0.517, 0.506, 0.529, 0.521, 0.522, 0.516, 0.52, 0.517, 0.456, 0.489, 0.515, 0.525, 0.498, 0.499, 0.495, 0.471, 0.51, 0.498, 0.523, 0.45, 0.497, 0.488, 0.482, 0.493, 0.517, 0.498, 0.49, 0.504, 0.505, 0.474, 0.512, 0.502, 0.477, 0.471, 0.478, 0.495, 0.486, 0.506, 0.497, 0.532, 0.474, 0.492, 0.492, 0.486, 0.511, 0.479, 0.504, 0.523, 0.522, 0.507, 0.464, 0.494, 0.523, 0.499, 0.504, 0.508, 0.509, 0.516, 0.527, 0.504, 0.49, 0.486, 0.49, 0.508, 0.515, 0.503, 0.493, 0.482, 0.514, 0.507, 0.519, 0.507, 0.505, 0.513, 0.505, 0.504, 0.495, 0.494, 0.502, 0.487, 0.495, 0.493, 0.496, 0.505, 0.499, 0.529, 0.5, 0.488]
Test Scores w/o background: [0.173, 0.173, 0.207, 0.321, 0.312, 0.32, 0.31, 0.341, 0.315, 0.329, 0.377, 0.35, 0.359, 0.341, 0.369, 0.356, 0.361, 0.372, 0.362, 0.377, 0.278, 0.344, 0.368, 0.383, 0.346, 0.353, 0.356, 0.331, 0.362, 0.36, 0.365, 0.302, 0.354, 0.317, 0.333, 0.346, 0.372, 0.355, 0.341, 0.339, 0.348, 0.301, 0.355, 0.351, 0.303, 0.332, 0.324, 0.349, 0.321, 0.357, 0.34, 0.383, 0.317, 0.343, 0.342, 0.337, 0.361, 0.323, 0.357, 0.375, 0.368, 0.35, 0.309, 0.337, 0.366, 0.332, 0.343, 0.35, 0.355, 0.354, 0.372, 0.357, 0.337, 0.328, 0.336, 0.349, 0.355, 0.352, 0.344, 0.333, 0.358, 0.35, 0.363, 0.348, 0.349, 0.36, 0.353, 0.348, 0.339, 0.336, 0.345, 0.328, 0.343, 0.332, 0.343, 0.349, 0.342, 0.373, 0.345, 0.341]
Train Scores: [0.412, 0.363, 0.462, 0.56, 0.609, 0.603, 0.594, 0.583, 0.598, 0.592, 0.616, 0.616, 0.645, 0.643, 0.639, 0.615, 0.656, 0.662, 0.643, 0.671, 0.576, 0.612, 0.66, 0.665, 0.646, 0.645, 0.661, 0.651, 0.694, 0.672, 0.67, 0.626, 0.679, 0.636, 0.666, 0.684, 0.686, 0.657, 0.643, 0.661, 0.7, 0.664, 0.706, 0.704, 0.623, 0.667, 0.682, 0.67, 0.662, 0.679, 0.691, 0.716, 0.686, 0.692, 0.684, 0.641, 0.698, 0.682, 0.713, 0.726, 0.671, 0.683, 0.653, 0.685, 0.696, 0.68, 0.695, 0.667, 0.701, 0.679, 0.718, 0.718, 0.701, 0.649, 0.661, 0.694, 0.689, 0.701, 0.665, 0.705, 0.703, 0.683, 0.731, 0.681, 0.714, 0.721, 0.7, 0.703, 0.686, 0.641, 0.683, 0.668, 0.689, 0.678, 0.695, 0.677, 0.701, 0.69, 0.699, 0.692]
Train Scores w/o background: [0.224, 0.189, 0.276, 0.4, 0.458, 0.458, 0.44, 0.427, 0.442, 0.439, 0.481, 0.47, 0.513, 0.512, 0.504, 0.467, 0.523, 0.544, 0.512, 0.558, 0.421, 0.483, 0.535, 0.542, 0.517, 0.521, 0.549, 0.536, 0.584, 0.556, 0.54, 0.508, 0.56, 0.492, 0.549, 0.573, 0.572, 0.539, 0.518, 0.53, 0.582, 0.535, 0.598, 0.6, 0.48, 0.555, 0.567, 0.552, 0.539, 0.566, 0.573, 0.611, 0.575, 0.587, 0.577, 0.52, 0.592, 0.571, 0.611, 0.63, 0.545, 0.562, 0.529, 0.565, 0.582, 0.553, 0.575, 0.544, 0.59, 0.561, 0.616, 0.616, 0.596, 0.523, 0.542, 0.587, 0.576, 0.597, 0.553, 0.603, 0.589, 0.569, 0.63, 0.565, 0.605, 0.617, 0.589, 0.598, 0.57, 0.508, 0.567, 0.545, 0.578, 0.563, 0.588, 0.555, 0.593, 0.572, 0.589, 0.584]
Train Loss: [0.132, 0.081, 0.072, 0.065, 0.058, 0.053, 0.049, 0.048, 0.046, 0.043, 0.043, 0.041, 0.04, 0.038, 0.038, 0.037, 0.036, 0.035, 0.034, 0.035, 0.035, 0.035, 0.034, 0.033, 0.032, 0.032, 0.032, 0.032, 0.032, 0.032, 0.033, 0.033, 0.035, 0.033, 0.032, 0.032, 0.032, 0.031, 0.031, 0.031, 0.031, 0.031, 0.031, 0.03, 0.03, 0.03, 0.03, 0.03, 0.031, 0.031, 0.03, 0.031, 0.03, 0.03, 0.031, 0.031, 0.03, 0.03, 0.03, 0.03, 0.03, 0.03, 0.03, 0.03, 0.03, 0.03, 0.03, 0.029, 0.029, 0.03, 0.029, 0.029, 0.029, 0.029, 0.029, 0.029, 0.029, 0.029, 0.029, 0.029, 0.029, 0.029, 0.029, 0.029, 0.029, 0.029, 0.029, 0.029, 0.029, 0.029, 0.029, 0.029, 0.029, 0.029, 0.029, 0.029, 0.029, 0.029, 0.029, 0.029]
Max test score: 0.532 found at epoch: 52
Max test score shapes: 0.383 found at epoch: 52
Avg generalisation ratio: 0.639
Avg generalisation diff: 0.199