seed 234
percentFullySupervised 0.2
domainLossMultiplier 0.001
Active: OneHotloss True 20 

eigenlijk iets lager want er was nog stukje van relational domain loss in gekropen door outdated file

Test Scores: [0.237, 0.356, 0.354, 0.409, 0.472, 0.428, 0.485, 0.506, 0.48, 0.466, 0.511, 0.498, 0.498, 0.524, 0.5, 0.519, 0.526, 0.508, 0.547, 0.5, 0.496, 0.498, 0.52, 0.519, 0.528, 0.534, 0.521, 0.527, 0.523, 0.527, 0.552, 0.541, 0.528, 0.514, 0.553, 0.526, 0.516, 0.527, 0.515, 0.526, 0.537, 0.514, 0.509, 0.541, 0.52, 0.53, 0.544, 0.552, 0.532, 0.542, 0.514, 0.562, 0.56, 0.558, 0.555, 0.526, 0.558, 0.527, 0.54, 0.56, 0.515, 0.533, 0.54, 0.567, 0.555, 0.521, 0.544, 0.548, 0.576, 0.516, 0.541, 0.538, 0.556, 0.531, 0.54, 0.539, 0.538, 0.568, 0.546, 0.54, 0.509, 0.534, 0.53, 0.533, 0.491, 0.561, 0.566, 0.542, 0.547, 0.529, 0.545, 0.533, 0.547, 0.509, 0.519, 0.49, 0.477, 0.521, 0.529, 0.567]
Test Scores w/o background: [0.141, 0.229, 0.233, 0.269, 0.323, 0.257, 0.311, 0.347, 0.305, 0.297, 0.343, 0.329, 0.336, 0.364, 0.328, 0.349, 0.364, 0.345, 0.392, 0.324, 0.319, 0.333, 0.364, 0.361, 0.367, 0.381, 0.373, 0.389, 0.36, 0.359, 0.404, 0.383, 0.365, 0.343, 0.405, 0.362, 0.348, 0.362, 0.347, 0.36, 0.376, 0.34, 0.33, 0.38, 0.347, 0.381, 0.388, 0.391, 0.367, 0.384, 0.337, 0.408, 0.405, 0.404, 0.403, 0.362, 0.408, 0.359, 0.376, 0.409, 0.337, 0.364, 0.38, 0.42, 0.398, 0.349, 0.382, 0.388, 0.431, 0.34, 0.386, 0.378, 0.402, 0.365, 0.375, 0.373, 0.372, 0.417, 0.39, 0.381, 0.329, 0.366, 0.364, 0.369, 0.308, 0.413, 0.422, 0.384, 0.388, 0.358, 0.381, 0.363, 0.394, 0.329, 0.345, 0.302, 0.284, 0.344, 0.358, 0.418]
Train Scores: [0.308, 0.442, 0.431, 0.466, 0.543, 0.53, 0.574, 0.586, 0.6, 0.607, 0.622, 0.621, 0.635, 0.622, 0.646, 0.641, 0.619, 0.644, 0.636, 0.619, 0.638, 0.637, 0.654, 0.67, 0.664, 0.671, 0.638, 0.665, 0.672, 0.678, 0.69, 0.673, 0.671, 0.653, 0.685, 0.66, 0.672, 0.67, 0.673, 0.657, 0.664, 0.673, 0.684, 0.686, 0.635, 0.677, 0.678, 0.706, 0.675, 0.676, 0.672, 0.693, 0.666, 0.699, 0.722, 0.691, 0.694, 0.697, 0.694, 0.695, 0.658, 0.685, 0.703, 0.678, 0.71, 0.681, 0.704, 0.702, 0.71, 0.7, 0.729, 0.695, 0.712, 0.68, 0.721, 0.703, 0.691, 0.718, 0.692, 0.697, 0.662, 0.688, 0.706, 0.696, 0.671, 0.735, 0.714, 0.686, 0.699, 0.708, 0.684, 0.729, 0.718, 0.686, 0.713, 0.663, 0.689, 0.682, 0.697, 0.717]
Train Scores w/o background: [0.189, 0.305, 0.296, 0.318, 0.401, 0.378, 0.416, 0.445, 0.448, 0.466, 0.473, 0.473, 0.494, 0.474, 0.509, 0.498, 0.48, 0.503, 0.499, 0.471, 0.506, 0.503, 0.524, 0.537, 0.529, 0.548, 0.514, 0.548, 0.544, 0.553, 0.574, 0.545, 0.542, 0.521, 0.559, 0.527, 0.539, 0.537, 0.543, 0.521, 0.534, 0.543, 0.555, 0.564, 0.495, 0.558, 0.558, 0.588, 0.547, 0.552, 0.538, 0.578, 0.536, 0.579, 0.615, 0.573, 0.575, 0.575, 0.569, 0.572, 0.519, 0.557, 0.585, 0.552, 0.594, 0.556, 0.587, 0.582, 0.594, 0.578, 0.628, 0.576, 0.599, 0.552, 0.609, 0.582, 0.566, 0.609, 0.575, 0.584, 0.526, 0.564, 0.593, 0.575, 0.543, 0.635, 0.609, 0.57, 0.585, 0.588, 0.555, 0.621, 0.611, 0.559, 0.597, 0.526, 0.561, 0.554, 0.579, 0.609]
Train Loss: [0.114, 0.082, 0.071, 0.064, 0.059, 0.053, 0.05, 0.047, 0.044, 0.043, 0.043, 0.043, 0.039, 0.038, 0.036, 0.036, 0.035, 0.035, 0.035, 0.035, 0.034, 0.036, 0.035, 0.034, 0.034, 0.033, 0.033, 0.033, 0.033, 0.033, 0.032, 0.033, 0.033, 0.032, 0.032, 0.032, 0.032, 0.031, 0.031, 0.031, 0.031, 0.031, 0.031, 0.031, 0.031, 0.031, 0.031, 0.03, 0.03, 0.031, 0.03, 0.031, 0.03, 0.031, 0.031, 0.031, 0.03, 0.03, 0.03, 0.03, 0.03, 0.03, 0.03, 0.03, 0.03, 0.029, 0.03, 0.03, 0.03, 0.03, 0.03, 0.03, 0.03, 0.029, 0.029, 0.029, 0.029, 0.029, 0.029, 0.029, 0.029, 0.029, 0.03, 0.029, 0.029, 0.029, 0.03, 0.029, 0.029, 0.029, 0.029, 0.029, 0.029, 0.029, 0.029, 0.029, 0.029, 0.029, 0.029, 0.029]
Max test score: 0.576 found at epoch: 69
Max test score shapes: 0.431 found at epoch: 69
Avg generalisation ratio: 0.673
Avg generalisation diff: 0.177