seed 0
percentFullySupervised 0.2
domainLossMultiplier 0.001
Active: OneHotloss True 20 

eigenlijk iets lager want er was nog stukje van relational domain loss in gekropen door outdated file

Test Scores: [0.237, 0.305, 0.379, 0.419, 0.46, 0.469, 0.499, 0.477, 0.503, 0.507, 0.512, 0.53, 0.528, 0.52, 0.528, 0.489, 0.524, 0.501, 0.507, 0.534, 0.497, 0.56, 0.545, 0.53, 0.513, 0.539, 0.508, 0.542, 0.528, 0.548, 0.527, 0.519, 0.536, 0.506, 0.501, 0.534, 0.516, 0.524, 0.538, 0.513, 0.512, 0.533, 0.497, 0.525, 0.503, 0.514, 0.481, 0.524, 0.542, 0.506, 0.542, 0.538, 0.462, 0.535, 0.528, 0.512, 0.544, 0.544, 0.54, 0.513, 0.503, 0.557, 0.491, 0.531, 0.562, 0.556, 0.524, 0.538, 0.528, 0.542, 0.541, 0.531, 0.508, 0.526, 0.538, 0.527, 0.536, 0.513, 0.53, 0.545, 0.517, 0.525, 0.504, 0.528, 0.52, 0.542, 0.521, 0.547, 0.545, 0.505, 0.538, 0.502, 0.54, 0.525, 0.515, 0.533, 0.503, 0.549, 0.516, 0.534]
Test Scores w/o background: [0.135, 0.192, 0.238, 0.253, 0.307, 0.33, 0.345, 0.309, 0.347, 0.344, 0.367, 0.379, 0.359, 0.361, 0.365, 0.328, 0.376, 0.325, 0.349, 0.373, 0.336, 0.416, 0.392, 0.385, 0.354, 0.387, 0.36, 0.396, 0.367, 0.404, 0.366, 0.344, 0.381, 0.344, 0.34, 0.369, 0.357, 0.368, 0.376, 0.346, 0.356, 0.391, 0.33, 0.357, 0.325, 0.337, 0.293, 0.358, 0.381, 0.33, 0.381, 0.39, 0.288, 0.372, 0.374, 0.35, 0.384, 0.39, 0.392, 0.339, 0.333, 0.403, 0.312, 0.377, 0.415, 0.399, 0.375, 0.375, 0.361, 0.39, 0.384, 0.363, 0.331, 0.361, 0.384, 0.363, 0.368, 0.342, 0.367, 0.385, 0.342, 0.354, 0.324, 0.359, 0.349, 0.382, 0.356, 0.392, 0.389, 0.325, 0.384, 0.321, 0.387, 0.361, 0.35, 0.373, 0.324, 0.394, 0.354, 0.365]
Train Scores: [0.273, 0.373, 0.436, 0.507, 0.542, 0.573, 0.618, 0.522, 0.626, 0.613, 0.61, 0.639, 0.625, 0.64, 0.65, 0.589, 0.65, 0.589, 0.645, 0.652, 0.629, 0.656, 0.663, 0.667, 0.67, 0.694, 0.628, 0.71, 0.666, 0.629, 0.647, 0.641, 0.651, 0.667, 0.659, 0.673, 0.643, 0.654, 0.69, 0.651, 0.636, 0.654, 0.673, 0.669, 0.644, 0.631, 0.618, 0.665, 0.673, 0.654, 0.684, 0.668, 0.644, 0.694, 0.689, 0.663, 0.694, 0.703, 0.679, 0.649, 0.685, 0.688, 0.668, 0.701, 0.71, 0.707, 0.671, 0.686, 0.68, 0.674, 0.681, 0.662, 0.643, 0.677, 0.699, 0.678, 0.682, 0.657, 0.674, 0.681, 0.669, 0.709, 0.665, 0.69, 0.688, 0.701, 0.685, 0.721, 0.715, 0.669, 0.711, 0.67, 0.711, 0.728, 0.686, 0.679, 0.667, 0.722, 0.681, 0.7]
Train Scores w/o background: [0.163, 0.244, 0.276, 0.339, 0.389, 0.428, 0.475, 0.356, 0.497, 0.46, 0.475, 0.507, 0.486, 0.501, 0.511, 0.443, 0.518, 0.437, 0.511, 0.518, 0.496, 0.527, 0.53, 0.547, 0.548, 0.573, 0.502, 0.601, 0.537, 0.499, 0.515, 0.494, 0.512, 0.539, 0.526, 0.541, 0.511, 0.521, 0.567, 0.519, 0.495, 0.531, 0.546, 0.536, 0.505, 0.483, 0.472, 0.537, 0.545, 0.515, 0.56, 0.547, 0.513, 0.572, 0.572, 0.539, 0.574, 0.587, 0.563, 0.512, 0.569, 0.565, 0.535, 0.59, 0.601, 0.592, 0.555, 0.564, 0.558, 0.55, 0.554, 0.525, 0.503, 0.55, 0.584, 0.55, 0.554, 0.52, 0.543, 0.553, 0.534, 0.588, 0.53, 0.564, 0.563, 0.582, 0.563, 0.609, 0.599, 0.538, 0.595, 0.536, 0.597, 0.615, 0.562, 0.551, 0.531, 0.614, 0.553, 0.578]
Train Loss: [0.116, 0.082, 0.073, 0.064, 0.06, 0.054, 0.049, 0.046, 0.044, 0.042, 0.041, 0.039, 0.038, 0.038, 0.036, 0.036, 0.035, 0.034, 0.034, 0.034, 0.034, 0.033, 0.033, 0.033, 0.033, 0.033, 0.033, 0.032, 0.032, 0.033, 0.032, 0.032, 0.032, 0.032, 0.032, 0.033, 0.032, 0.032, 0.031, 0.032, 0.031, 0.032, 0.031, 0.031, 0.031, 0.031, 0.031, 0.031, 0.031, 0.031, 0.03, 0.031, 0.031, 0.03, 0.03, 0.03, 0.03, 0.03, 0.03, 0.03, 0.03, 0.03, 0.03, 0.03, 0.029, 0.03, 0.03, 0.03, 0.03, 0.029, 0.029, 0.029, 0.03, 0.029, 0.029, 0.029, 0.029, 0.029, 0.029, 0.029, 0.029, 0.03, 0.03, 0.029, 0.029, 0.029, 0.029, 0.029, 0.029, 0.029, 0.029, 0.029, 0.029, 0.029, 0.029, 0.029, 0.029, 0.029, 0.029, 0.029]
Max test score: 0.562 found at epoch: 65
Max test score shapes: 0.416 found at epoch: 22
Avg generalisation ratio: 0.683
Avg generalisation diff: 0.169