seed 123
percentFullySupervised 0.2
domainLossMultiplier 0.001
Active: OneHotloss True 20 

eigenlijk iets lager want er was nog stukje van relational domain loss in gekropen door outdated file

Test Scores: [0.278, 0.363, 0.372, 0.464, 0.421, 0.482, 0.493, 0.505, 0.496, 0.503, 0.498, 0.498, 0.49, 0.487, 0.485, 0.516, 0.521, 0.536, 0.542, 0.537, 0.53, 0.524, 0.524, 0.493, 0.533, 0.548, 0.533, 0.491, 0.513, 0.506, 0.539, 0.522, 0.5, 0.522, 0.516, 0.523, 0.504, 0.525, 0.532, 0.534, 0.507, 0.532, 0.531, 0.54, 0.525, 0.515, 0.517, 0.515, 0.512, 0.533, 0.484, 0.535, 0.533, 0.508, 0.5, 0.534, 0.523, 0.514, 0.528, 0.538, 0.538, 0.5, 0.518, 0.522, 0.513, 0.502, 0.497, 0.522, 0.544, 0.515, 0.532, 0.548, 0.5, 0.538, 0.537, 0.525, 0.517, 0.528, 0.54, 0.513, 0.518, 0.528, 0.538, 0.556, 0.497, 0.549, 0.526, 0.542, 0.517, 0.534, 0.523, 0.527, 0.489, 0.546, 0.514, 0.533, 0.525, 0.524, 0.514, 0.528]
Test Scores w/o background: [0.14, 0.212, 0.205, 0.293, 0.265, 0.308, 0.341, 0.344, 0.328, 0.349, 0.323, 0.329, 0.321, 0.32, 0.309, 0.352, 0.354, 0.375, 0.386, 0.371, 0.371, 0.363, 0.371, 0.309, 0.378, 0.391, 0.375, 0.315, 0.337, 0.334, 0.383, 0.356, 0.317, 0.356, 0.339, 0.354, 0.332, 0.363, 0.369, 0.372, 0.339, 0.373, 0.365, 0.373, 0.356, 0.345, 0.347, 0.355, 0.337, 0.368, 0.302, 0.368, 0.363, 0.337, 0.323, 0.376, 0.357, 0.347, 0.366, 0.376, 0.386, 0.324, 0.361, 0.348, 0.339, 0.318, 0.316, 0.349, 0.393, 0.345, 0.364, 0.393, 0.317, 0.38, 0.387, 0.355, 0.344, 0.358, 0.385, 0.339, 0.342, 0.363, 0.373, 0.4, 0.328, 0.397, 0.366, 0.385, 0.343, 0.378, 0.359, 0.365, 0.301, 0.392, 0.338, 0.365, 0.357, 0.355, 0.337, 0.366]
Train Scores: [0.309, 0.424, 0.427, 0.541, 0.55, 0.622, 0.568, 0.578, 0.581, 0.62, 0.636, 0.593, 0.613, 0.557, 0.558, 0.647, 0.59, 0.653, 0.626, 0.643, 0.664, 0.627, 0.636, 0.624, 0.67, 0.633, 0.65, 0.591, 0.649, 0.677, 0.658, 0.702, 0.638, 0.701, 0.66, 0.676, 0.648, 0.668, 0.655, 0.677, 0.671, 0.677, 0.705, 0.654, 0.68, 0.657, 0.689, 0.652, 0.682, 0.671, 0.639, 0.696, 0.654, 0.703, 0.67, 0.715, 0.678, 0.685, 0.699, 0.682, 0.701, 0.639, 0.703, 0.673, 0.67, 0.656, 0.692, 0.653, 0.712, 0.688, 0.694, 0.691, 0.646, 0.712, 0.718, 0.697, 0.686, 0.67, 0.709, 0.65, 0.666, 0.713, 0.687, 0.712, 0.684, 0.729, 0.706, 0.72, 0.662, 0.682, 0.713, 0.718, 0.648, 0.734, 0.674, 0.7, 0.7, 0.653, 0.672, 0.707]
Train Scores w/o background: [0.145, 0.26, 0.255, 0.368, 0.39, 0.473, 0.418, 0.421, 0.425, 0.475, 0.493, 0.433, 0.479, 0.408, 0.391, 0.51, 0.424, 0.517, 0.477, 0.498, 0.533, 0.499, 0.507, 0.472, 0.546, 0.481, 0.511, 0.439, 0.507, 0.545, 0.522, 0.582, 0.494, 0.584, 0.523, 0.546, 0.514, 0.537, 0.518, 0.546, 0.538, 0.553, 0.587, 0.515, 0.55, 0.523, 0.565, 0.522, 0.555, 0.539, 0.5, 0.573, 0.515, 0.583, 0.537, 0.608, 0.555, 0.561, 0.577, 0.553, 0.584, 0.494, 0.591, 0.54, 0.536, 0.513, 0.57, 0.511, 0.599, 0.57, 0.57, 0.57, 0.502, 0.602, 0.609, 0.572, 0.557, 0.542, 0.605, 0.511, 0.531, 0.601, 0.564, 0.599, 0.564, 0.626, 0.598, 0.616, 0.528, 0.566, 0.602, 0.604, 0.507, 0.631, 0.542, 0.579, 0.579, 0.517, 0.538, 0.593]
Train Loss: [0.12, 0.084, 0.074, 0.065, 0.059, 0.053, 0.05, 0.046, 0.043, 0.042, 0.04, 0.039, 0.038, 0.038, 0.036, 0.037, 0.036, 0.035, 0.035, 0.034, 0.034, 0.033, 0.034, 0.034, 0.033, 0.033, 0.033, 0.033, 0.033, 0.032, 0.032, 0.032, 0.032, 0.032, 0.032, 0.032, 0.031, 0.031, 0.032, 0.031, 0.031, 0.032, 0.031, 0.031, 0.031, 0.031, 0.031, 0.031, 0.031, 0.031, 0.031, 0.031, 0.031, 0.03, 0.03, 0.03, 0.03, 0.03, 0.03, 0.03, 0.03, 0.03, 0.03, 0.03, 0.03, 0.03, 0.03, 0.03, 0.03, 0.029, 0.029, 0.029, 0.03, 0.029, 0.029, 0.029, 0.029, 0.029, 0.03, 0.03, 0.03, 0.03, 0.029, 0.03, 0.029, 0.029, 0.03, 0.03, 0.029, 0.029, 0.029, 0.029, 0.029, 0.029, 0.029, 0.029, 0.029, 0.029, 0.029, 0.029]
Max test score: 0.556 found at epoch: 84
Max test score shapes: 0.4 found at epoch: 84
Avg generalisation ratio: 0.671
Avg generalisation diff: 0.176