seed 42
percentFullySupervised 0.2
domainLossMultiplier 0.001
Active: OneHotloss True 20 

eigenlijk iets lager want er was nog stukje van relational domain loss in gekropen door outdated file

Test Scores: [0.151, 0.309, 0.392, 0.44, 0.459, 0.463, 0.486, 0.475, 0.496, 0.528, 0.491, 0.499, 0.493, 0.453, 0.521, 0.532, 0.476, 0.47, 0.496, 0.522, 0.541, 0.546, 0.526, 0.549, 0.524, 0.549, 0.571, 0.52, 0.557, 0.549, 0.54, 0.517, 0.506, 0.568, 0.526, 0.555, 0.554, 0.497, 0.536, 0.54, 0.535, 0.517, 0.521, 0.554, 0.536, 0.527, 0.524, 0.547, 0.505, 0.507, 0.537, 0.533, 0.535, 0.534, 0.499, 0.541, 0.516, 0.566, 0.508, 0.529, 0.504, 0.539, 0.554, 0.554, 0.554, 0.533, 0.539, 0.524, 0.519, 0.488, 0.504, 0.529, 0.535, 0.54, 0.531, 0.537, 0.517, 0.542, 0.555, 0.538, 0.543, 0.544, 0.55, 0.527, 0.552, 0.548, 0.507, 0.488, 0.521, 0.503, 0.532, 0.529, 0.536, 0.519, 0.509, 0.502, 0.542, 0.524, 0.547, 0.493]
Test Scores w/o background: [0.125, 0.201, 0.249, 0.288, 0.31, 0.305, 0.314, 0.329, 0.333, 0.379, 0.327, 0.346, 0.324, 0.263, 0.348, 0.375, 0.311, 0.288, 0.347, 0.357, 0.386, 0.39, 0.357, 0.416, 0.36, 0.393, 0.418, 0.359, 0.412, 0.397, 0.378, 0.344, 0.33, 0.421, 0.366, 0.403, 0.407, 0.338, 0.377, 0.381, 0.373, 0.353, 0.35, 0.401, 0.37, 0.363, 0.355, 0.397, 0.33, 0.33, 0.374, 0.366, 0.373, 0.369, 0.318, 0.376, 0.342, 0.415, 0.33, 0.36, 0.324, 0.382, 0.4, 0.4, 0.398, 0.373, 0.375, 0.354, 0.348, 0.3, 0.326, 0.36, 0.373, 0.381, 0.368, 0.37, 0.344, 0.379, 0.401, 0.375, 0.38, 0.383, 0.39, 0.362, 0.398, 0.391, 0.327, 0.299, 0.355, 0.325, 0.371, 0.362, 0.381, 0.348, 0.33, 0.322, 0.378, 0.354, 0.39, 0.306]
Train Scores: [0.156, 0.325, 0.449, 0.56, 0.548, 0.545, 0.603, 0.556, 0.617, 0.61, 0.655, 0.579, 0.623, 0.552, 0.605, 0.662, 0.614, 0.583, 0.632, 0.674, 0.651, 0.673, 0.619, 0.604, 0.627, 0.667, 0.642, 0.632, 0.684, 0.697, 0.662, 0.641, 0.638, 0.679, 0.682, 0.668, 0.685, 0.65, 0.663, 0.703, 0.671, 0.663, 0.66, 0.662, 0.643, 0.657, 0.671, 0.698, 0.673, 0.647, 0.658, 0.686, 0.683, 0.671, 0.667, 0.71, 0.674, 0.691, 0.691, 0.7, 0.686, 0.703, 0.701, 0.716, 0.711, 0.692, 0.718, 0.726, 0.712, 0.673, 0.689, 0.713, 0.71, 0.696, 0.699, 0.679, 0.683, 0.695, 0.725, 0.726, 0.718, 0.716, 0.715, 0.673, 0.71, 0.705, 0.699, 0.687, 0.705, 0.661, 0.699, 0.708, 0.714, 0.713, 0.714, 0.682, 0.72, 0.695, 0.699, 0.654]
Train Scores w/o background: [0.13, 0.226, 0.303, 0.404, 0.395, 0.39, 0.449, 0.414, 0.47, 0.465, 0.516, 0.427, 0.473, 0.386, 0.449, 0.528, 0.478, 0.413, 0.494, 0.543, 0.514, 0.541, 0.465, 0.466, 0.486, 0.536, 0.503, 0.493, 0.556, 0.576, 0.53, 0.496, 0.495, 0.547, 0.552, 0.532, 0.564, 0.518, 0.53, 0.582, 0.536, 0.525, 0.523, 0.531, 0.498, 0.516, 0.538, 0.578, 0.546, 0.51, 0.523, 0.56, 0.561, 0.541, 0.533, 0.594, 0.542, 0.565, 0.565, 0.579, 0.559, 0.586, 0.579, 0.602, 0.595, 0.569, 0.605, 0.615, 0.597, 0.542, 0.564, 0.597, 0.591, 0.57, 0.577, 0.548, 0.555, 0.571, 0.616, 0.614, 0.604, 0.604, 0.601, 0.545, 0.596, 0.585, 0.576, 0.557, 0.586, 0.523, 0.578, 0.588, 0.6, 0.598, 0.6, 0.555, 0.608, 0.572, 0.58, 0.516]
Train Loss: [0.127, 0.088, 0.077, 0.067, 0.059, 0.054, 0.05, 0.047, 0.045, 0.043, 0.041, 0.04, 0.04, 0.039, 0.039, 0.037, 0.037, 0.035, 0.036, 0.036, 0.036, 0.036, 0.035, 0.035, 0.035, 0.034, 0.034, 0.034, 0.033, 0.034, 0.033, 0.033, 0.033, 0.032, 0.032, 0.032, 0.032, 0.032, 0.031, 0.031, 0.031, 0.032, 0.031, 0.031, 0.031, 0.031, 0.031, 0.031, 0.031, 0.031, 0.031, 0.031, 0.03, 0.031, 0.03, 0.03, 0.03, 0.03, 0.03, 0.03, 0.03, 0.031, 0.03, 0.03, 0.03, 0.03, 0.03, 0.03, 0.03, 0.03, 0.03, 0.03, 0.029, 0.03, 0.03, 0.029, 0.029, 0.03, 0.029, 0.029, 0.029, 0.029, 0.029, 0.029, 0.029, 0.029, 0.029, 0.029, 0.029, 0.029, 0.029, 0.029, 0.029, 0.029, 0.029, 0.029, 0.029, 0.029, 0.029, 0.029]
Max test score: 0.571 found at epoch: 27
Max test score shapes: 0.421 found at epoch: 34
Avg generalisation ratio: 0.679
Avg generalisation diff: 0.174