seed 100
percentFullySupervised 0.2
domainLossMultiplier 0.001
Active: OneHotloss True 20 

eigenlijk iets lager want er was nog stukje van relational domain loss in gekropen door outdated file

Test Scores: [0.227, 0.29, 0.327, 0.402, 0.432, 0.496, 0.482, 0.499, 0.479, 0.495, 0.475, 0.526, 0.524, 0.485, 0.538, 0.501, 0.538, 0.527, 0.518, 0.509, 0.469, 0.525, 0.518, 0.525, 0.562, 0.531, 0.506, 0.516, 0.527, 0.509, 0.52, 0.515, 0.505, 0.531, 0.526, 0.525, 0.534, 0.524, 0.54, 0.556, 0.522, 0.538, 0.525, 0.511, 0.514, 0.524, 0.54, 0.533, 0.536, 0.497, 0.533, 0.527, 0.514, 0.525, 0.545, 0.504, 0.519, 0.531, 0.534, 0.544, 0.492, 0.558, 0.53, 0.525, 0.511, 0.537, 0.502, 0.552, 0.546, 0.539, 0.532, 0.538, 0.533, 0.532, 0.534, 0.55, 0.521, 0.543, 0.544, 0.583, 0.535, 0.519, 0.502, 0.534, 0.514, 0.542, 0.535, 0.514, 0.539, 0.529, 0.524, 0.548, 0.52, 0.527, 0.535, 0.536, 0.512, 0.5, 0.565, 0.522]
Test Scores w/o background: [0.192, 0.222, 0.24, 0.262, 0.28, 0.344, 0.336, 0.347, 0.325, 0.343, 0.321, 0.369, 0.376, 0.295, 0.382, 0.337, 0.377, 0.366, 0.354, 0.352, 0.283, 0.36, 0.352, 0.364, 0.423, 0.373, 0.357, 0.364, 0.36, 0.335, 0.35, 0.351, 0.34, 0.384, 0.365, 0.364, 0.38, 0.361, 0.384, 0.404, 0.356, 0.382, 0.366, 0.344, 0.349, 0.362, 0.379, 0.373, 0.376, 0.317, 0.376, 0.36, 0.342, 0.362, 0.386, 0.334, 0.348, 0.367, 0.372, 0.391, 0.315, 0.406, 0.368, 0.362, 0.341, 0.377, 0.325, 0.394, 0.385, 0.377, 0.366, 0.379, 0.377, 0.366, 0.37, 0.394, 0.349, 0.386, 0.394, 0.442, 0.37, 0.349, 0.32, 0.373, 0.343, 0.385, 0.38, 0.353, 0.381, 0.365, 0.362, 0.391, 0.352, 0.359, 0.371, 0.374, 0.339, 0.317, 0.416, 0.353]
Train Scores: [0.265, 0.345, 0.358, 0.483, 0.515, 0.607, 0.557, 0.608, 0.597, 0.611, 0.605, 0.635, 0.632, 0.621, 0.67, 0.607, 0.676, 0.664, 0.637, 0.656, 0.606, 0.665, 0.654, 0.669, 0.66, 0.669, 0.661, 0.692, 0.696, 0.638, 0.638, 0.642, 0.668, 0.672, 0.688, 0.682, 0.678, 0.676, 0.686, 0.696, 0.651, 0.697, 0.659, 0.687, 0.686, 0.692, 0.671, 0.697, 0.671, 0.632, 0.671, 0.697, 0.676, 0.699, 0.704, 0.695, 0.667, 0.708, 0.711, 0.697, 0.688, 0.722, 0.686, 0.691, 0.69, 0.705, 0.675, 0.717, 0.719, 0.719, 0.673, 0.699, 0.72, 0.708, 0.706, 0.719, 0.688, 0.703, 0.715, 0.715, 0.695, 0.67, 0.669, 0.68, 0.676, 0.705, 0.705, 0.682, 0.718, 0.704, 0.698, 0.717, 0.694, 0.707, 0.724, 0.677, 0.685, 0.667, 0.728, 0.703]
Train Scores w/o background: [0.227, 0.288, 0.288, 0.356, 0.378, 0.48, 0.417, 0.473, 0.458, 0.476, 0.469, 0.49, 0.496, 0.468, 0.547, 0.46, 0.547, 0.534, 0.497, 0.524, 0.454, 0.532, 0.522, 0.545, 0.536, 0.547, 0.543, 0.581, 0.573, 0.502, 0.491, 0.506, 0.539, 0.555, 0.575, 0.568, 0.564, 0.555, 0.572, 0.586, 0.519, 0.588, 0.537, 0.569, 0.571, 0.583, 0.551, 0.588, 0.551, 0.491, 0.553, 0.58, 0.556, 0.591, 0.596, 0.589, 0.545, 0.603, 0.608, 0.59, 0.574, 0.622, 0.575, 0.579, 0.578, 0.598, 0.552, 0.611, 0.616, 0.618, 0.551, 0.591, 0.622, 0.599, 0.593, 0.608, 0.565, 0.594, 0.612, 0.612, 0.583, 0.543, 0.533, 0.56, 0.55, 0.596, 0.596, 0.57, 0.614, 0.598, 0.592, 0.61, 0.581, 0.597, 0.621, 0.557, 0.569, 0.534, 0.633, 0.597]
Train Loss: [0.129, 0.089, 0.079, 0.068, 0.062, 0.055, 0.051, 0.048, 0.045, 0.043, 0.042, 0.039, 0.038, 0.038, 0.038, 0.036, 0.035, 0.035, 0.035, 0.035, 0.035, 0.034, 0.034, 0.034, 0.033, 0.033, 0.033, 0.033, 0.033, 0.033, 0.032, 0.033, 0.032, 0.032, 0.032, 0.032, 0.032, 0.032, 0.032, 0.031, 0.031, 0.031, 0.031, 0.031, 0.031, 0.031, 0.031, 0.031, 0.03, 0.031, 0.031, 0.031, 0.031, 0.031, 0.031, 0.031, 0.031, 0.03, 0.03, 0.03, 0.03, 0.03, 0.03, 0.03, 0.029, 0.03, 0.029, 0.029, 0.029, 0.03, 0.03, 0.029, 0.03, 0.029, 0.029, 0.029, 0.029, 0.029, 0.029, 0.029, 0.029, 0.029, 0.029, 0.029, 0.029, 0.029, 0.029, 0.029, 0.029, 0.029, 0.029, 0.029, 0.029, 0.029, 0.029, 0.029, 0.029, 0.029, 0.029, 0.029]
Max test score: 0.583 found at epoch: 80
Max test score shapes: 0.442 found at epoch: 80
Avg generalisation ratio: 0.658
Avg generalisation diff: 0.189