seed 999
percentFullySupervised 0.2
domainLossMultiplier 0.001
Active: OneHotloss True 20 

eigenlijk iets lager want er was nog stukje van relational domain loss in gekropen door outdated file

Test Scores: [0.167, 0.297, 0.308, 0.323, 0.4, 0.383, 0.463, 0.46, 0.429, 0.448, 0.467, 0.477, 0.486, 0.494, 0.473, 0.485, 0.503, 0.47, 0.505, 0.527, 0.54, 0.51, 0.495, 0.509, 0.463, 0.489, 0.511, 0.47, 0.524, 0.488, 0.515, 0.519, 0.508, 0.52, 0.549, 0.544, 0.523, 0.492, 0.513, 0.53, 0.502, 0.508, 0.514, 0.495, 0.494, 0.52, 0.532, 0.514, 0.536, 0.522, 0.533, 0.536, 0.534, 0.518, 0.536, 0.533, 0.554, 0.514, 0.556, 0.533, 0.553, 0.519, 0.515, 0.529, 0.552, 0.545, 0.501, 0.534, 0.535, 0.538, 0.539, 0.524, 0.513, 0.528, 0.522, 0.531, 0.541, 0.537, 0.535, 0.528, 0.539, 0.529, 0.522, 0.554, 0.532, 0.533, 0.534, 0.514, 0.521, 0.542, 0.518, 0.521, 0.534, 0.504, 0.548, 0.541, 0.563, 0.532, 0.563, 0.548]
Test Scores w/o background: [0.139, 0.182, 0.181, 0.201, 0.24, 0.251, 0.32, 0.322, 0.259, 0.302, 0.319, 0.306, 0.32, 0.328, 0.306, 0.313, 0.348, 0.296, 0.335, 0.369, 0.391, 0.35, 0.318, 0.347, 0.304, 0.327, 0.343, 0.309, 0.379, 0.319, 0.354, 0.355, 0.355, 0.36, 0.387, 0.39, 0.373, 0.326, 0.355, 0.364, 0.333, 0.333, 0.354, 0.316, 0.333, 0.373, 0.388, 0.349, 0.385, 0.365, 0.373, 0.39, 0.373, 0.353, 0.382, 0.388, 0.407, 0.351, 0.409, 0.372, 0.401, 0.354, 0.355, 0.373, 0.397, 0.393, 0.331, 0.371, 0.392, 0.387, 0.384, 0.362, 0.345, 0.365, 0.361, 0.368, 0.383, 0.377, 0.377, 0.363, 0.383, 0.372, 0.357, 0.4, 0.369, 0.384, 0.37, 0.341, 0.356, 0.383, 0.361, 0.351, 0.378, 0.333, 0.396, 0.381, 0.413, 0.375, 0.42, 0.396]
Train Scores: [0.202, 0.312, 0.364, 0.379, 0.508, 0.48, 0.579, 0.598, 0.576, 0.58, 0.593, 0.608, 0.604, 0.62, 0.615, 0.63, 0.655, 0.584, 0.6, 0.629, 0.648, 0.66, 0.639, 0.69, 0.598, 0.637, 0.643, 0.639, 0.666, 0.667, 0.719, 0.699, 0.67, 0.695, 0.673, 0.719, 0.655, 0.698, 0.631, 0.658, 0.63, 0.638, 0.668, 0.634, 0.664, 0.695, 0.694, 0.69, 0.712, 0.69, 0.672, 0.709, 0.724, 0.69, 0.696, 0.694, 0.709, 0.706, 0.7, 0.67, 0.709, 0.678, 0.694, 0.715, 0.718, 0.742, 0.667, 0.703, 0.72, 0.738, 0.735, 0.692, 0.673, 0.708, 0.679, 0.718, 0.698, 0.704, 0.713, 0.694, 0.705, 0.711, 0.72, 0.704, 0.694, 0.724, 0.712, 0.677, 0.719, 0.713, 0.697, 0.714, 0.722, 0.683, 0.744, 0.706, 0.733, 0.696, 0.743, 0.73]
Train Scores w/o background: [0.144, 0.206, 0.231, 0.229, 0.343, 0.335, 0.434, 0.465, 0.427, 0.437, 0.451, 0.457, 0.463, 0.473, 0.458, 0.484, 0.517, 0.422, 0.447, 0.483, 0.504, 0.525, 0.493, 0.564, 0.443, 0.499, 0.499, 0.504, 0.542, 0.533, 0.607, 0.58, 0.544, 0.579, 0.54, 0.606, 0.525, 0.578, 0.49, 0.523, 0.492, 0.493, 0.533, 0.491, 0.533, 0.579, 0.58, 0.571, 0.599, 0.571, 0.543, 0.596, 0.611, 0.562, 0.575, 0.58, 0.594, 0.589, 0.583, 0.539, 0.591, 0.547, 0.571, 0.598, 0.602, 0.639, 0.536, 0.583, 0.619, 0.632, 0.626, 0.567, 0.54, 0.589, 0.551, 0.607, 0.58, 0.583, 0.598, 0.571, 0.591, 0.603, 0.609, 0.593, 0.578, 0.63, 0.593, 0.545, 0.608, 0.607, 0.591, 0.598, 0.623, 0.557, 0.65, 0.588, 0.637, 0.587, 0.653, 0.629]
Train Loss: [0.131, 0.089, 0.077, 0.069, 0.062, 0.057, 0.052, 0.049, 0.047, 0.045, 0.043, 0.042, 0.041, 0.039, 0.039, 0.039, 0.037, 0.037, 0.037, 0.036, 0.035, 0.035, 0.035, 0.034, 0.034, 0.034, 0.033, 0.033, 0.034, 0.034, 0.033, 0.032, 0.032, 0.032, 0.032, 0.032, 0.031, 0.031, 0.031, 0.031, 0.031, 0.031, 0.031, 0.031, 0.031, 0.031, 0.031, 0.031, 0.031, 0.031, 0.031, 0.031, 0.03, 0.03, 0.03, 0.03, 0.03, 0.03, 0.03, 0.03, 0.03, 0.03, 0.03, 0.03, 0.03, 0.03, 0.029, 0.03, 0.03, 0.029, 0.029, 0.029, 0.029, 0.029, 0.029, 0.029, 0.029, 0.029, 0.029, 0.029, 0.029, 0.029, 0.029, 0.029, 0.029, 0.029, 0.029, 0.029, 0.029, 0.03, 0.029, 0.029, 0.029, 0.029, 0.029, 0.029, 0.029, 0.029, 0.029, 0.029]
Max test score: 0.563 found at epoch: 97
Max test score shapes: 0.42 found at epoch: 99
Avg generalisation ratio: 0.66
Avg generalisation diff: 0.187