seed 42
FullySupervisedPercentage: 0
logic loss multiplier: 0.01
Active: ImageLevelloss True True False 2 
Active: Pointloss True 10 
Active: Adjacencyloss True True 30 0.0001 False False 
Active: OneHotloss True 20 
Active: MinSizeBackgroundloss True 1 
Active: MaxSizeBackgroundloss True 20 
Active: MinSizeShapesloss True 30 
Active: MaxSizeShapesloss True 1 

Test Scores: [0.324, 0.347, 0.416, 0.456, 0.453, 0.427, 0.38, 0.372, 0.339, 0.371, 0.419, 0.42, 0.445, 0.508, 0.507, 0.512, 0.547, 0.538, 0.554, 0.559, 0.578, 0.572, 0.57, 0.624, 0.652, 0.667, 0.649, 0.643, 0.687, 0.689, 0.717, 0.672, 0.729, 0.731, 0.759, 0.707, 0.744, 0.731, 0.729, 0.734, 0.768, 0.791, 0.783, 0.774, 0.78, 0.802, 0.802, 0.769, 0.833, 0.82, 0.807, 0.823, 0.81, 0.838, 0.844, 0.829, 0.819, 0.809, 0.841, 0.803, 0.807, 0.852, 0.809, 0.825, 0.813, 0.805, 0.844, 0.816, 0.792, 0.854, 0.864, 0.841, 0.837, 0.79, 0.833, 0.848, 0.845, 0.825, 0.808, 0.853, 0.846, 0.798, 0.734, 0.853, 0.86, 0.868, 0.795, 0.845, 0.841, 0.866, 0.865, 0.8, 0.844, 0.857, 0.844, 0.856, 0.878, 0.849, 0.832, 0.857, 0.864, 0.85, 0.854, 0.868, 0.843, 0.871, 0.849, 0.853, 0.841, 0.837, 0.868, 0.87, 0.823, 0.867, 0.869, 0.869, 0.848, 0.856, 0.867, 0.858, 0.875, 0.872, 0.881, 0.865, 0.868, 0.865, 0.826, 0.866, 0.866, 0.862, 0.86, 0.87, 0.868, 0.831, 0.884, 0.864, 0.885, 0.857, 0.864, 0.877, 0.866, 0.854, 0.881, 0.878, 0.851, 0.878, 0.882, 0.886, 0.887, 0.877, 0.866, 0.843, 0.846, 0.884, 0.88, 0.881, 0.872, 0.875, 0.872, 0.874]
Test Scores w/o background: [0.115, 0.148, 0.226, 0.277, 0.28, 0.255, 0.193, 0.183, 0.138, 0.178, 0.24, 0.24, 0.271, 0.353, 0.352, 0.358, 0.404, 0.392, 0.413, 0.419, 0.444, 0.435, 0.433, 0.504, 0.541, 0.561, 0.537, 0.528, 0.587, 0.589, 0.627, 0.566, 0.643, 0.645, 0.682, 0.613, 0.661, 0.644, 0.642, 0.648, 0.693, 0.724, 0.713, 0.701, 0.709, 0.738, 0.739, 0.695, 0.78, 0.762, 0.744, 0.766, 0.749, 0.786, 0.794, 0.774, 0.761, 0.746, 0.789, 0.74, 0.744, 0.804, 0.747, 0.768, 0.753, 0.742, 0.793, 0.757, 0.725, 0.807, 0.82, 0.789, 0.784, 0.722, 0.779, 0.798, 0.796, 0.769, 0.745, 0.805, 0.796, 0.732, 0.647, 0.805, 0.815, 0.825, 0.728, 0.795, 0.79, 0.823, 0.822, 0.735, 0.793, 0.811, 0.793, 0.809, 0.838, 0.801, 0.778, 0.811, 0.821, 0.801, 0.807, 0.826, 0.791, 0.829, 0.801, 0.805, 0.789, 0.784, 0.825, 0.828, 0.765, 0.824, 0.827, 0.827, 0.799, 0.809, 0.825, 0.812, 0.835, 0.83, 0.843, 0.822, 0.825, 0.821, 0.77, 0.823, 0.823, 0.818, 0.815, 0.828, 0.825, 0.776, 0.846, 0.82, 0.848, 0.811, 0.82, 0.838, 0.823, 0.807, 0.842, 0.839, 0.802, 0.839, 0.844, 0.85, 0.851, 0.837, 0.823, 0.792, 0.797, 0.846, 0.841, 0.843, 0.831, 0.835, 0.83, 0.833]
Train Scores: [0.331, 0.363, 0.453, 0.523, 0.482, 0.478, 0.404, 0.389, 0.35, 0.379, 0.413, 0.441, 0.455, 0.514, 0.526, 0.532, 0.556, 0.553, 0.591, 0.602, 0.613, 0.644, 0.63, 0.684, 0.694, 0.71, 0.702, 0.716, 0.729, 0.744, 0.767, 0.75, 0.787, 0.776, 0.801, 0.768, 0.796, 0.804, 0.808, 0.806, 0.826, 0.839, 0.843, 0.843, 0.839, 0.862, 0.867, 0.852, 0.874, 0.875, 0.873, 0.865, 0.865, 0.891, 0.894, 0.894, 0.882, 0.882, 0.898, 0.872, 0.895, 0.909, 0.882, 0.893, 0.895, 0.895, 0.908, 0.904, 0.877, 0.916, 0.92, 0.92, 0.907, 0.848, 0.896, 0.915, 0.913, 0.882, 0.912, 0.915, 0.913, 0.906, 0.834, 0.909, 0.91, 0.919, 0.87, 0.903, 0.892, 0.925, 0.924, 0.876, 0.905, 0.928, 0.924, 0.927, 0.93, 0.923, 0.906, 0.923, 0.925, 0.9, 0.925, 0.928, 0.916, 0.928, 0.919, 0.93, 0.903, 0.921, 0.93, 0.93, 0.905, 0.922, 0.932, 0.926, 0.918, 0.924, 0.925, 0.934, 0.934, 0.931, 0.929, 0.931, 0.93, 0.926, 0.926, 0.927, 0.932, 0.928, 0.932, 0.928, 0.932, 0.92, 0.927, 0.919, 0.931, 0.92, 0.926, 0.926, 0.927, 0.907, 0.934, 0.933, 0.89, 0.932, 0.929, 0.934, 0.932, 0.933, 0.933, 0.919, 0.92, 0.934, 0.931, 0.928, 0.929, 0.934, 0.925, 0.936]
Train Scores w/o background: [0.125, 0.169, 0.276, 0.367, 0.318, 0.321, 0.224, 0.205, 0.153, 0.188, 0.232, 0.268, 0.284, 0.361, 0.377, 0.384, 0.416, 0.412, 0.462, 0.476, 0.491, 0.531, 0.513, 0.584, 0.598, 0.618, 0.608, 0.626, 0.643, 0.662, 0.693, 0.671, 0.719, 0.705, 0.738, 0.694, 0.731, 0.742, 0.747, 0.744, 0.77, 0.788, 0.794, 0.793, 0.788, 0.818, 0.825, 0.805, 0.834, 0.836, 0.832, 0.821, 0.821, 0.857, 0.86, 0.86, 0.844, 0.845, 0.866, 0.831, 0.862, 0.881, 0.844, 0.859, 0.862, 0.861, 0.879, 0.873, 0.838, 0.889, 0.895, 0.895, 0.878, 0.798, 0.863, 0.889, 0.886, 0.844, 0.884, 0.889, 0.885, 0.876, 0.78, 0.88, 0.882, 0.894, 0.828, 0.872, 0.858, 0.901, 0.9, 0.836, 0.874, 0.906, 0.9, 0.904, 0.909, 0.899, 0.877, 0.899, 0.902, 0.868, 0.902, 0.906, 0.889, 0.905, 0.894, 0.908, 0.872, 0.896, 0.908, 0.908, 0.874, 0.897, 0.91, 0.903, 0.892, 0.901, 0.901, 0.913, 0.913, 0.909, 0.907, 0.909, 0.908, 0.902, 0.903, 0.904, 0.911, 0.906, 0.91, 0.905, 0.911, 0.894, 0.904, 0.894, 0.91, 0.895, 0.903, 0.903, 0.904, 0.878, 0.913, 0.912, 0.855, 0.91, 0.907, 0.913, 0.911, 0.912, 0.912, 0.893, 0.895, 0.913, 0.91, 0.906, 0.906, 0.913, 0.902, 0.916]
Train Loss: [2.142, 1.651, 1.261, 0.95, 0.706, 0.514, 0.391, 0.297, 0.22, 0.163, 0.125, 0.094, 0.079, 0.065, 0.046, 0.043, 0.035, 0.027, 0.021, 0.018, 0.016, 0.014, 0.013, 0.012, 0.011, 0.011, 0.01, 0.009, 0.01, 0.009, 0.008, 0.008, 0.007, 0.007, 0.006, 0.006, 0.006, 0.007, 0.008, 0.005, 0.005, 0.005, 0.004, 0.004, 0.004, 0.004, 0.004, 0.004, 0.003, 0.003, 0.003, 0.003, 0.003, 0.003, 0.003, 0.003, 0.003, 0.004, 0.002, 0.003, 0.003, 0.002, 0.002, 0.002, 0.002, 0.002, 0.002, 0.002, 0.002, 0.002, 0.002, 0.002, 0.002, 0.002, 0.002, 0.002, 0.002, 0.002, 0.002, 0.002, 0.002, 0.002, 0.002, 0.002, 0.002, 0.001, 0.001, 0.002, 0.001, 0.001, 0.001, 0.002, 0.001, 0.001, 0.001, 0.001, 0.001, 0.001, 0.001, 0.001, 0.001, 0.001, 0.001, 0.001, 0.001, 0.001, 0.001, 0.001, 0.001, 0.002, 0.001, 0.001, 0.001, 0.001, 0.001, 0.001, 0.001, 0.001, 0.001, 0.001, 0.001, 0.001, 0.001, 0.001, 0.001, 0.001, 0.001, 0.001, 0.001, 0.001, 0.001, 0.001, 0.001, 0.001, 0.002, 0.004, 0.001, 0.001, 0.001, 0.001, 0.002, 0.004, 0.001, 0.001, 0.001, 0.001, 0.001, 0.001, 0.001, 0.001, 0.001, 0.001, 0.001, 0.001, 0.001, 0.001, 0.001, 0.001, 0.001, 0.001]
Max test score: 0.887 found at epoch: 149
Max test score shapes: 0.851 found at epoch: 149
Avg generalisation ratio: 0.9
Avg generalisation diff: 0.077