seed 42
FullySupervisedPercentage: 0
logic loss multiplier: 0.01
Active: ImageLevelloss True True False 2 
Active: Pointloss True 10 
Active: Relationsloss True 2 True 0.1 True 
Active: OneHotloss True 20 
Active: MinSizeBackgroundloss True 1 
Active: MaxSizeBackgroundloss True 20 
Active: MinSizeShapesloss True 30 
Active: MaxSizeShapesloss True 1 

Test Scores: [0.195, 0.283, 0.357, 0.419, 0.461, 0.45, 0.401, 0.378, 0.339, 0.317, 0.322, 0.347, 0.377, 0.434, 0.464, 0.506, 0.511, 0.554, 0.584, 0.622, 0.657, 0.67, 0.686, 0.697, 0.728, 0.722, 0.747, 0.784, 0.785, 0.782, 0.763, 0.815, 0.823, 0.795, 0.789, 0.783, 0.836, 0.818, 0.833, 0.814, 0.844, 0.843, 0.845, 0.771, 0.862, 0.866, 0.867, 0.858, 0.857, 0.86, 0.839, 0.862, 0.872, 0.872, 0.874, 0.859, 0.858, 0.87, 0.857, 0.87, 0.851, 0.842, 0.828, 0.89, 0.87, 0.855, 0.867, 0.842, 0.875, 0.875, 0.883, 0.882, 0.859, 0.843, 0.893, 0.821, 0.858, 0.881, 0.889, 0.887, 0.895, 0.848, 0.817, 0.872, 0.841, 0.847, 0.882, 0.868, 0.845, 0.86, 0.893, 0.882, 0.806, 0.872, 0.881, 0.85, 0.885, 0.887, 0.876, 0.864, 0.816, 0.876, 0.883, 0.903, 0.829, 0.883, 0.884, 0.85, 0.85, 0.854, 0.858, 0.886, 0.846, 0.875, 0.861, 0.89, 0.874, 0.865, 0.87, 0.876, 0.882, 0.883, 0.892, 0.878, 0.888, 0.857, 0.883, 0.882, 0.853, 0.865, 0.861, 0.848, 0.885, 0.885, 0.885, 0.889, 0.817, 0.882, 0.88, 0.884, 0.855, 0.829, 0.873, 0.858, 0.868, 0.878, 0.891, 0.874, 0.872, 0.87, 0.873, 0.88, 0.859, 0.897, 0.878, 0.895, 0.892, 0.881, 0.877, 0.88]
Test Scores w/o background: [0.07, 0.122, 0.166, 0.234, 0.288, 0.28, 0.221, 0.191, 0.14, 0.111, 0.117, 0.147, 0.185, 0.258, 0.296, 0.351, 0.358, 0.414, 0.453, 0.502, 0.549, 0.566, 0.586, 0.601, 0.642, 0.634, 0.666, 0.715, 0.716, 0.712, 0.686, 0.756, 0.767, 0.73, 0.721, 0.713, 0.783, 0.76, 0.779, 0.753, 0.793, 0.793, 0.795, 0.696, 0.818, 0.822, 0.825, 0.812, 0.811, 0.815, 0.786, 0.818, 0.831, 0.831, 0.833, 0.813, 0.812, 0.828, 0.811, 0.828, 0.802, 0.79, 0.771, 0.854, 0.829, 0.808, 0.823, 0.79, 0.834, 0.835, 0.845, 0.844, 0.814, 0.793, 0.859, 0.763, 0.812, 0.842, 0.853, 0.851, 0.861, 0.799, 0.757, 0.83, 0.789, 0.797, 0.844, 0.826, 0.795, 0.815, 0.858, 0.844, 0.742, 0.83, 0.843, 0.801, 0.848, 0.85, 0.836, 0.82, 0.756, 0.836, 0.846, 0.872, 0.774, 0.846, 0.847, 0.801, 0.801, 0.806, 0.812, 0.849, 0.795, 0.834, 0.816, 0.854, 0.833, 0.822, 0.827, 0.836, 0.844, 0.845, 0.857, 0.838, 0.852, 0.81, 0.845, 0.844, 0.806, 0.822, 0.816, 0.798, 0.848, 0.848, 0.848, 0.853, 0.758, 0.844, 0.842, 0.846, 0.808, 0.773, 0.831, 0.812, 0.825, 0.838, 0.856, 0.833, 0.83, 0.827, 0.832, 0.841, 0.813, 0.863, 0.838, 0.861, 0.857, 0.842, 0.837, 0.841]
Train Scores: [0.201, 0.297, 0.38, 0.462, 0.492, 0.502, 0.442, 0.407, 0.361, 0.332, 0.335, 0.349, 0.371, 0.43, 0.468, 0.511, 0.529, 0.585, 0.611, 0.67, 0.685, 0.718, 0.715, 0.741, 0.774, 0.774, 0.792, 0.82, 0.837, 0.849, 0.825, 0.859, 0.852, 0.865, 0.878, 0.86, 0.892, 0.893, 0.889, 0.887, 0.911, 0.895, 0.914, 0.848, 0.917, 0.915, 0.918, 0.921, 0.911, 0.918, 0.912, 0.891, 0.929, 0.927, 0.932, 0.931, 0.918, 0.916, 0.897, 0.925, 0.924, 0.914, 0.91, 0.937, 0.935, 0.929, 0.936, 0.91, 0.936, 0.937, 0.941, 0.94, 0.926, 0.909, 0.946, 0.893, 0.93, 0.935, 0.942, 0.942, 0.943, 0.918, 0.886, 0.94, 0.92, 0.91, 0.945, 0.935, 0.886, 0.93, 0.945, 0.934, 0.874, 0.936, 0.942, 0.913, 0.941, 0.949, 0.947, 0.931, 0.896, 0.924, 0.94, 0.945, 0.896, 0.943, 0.94, 0.911, 0.915, 0.92, 0.926, 0.944, 0.915, 0.937, 0.937, 0.946, 0.93, 0.935, 0.933, 0.943, 0.949, 0.942, 0.952, 0.933, 0.951, 0.932, 0.944, 0.944, 0.931, 0.939, 0.935, 0.917, 0.942, 0.949, 0.95, 0.951, 0.919, 0.945, 0.94, 0.945, 0.924, 0.914, 0.936, 0.925, 0.936, 0.946, 0.953, 0.947, 0.935, 0.939, 0.937, 0.943, 0.938, 0.954, 0.947, 0.955, 0.948, 0.943, 0.932, 0.947]
Train Scores w/o background: [0.079, 0.14, 0.196, 0.291, 0.329, 0.348, 0.274, 0.229, 0.168, 0.13, 0.133, 0.15, 0.176, 0.253, 0.302, 0.358, 0.381, 0.454, 0.488, 0.566, 0.586, 0.629, 0.625, 0.66, 0.703, 0.703, 0.727, 0.764, 0.786, 0.801, 0.77, 0.815, 0.806, 0.823, 0.839, 0.815, 0.858, 0.859, 0.854, 0.851, 0.883, 0.862, 0.886, 0.798, 0.891, 0.888, 0.892, 0.896, 0.882, 0.892, 0.884, 0.856, 0.906, 0.904, 0.911, 0.909, 0.892, 0.889, 0.865, 0.901, 0.899, 0.887, 0.881, 0.918, 0.914, 0.907, 0.916, 0.881, 0.916, 0.917, 0.922, 0.921, 0.903, 0.88, 0.929, 0.859, 0.908, 0.915, 0.924, 0.924, 0.925, 0.892, 0.848, 0.921, 0.895, 0.881, 0.928, 0.915, 0.849, 0.907, 0.928, 0.913, 0.834, 0.916, 0.924, 0.885, 0.923, 0.933, 0.93, 0.909, 0.862, 0.899, 0.922, 0.928, 0.863, 0.926, 0.921, 0.883, 0.888, 0.894, 0.903, 0.926, 0.887, 0.917, 0.917, 0.929, 0.907, 0.914, 0.911, 0.925, 0.933, 0.924, 0.937, 0.911, 0.935, 0.91, 0.927, 0.927, 0.909, 0.92, 0.914, 0.89, 0.924, 0.933, 0.934, 0.936, 0.893, 0.928, 0.921, 0.928, 0.9, 0.886, 0.916, 0.901, 0.916, 0.929, 0.938, 0.93, 0.914, 0.919, 0.917, 0.924, 0.918, 0.94, 0.93, 0.941, 0.931, 0.925, 0.911, 0.93]
Train Loss: [2.966, 2.323, 1.865, 1.529, 1.242, 1.011, 0.825, 0.684, 0.564, 0.456, 0.368, 0.3, 0.246, 0.202, 0.17, 0.138, 0.12, 0.098, 0.085, 0.069, 0.057, 0.047, 0.039, 0.033, 0.028, 0.024, 0.021, 0.017, 0.015, 0.013, 0.011, 0.013, 0.008, 0.008, 0.007, 0.006, 0.005, 0.005, 0.005, 0.004, 0.004, 0.004, 0.004, 0.004, 0.004, 0.003, 0.003, 0.003, 0.004, 0.002, 0.002, 0.002, 0.002, 0.002, 0.002, 0.002, 0.002, 0.002, 0.002, 0.002, 0.002, 0.002, 0.001, 0.001, 0.001, 0.002, 0.001, 0.001, 0.001, 0.001, 0.001, 0.001, 0.001, 0.001, 0.001, 0.001, 0.001, 0.001, 0.001, 0.001, 0.001, 0.001, 0.001, 0.001, 0.001, 0.001, 0.001, 0.001, 0.001, 0.001, 0.003, 0.001, 0.002, 0.001, 0.001, 0.001, 0.001, 0.001, 0.001, 0.001, 0.001, 0.001, 0.001, 0.001, 0.001, 0.001, 0.001, 0.001, 0.001, 0.001, 0.001, 0.001, 0.001, 0.001, 0.001, 0.001, 0.001, 0.001, 0.001, 0.001, 0.001, 0.001, 0.001, 0.001, 0.001, 0.001, 0.001, 0.001, 0.001, 0.001, 0.001, 0.001, 0.001, 0.001, 0.001, 0.001, 0.001, 0.001, 0.001, 0.001, 0.001, 0.001, 0.001, 0.001, 0.001, 0.001, 0.001, 0.001, 0.001, 0.001, 0.001, 0.001, 0.001, 0.001, 0.001, 0.0, 0.001, 0.001, 0.001, 0.0]
Max test score: 0.903 found at epoch: 104
Max test score shapes: 0.872 found at epoch: 104
Avg generalisation ratio: 0.906
Avg generalisation diff: 0.075