seed 42
FullySupervisedPercentage: 0
logic loss multiplier: 0.01
Active: ImageLevelloss True True False 2 
Active: Arealoss True False 1 10 False 
Active: Relationsloss True 2 True 0.1 True 
Active: OneHotloss True 20 
Active: MinSizeBackgroundloss True 1 
Active: MaxSizeBackgroundloss True 20 
Active: MinSizeShapesloss True 30 
Active: MaxSizeShapesloss True 1 

Test Scores: [0.257, 0.281, 0.284, 0.273, 0.271, 0.258, 0.265, 0.25, 0.248, 0.262, 0.241, 0.242, 0.243, 0.247, 0.238, 0.239, 0.238, 0.244, 0.24, 0.238, 0.241, 0.246, 0.241, 0.242, 0.242, 0.248, 0.241, 0.252, 0.257, 0.262, 0.279, 0.272, 0.264, 0.308, 0.294, 0.366, 0.402, 0.443, 0.485, 0.511, 0.53, 0.54, 0.592, 0.562, 0.605, 0.644, 0.646, 0.634, 0.659, 0.682, 0.664, 0.7, 0.708, 0.665, 0.679, 0.653, 0.704, 0.732, 0.746, 0.747, 0.644, 0.728, 0.745, 0.69, 0.716, 0.739, 0.652, 0.734, 0.692, 0.768, 0.695, 0.695, 0.698, 0.751, 0.681, 0.788, 0.784, 0.77, 0.715, 0.764, 0.727, 0.726, 0.747, 0.762, 0.703, 0.715, 0.775, 0.785, 0.765, 0.697, 0.759, 0.736, 0.716, 0.797, 0.742, 0.703, 0.739, 0.722, 0.749, 0.722, 0.72, 0.782, 0.614, 0.782, 0.736, 0.735, 0.795, 0.803, 0.72, 0.735, 0.74, 0.755, 0.743, 0.68, 0.805, 0.794, 0.761, 0.744, 0.771, 0.756, 0.695, 0.734, 0.692, 0.768, 0.739, 0.732, 0.784, 0.733, 0.767, 0.747, 0.744, 0.694, 0.78, 0.685, 0.761, 0.761, 0.769, 0.69, 0.716, 0.777, 0.766, 0.758, 0.773, 0.741, 0.787, 0.777, 0.812, 0.756, 0.681, 0.791, 0.762, 0.717, 0.767, 0.786, 0.731, 0.66, 0.764, 0.745, 0.789, 0.756]
Test Scores w/o background: [0.052, 0.063, 0.063, 0.054, 0.046, 0.032, 0.041, 0.022, 0.02, 0.038, 0.011, 0.012, 0.014, 0.02, 0.007, 0.009, 0.009, 0.016, 0.013, 0.01, 0.014, 0.019, 0.013, 0.015, 0.014, 0.023, 0.014, 0.027, 0.033, 0.04, 0.062, 0.054, 0.042, 0.098, 0.081, 0.174, 0.218, 0.269, 0.324, 0.358, 0.384, 0.401, 0.467, 0.424, 0.482, 0.535, 0.534, 0.517, 0.552, 0.582, 0.558, 0.605, 0.616, 0.558, 0.576, 0.542, 0.61, 0.647, 0.665, 0.667, 0.529, 0.641, 0.663, 0.59, 0.624, 0.655, 0.539, 0.649, 0.593, 0.694, 0.597, 0.597, 0.601, 0.672, 0.578, 0.721, 0.715, 0.697, 0.624, 0.688, 0.639, 0.637, 0.665, 0.686, 0.608, 0.623, 0.703, 0.716, 0.69, 0.598, 0.682, 0.652, 0.624, 0.732, 0.659, 0.608, 0.655, 0.633, 0.668, 0.633, 0.63, 0.712, 0.488, 0.713, 0.651, 0.65, 0.73, 0.74, 0.63, 0.65, 0.656, 0.676, 0.66, 0.576, 0.743, 0.729, 0.685, 0.662, 0.697, 0.678, 0.596, 0.649, 0.593, 0.693, 0.655, 0.646, 0.716, 0.647, 0.692, 0.666, 0.662, 0.595, 0.709, 0.583, 0.685, 0.685, 0.695, 0.589, 0.624, 0.706, 0.69, 0.681, 0.7, 0.657, 0.719, 0.706, 0.752, 0.677, 0.578, 0.724, 0.686, 0.625, 0.692, 0.718, 0.644, 0.549, 0.689, 0.663, 0.722, 0.678]
Train Scores: [0.266, 0.284, 0.297, 0.278, 0.274, 0.263, 0.26, 0.248, 0.247, 0.257, 0.24, 0.243, 0.245, 0.248, 0.239, 0.241, 0.241, 0.244, 0.241, 0.239, 0.241, 0.245, 0.242, 0.243, 0.248, 0.252, 0.246, 0.261, 0.259, 0.278, 0.288, 0.281, 0.285, 0.312, 0.302, 0.373, 0.428, 0.508, 0.535, 0.556, 0.568, 0.57, 0.62, 0.637, 0.652, 0.666, 0.698, 0.685, 0.713, 0.718, 0.72, 0.757, 0.74, 0.745, 0.729, 0.746, 0.765, 0.759, 0.787, 0.776, 0.733, 0.782, 0.783, 0.736, 0.78, 0.798, 0.696, 0.793, 0.748, 0.796, 0.776, 0.763, 0.792, 0.793, 0.78, 0.823, 0.819, 0.8, 0.759, 0.807, 0.778, 0.787, 0.811, 0.814, 0.77, 0.764, 0.814, 0.826, 0.812, 0.786, 0.801, 0.785, 0.798, 0.835, 0.795, 0.785, 0.8, 0.794, 0.809, 0.788, 0.776, 0.835, 0.76, 0.831, 0.801, 0.812, 0.82, 0.84, 0.786, 0.815, 0.828, 0.821, 0.79, 0.794, 0.841, 0.834, 0.818, 0.792, 0.825, 0.808, 0.799, 0.792, 0.786, 0.799, 0.843, 0.802, 0.84, 0.784, 0.823, 0.815, 0.803, 0.779, 0.841, 0.795, 0.84, 0.796, 0.83, 0.799, 0.809, 0.834, 0.823, 0.817, 0.835, 0.816, 0.846, 0.824, 0.854, 0.821, 0.8, 0.822, 0.826, 0.769, 0.828, 0.838, 0.82, 0.745, 0.833, 0.811, 0.845, 0.8]
Train Scores w/o background: [0.062, 0.065, 0.08, 0.059, 0.051, 0.038, 0.034, 0.019, 0.018, 0.031, 0.009, 0.013, 0.015, 0.019, 0.008, 0.011, 0.011, 0.014, 0.012, 0.009, 0.012, 0.017, 0.013, 0.014, 0.021, 0.026, 0.018, 0.036, 0.035, 0.06, 0.074, 0.064, 0.069, 0.103, 0.091, 0.183, 0.253, 0.355, 0.391, 0.418, 0.435, 0.441, 0.503, 0.524, 0.544, 0.564, 0.604, 0.586, 0.624, 0.629, 0.632, 0.681, 0.658, 0.665, 0.643, 0.665, 0.691, 0.683, 0.72, 0.706, 0.648, 0.713, 0.714, 0.651, 0.71, 0.733, 0.598, 0.727, 0.668, 0.731, 0.704, 0.687, 0.726, 0.727, 0.71, 0.767, 0.761, 0.737, 0.682, 0.746, 0.707, 0.719, 0.75, 0.755, 0.697, 0.688, 0.755, 0.771, 0.752, 0.717, 0.738, 0.716, 0.733, 0.783, 0.73, 0.716, 0.736, 0.729, 0.749, 0.72, 0.705, 0.783, 0.682, 0.777, 0.737, 0.752, 0.763, 0.789, 0.718, 0.756, 0.773, 0.764, 0.722, 0.728, 0.791, 0.781, 0.76, 0.726, 0.77, 0.747, 0.735, 0.726, 0.718, 0.734, 0.793, 0.739, 0.789, 0.715, 0.767, 0.756, 0.74, 0.708, 0.791, 0.73, 0.79, 0.73, 0.776, 0.735, 0.749, 0.782, 0.767, 0.759, 0.783, 0.757, 0.798, 0.769, 0.808, 0.764, 0.736, 0.765, 0.77, 0.695, 0.773, 0.787, 0.763, 0.663, 0.78, 0.751, 0.796, 0.737]
Train Loss: [3.59, 2.901, 2.474, 2.143, 1.849, 1.608, 1.364, 1.14, 0.959, 0.796, 0.648, 0.518, 0.415, 0.337, 0.288, 0.255, 0.235, 0.224, 0.216, 0.212, 0.207, 0.204, 0.204, 0.205, 0.198, 0.192, 0.185, 0.184, 0.18, 0.174, 0.173, 0.167, 0.154, 0.146, 0.131, 0.113, 0.094, 0.076, 0.061, 0.051, 0.043, 0.038, 0.031, 0.031, 0.025, 0.02, 0.016, 0.016, 0.015, 0.012, 0.012, 0.01, 0.009, 0.011, 0.008, 0.01, 0.007, 0.008, 0.007, 0.005, 0.005, 0.005, 0.006, 0.005, 0.005, 0.004, 0.005, 0.004, 0.004, 0.003, 0.004, 0.003, 0.004, 0.003, 0.003, 0.003, 0.002, 0.003, 0.002, 0.003, 0.002, 0.002, 0.002, 0.002, 0.002, 0.002, 0.002, 0.002, 0.002, 0.007, 0.003, 0.002, 0.007, 0.002, 0.002, 0.002, 0.002, 0.002, 0.002, 0.002, 0.002, 0.002, 0.002, 0.001, 0.001, 0.002, 0.001, 0.001, 0.001, 0.001, 0.001, 0.001, 0.001, 0.001, 0.001, 0.001, 0.001, 0.001, 0.001, 0.001, 0.001, 0.001, 0.002, 0.002, 0.001, 0.001, 0.001, 0.001, 0.001, 0.001, 0.001, 0.001, 0.001, 0.001, 0.001, 0.001, 0.001, 0.001, 0.001, 0.001, 0.001, 0.001, 0.001, 0.001, 0.001, 0.001, 0.001, 0.001, 0.001, 0.001, 0.001, 0.001, 0.001, 0.001, 0.001, 0.001, 0.001, 0.001, 0.001, 0.001]
Max test score: 0.812 found at epoch: 147
Max test score shapes: 0.752 found at epoch: 147
Avg generalisation ratio: 0.9
Avg generalisation diff: 0.062