seed 42
FullySupervisedPercentage: 0
logic loss multiplier: 0.01
Active: ImageLevelloss True True False 2 
Active: Arealoss True False 1 10 False 
Active: Adjacencyloss True True 30 0.0001 False False 
Active: OneHotloss True 20 
Active: MinSizeBackgroundloss True 1 
Active: MaxSizeBackgroundloss True 20 
Active: MinSizeShapesloss True 30 
Active: MaxSizeShapesloss True 1 

Test Scores: [0.242, 0.275, 0.305, 0.305, 0.273, 0.226, 0.224, 0.224, 0.224, 0.226, 0.226, 0.226, 0.226, 0.226, 0.226, 0.227, 0.229, 0.229, 0.229, 0.232, 0.232, 0.232, 0.232, 0.232, 0.23, 0.23, 0.232, 0.232, 0.231, 0.231, 0.228, 0.229, 0.229, 0.229, 0.23, 0.23, 0.229, 0.23, 0.228, 0.229, 0.232, 0.229, 0.229, 0.23, 0.228, 0.234, 0.232, 0.233, 0.23, 0.232, 0.246, 0.246, 0.251, 0.253, 0.266, 0.279, 0.28, 0.278, 0.283, 0.297, 0.284, 0.318, 0.297, 0.286, 0.324, 0.364, 0.364, 0.353, 0.4, 0.396, 0.415, 0.432, 0.444, 0.474, 0.465, 0.483, 0.485, 0.505, 0.497, 0.524, 0.503, 0.484, 0.499, 0.523, 0.473, 0.535, 0.51, 0.529, 0.534, 0.542, 0.531, 0.55, 0.523, 0.545, 0.499, 0.492, 0.555, 0.504, 0.501, 0.488, 0.505, 0.57, 0.5, 0.528, 0.455, 0.498, 0.517, 0.522, 0.487, 0.495, 0.494, 0.508, 0.522, 0.496, 0.524, 0.496, 0.46, 0.459, 0.55, 0.513, 0.505, 0.512, 0.522, 0.502, 0.498, 0.492, 0.505, 0.519, 0.525, 0.495, 0.469, 0.497, 0.559, 0.502, 0.542, 0.491, 0.5, 0.497, 0.512, 0.486, 0.554, 0.463, 0.555, 0.55, 0.543, 0.579, 0.546, 0.492, 0.544, 0.549, 0.485, 0.47, 0.485, 0.573, 0.528, 0.469, 0.525, 0.501, 0.563, 0.502]
Test Scores w/o background: [0.061, 0.074, 0.098, 0.097, 0.06, 0.003, 0.0, 0.0, 0.0, 0.0, 0.0, 0.0, 0.0, 0.0, 0.0, 0.0, 0.0, 0.0, 0.0, 0.0, 0.0, 0.0, 0.0, 0.0, 0.0, 0.0, 0.0, 0.0, 0.0, 0.0, 0.0, 0.001, 0.001, 0.001, 0.001, 0.0, 0.0, 0.001, 0.001, 0.0, 0.002, 0.001, 0.002, 0.006, 0.001, 0.007, 0.005, 0.006, 0.007, 0.004, 0.023, 0.026, 0.031, 0.037, 0.05, 0.07, 0.076, 0.072, 0.078, 0.096, 0.08, 0.124, 0.102, 0.084, 0.13, 0.182, 0.18, 0.164, 0.227, 0.222, 0.247, 0.262, 0.276, 0.324, 0.308, 0.336, 0.342, 0.363, 0.351, 0.389, 0.353, 0.336, 0.359, 0.386, 0.32, 0.408, 0.368, 0.393, 0.405, 0.41, 0.394, 0.428, 0.387, 0.418, 0.353, 0.345, 0.427, 0.359, 0.357, 0.335, 0.367, 0.446, 0.354, 0.39, 0.295, 0.352, 0.376, 0.382, 0.336, 0.348, 0.35, 0.367, 0.385, 0.351, 0.383, 0.349, 0.298, 0.3, 0.424, 0.372, 0.359, 0.373, 0.382, 0.356, 0.353, 0.345, 0.363, 0.379, 0.385, 0.348, 0.31, 0.354, 0.434, 0.358, 0.408, 0.342, 0.356, 0.35, 0.368, 0.336, 0.425, 0.307, 0.428, 0.42, 0.415, 0.462, 0.418, 0.346, 0.413, 0.42, 0.336, 0.313, 0.337, 0.451, 0.393, 0.31, 0.388, 0.355, 0.438, 0.355]
Train Scores: [0.25, 0.282, 0.285, 0.277, 0.249, 0.226, 0.225, 0.225, 0.225, 0.227, 0.227, 0.227, 0.227, 0.227, 0.227, 0.228, 0.23, 0.23, 0.23, 0.233, 0.233, 0.233, 0.233, 0.233, 0.231, 0.231, 0.232, 0.232, 0.231, 0.232, 0.229, 0.23, 0.23, 0.23, 0.234, 0.232, 0.231, 0.237, 0.234, 0.232, 0.235, 0.232, 0.231, 0.24, 0.232, 0.243, 0.238, 0.244, 0.24, 0.238, 0.247, 0.254, 0.257, 0.269, 0.285, 0.294, 0.295, 0.298, 0.313, 0.32, 0.311, 0.329, 0.334, 0.316, 0.364, 0.393, 0.403, 0.403, 0.446, 0.448, 0.466, 0.487, 0.51, 0.535, 0.529, 0.557, 0.555, 0.581, 0.558, 0.591, 0.597, 0.583, 0.598, 0.599, 0.557, 0.622, 0.602, 0.6, 0.615, 0.615, 0.632, 0.654, 0.626, 0.646, 0.598, 0.595, 0.627, 0.589, 0.617, 0.588, 0.61, 0.669, 0.605, 0.639, 0.566, 0.618, 0.642, 0.628, 0.624, 0.612, 0.634, 0.651, 0.653, 0.625, 0.636, 0.623, 0.573, 0.58, 0.649, 0.649, 0.631, 0.638, 0.656, 0.607, 0.623, 0.622, 0.639, 0.615, 0.64, 0.631, 0.59, 0.625, 0.678, 0.627, 0.673, 0.637, 0.641, 0.626, 0.635, 0.611, 0.674, 0.586, 0.673, 0.673, 0.665, 0.687, 0.673, 0.609, 0.667, 0.667, 0.619, 0.593, 0.622, 0.672, 0.607, 0.582, 0.617, 0.615, 0.67, 0.629]
Train Scores w/o background: [0.069, 0.082, 0.071, 0.062, 0.03, 0.002, 0.0, 0.0, 0.0, 0.0, 0.0, 0.0, 0.0, 0.0, 0.0, 0.0, 0.0, 0.0, 0.0, 0.0, 0.0, 0.0, 0.0, 0.0, 0.0, 0.0, 0.0, 0.0, 0.0, 0.0, 0.0, 0.001, 0.001, 0.001, 0.004, 0.001, 0.001, 0.009, 0.007, 0.002, 0.005, 0.003, 0.003, 0.016, 0.003, 0.017, 0.012, 0.018, 0.017, 0.01, 0.024, 0.035, 0.038, 0.055, 0.073, 0.087, 0.091, 0.094, 0.113, 0.123, 0.113, 0.136, 0.147, 0.121, 0.18, 0.219, 0.23, 0.229, 0.287, 0.29, 0.312, 0.335, 0.365, 0.403, 0.392, 0.431, 0.432, 0.462, 0.429, 0.475, 0.478, 0.466, 0.486, 0.484, 0.429, 0.519, 0.488, 0.486, 0.51, 0.506, 0.528, 0.561, 0.521, 0.55, 0.483, 0.48, 0.52, 0.47, 0.509, 0.466, 0.504, 0.577, 0.491, 0.536, 0.44, 0.509, 0.542, 0.521, 0.518, 0.501, 0.534, 0.556, 0.558, 0.52, 0.531, 0.515, 0.448, 0.458, 0.553, 0.55, 0.526, 0.537, 0.558, 0.493, 0.517, 0.515, 0.539, 0.504, 0.537, 0.527, 0.472, 0.522, 0.59, 0.522, 0.582, 0.536, 0.542, 0.52, 0.53, 0.501, 0.584, 0.467, 0.584, 0.583, 0.574, 0.603, 0.584, 0.498, 0.575, 0.574, 0.511, 0.476, 0.516, 0.58, 0.496, 0.459, 0.508, 0.504, 0.578, 0.523]
Train Loss: [2.949, 2.259, 1.849, 1.583, 1.359, 1.147, 0.937, 0.771, 0.627, 0.504, 0.402, 0.323, 0.265, 0.226, 0.2, 0.182, 0.168, 0.16, 0.154, 0.14, 0.133, 0.128, 0.125, 0.125, 0.124, 0.125, 0.122, 0.121, 0.119, 0.119, 0.119, 0.118, 0.116, 0.119, 0.117, 0.115, 0.115, 0.113, 0.111, 0.108, 0.107, 0.108, 0.105, 0.104, 0.103, 0.1, 0.099, 0.095, 0.095, 0.093, 0.091, 0.089, 0.087, 0.087, 0.085, 0.08, 0.077, 0.073, 0.069, 0.069, 0.067, 0.065, 0.063, 0.064, 0.061, 0.057, 0.054, 0.052, 0.044, 0.043, 0.04, 0.035, 0.032, 0.026, 0.022, 0.02, 0.019, 0.017, 0.022, 0.015, 0.014, 0.015, 0.012, 0.011, 0.01, 0.01, 0.01, 0.01, 0.009, 0.009, 0.008, 0.008, 0.007, 0.007, 0.007, 0.006, 0.006, 0.006, 0.005, 0.006, 0.007, 0.007, 0.009, 0.011, 0.007, 0.006, 0.006, 0.005, 0.004, 0.004, 0.004, 0.003, 0.004, 0.004, 0.004, 0.004, 0.004, 0.004, 0.004, 0.004, 0.004, 0.004, 0.004, 0.004, 0.004, 0.003, 0.003, 0.003, 0.003, 0.004, 0.004, 0.003, 0.004, 0.003, 0.004, 0.003, 0.003, 0.003, 0.003, 0.003, 0.003, 0.003, 0.003, 0.003, 0.003, 0.003, 0.003, 0.003, 0.003, 0.003, 0.002, 0.002, 0.002, 0.002, 0.002, 0.002, 0.003, 0.002, 0.002, 0.002]
Max test score: 0.579 found at epoch: 146
Max test score shapes: 0.462 found at epoch: 146
Avg generalisation ratio: 0.729
Avg generalisation diff: 0.084