seed 42
FullySupervisedPercentage: 0
logic loss multiplier: 0.01
Active: ImageLevelloss True True False 2 
Active: Adjacencyloss True True 30 0.0001 False False 
Active: Relationsloss True 2 True 0.1 True 
Active: OneHotloss True 20 
Active: MinSizeBackgroundloss True 1 
Active: MaxSizeBackgroundloss True 20 
Active: MinSizeShapesloss True 30 
Active: MaxSizeShapesloss True 1 

Test Scores: [0.233, 0.265, 0.269, 0.282, 0.269, 0.267, 0.256, 0.247, 0.244, 0.247, 0.249, 0.241, 0.241, 0.244, 0.243, 0.238, 0.24, 0.244, 0.261, 0.242, 0.257, 0.239, 0.25, 0.238, 0.248, 0.256, 0.273, 0.319, 0.324, 0.342, 0.41, 0.393, 0.429, 0.44, 0.465, 0.479, 0.493, 0.53, 0.571, 0.588, 0.616, 0.552, 0.576, 0.67, 0.666, 0.688, 0.699, 0.634, 0.721, 0.741, 0.653, 0.711, 0.692, 0.734, 0.767, 0.723, 0.727, 0.763, 0.736, 0.711, 0.702, 0.742, 0.77, 0.713, 0.725, 0.748, 0.68, 0.757, 0.755, 0.765, 0.784, 0.768, 0.756, 0.786, 0.777, 0.753, 0.738, 0.747, 0.772, 0.785, 0.786, 0.78, 0.79, 0.738, 0.729, 0.748, 0.789, 0.776, 0.744, 0.769, 0.771, 0.794, 0.773, 0.734, 0.748, 0.797, 0.786, 0.777, 0.746, 0.754, 0.763, 0.805, 0.794, 0.785, 0.78, 0.83, 0.775, 0.789, 0.785, 0.716, 0.809, 0.793, 0.768, 0.814, 0.75, 0.809, 0.72, 0.772, 0.803, 0.806, 0.825, 0.817, 0.825, 0.822, 0.803, 0.771, 0.807, 0.807, 0.798, 0.756, 0.811, 0.774, 0.813, 0.81, 0.81, 0.826, 0.818, 0.781, 0.781, 0.803, 0.809, 0.798, 0.767, 0.826, 0.817, 0.782, 0.808, 0.807, 0.801, 0.795, 0.784, 0.781, 0.771, 0.831, 0.802, 0.783, 0.8, 0.792, 0.822, 0.774]
Test Scores w/o background: [0.063, 0.071, 0.048, 0.057, 0.048, 0.047, 0.035, 0.023, 0.018, 0.019, 0.023, 0.012, 0.012, 0.016, 0.015, 0.008, 0.011, 0.016, 0.037, 0.014, 0.034, 0.01, 0.024, 0.01, 0.021, 0.034, 0.057, 0.108, 0.118, 0.137, 0.225, 0.2, 0.249, 0.262, 0.295, 0.313, 0.331, 0.379, 0.434, 0.456, 0.494, 0.409, 0.439, 0.564, 0.559, 0.588, 0.602, 0.515, 0.631, 0.658, 0.541, 0.618, 0.592, 0.648, 0.693, 0.633, 0.639, 0.687, 0.651, 0.618, 0.605, 0.659, 0.696, 0.62, 0.636, 0.666, 0.575, 0.679, 0.677, 0.69, 0.715, 0.693, 0.677, 0.717, 0.705, 0.674, 0.653, 0.666, 0.699, 0.716, 0.717, 0.709, 0.723, 0.653, 0.642, 0.667, 0.721, 0.703, 0.661, 0.695, 0.698, 0.727, 0.699, 0.648, 0.667, 0.731, 0.717, 0.706, 0.663, 0.675, 0.686, 0.742, 0.727, 0.715, 0.709, 0.776, 0.703, 0.722, 0.716, 0.624, 0.748, 0.727, 0.693, 0.754, 0.669, 0.747, 0.629, 0.698, 0.74, 0.744, 0.77, 0.758, 0.769, 0.765, 0.74, 0.697, 0.745, 0.745, 0.733, 0.677, 0.751, 0.701, 0.752, 0.749, 0.749, 0.77, 0.76, 0.711, 0.711, 0.74, 0.748, 0.733, 0.692, 0.77, 0.759, 0.712, 0.747, 0.745, 0.737, 0.729, 0.714, 0.711, 0.697, 0.777, 0.739, 0.713, 0.735, 0.725, 0.766, 0.702]
Train Scores: [0.244, 0.275, 0.276, 0.29, 0.276, 0.263, 0.255, 0.246, 0.242, 0.244, 0.247, 0.239, 0.239, 0.242, 0.241, 0.237, 0.239, 0.243, 0.261, 0.247, 0.259, 0.243, 0.255, 0.245, 0.253, 0.261, 0.284, 0.328, 0.338, 0.369, 0.434, 0.444, 0.477, 0.505, 0.532, 0.549, 0.578, 0.608, 0.646, 0.645, 0.687, 0.627, 0.666, 0.73, 0.738, 0.759, 0.77, 0.743, 0.784, 0.787, 0.752, 0.764, 0.762, 0.796, 0.815, 0.795, 0.803, 0.816, 0.757, 0.797, 0.8, 0.814, 0.814, 0.789, 0.801, 0.829, 0.747, 0.821, 0.809, 0.805, 0.834, 0.835, 0.804, 0.84, 0.799, 0.811, 0.823, 0.816, 0.833, 0.845, 0.839, 0.835, 0.845, 0.837, 0.803, 0.799, 0.848, 0.849, 0.818, 0.844, 0.853, 0.841, 0.849, 0.834, 0.835, 0.849, 0.858, 0.827, 0.836, 0.85, 0.833, 0.854, 0.842, 0.848, 0.837, 0.853, 0.824, 0.861, 0.85, 0.789, 0.844, 0.859, 0.847, 0.842, 0.845, 0.868, 0.814, 0.854, 0.871, 0.856, 0.868, 0.853, 0.864, 0.858, 0.861, 0.841, 0.857, 0.85, 0.866, 0.84, 0.851, 0.846, 0.856, 0.855, 0.867, 0.856, 0.855, 0.84, 0.854, 0.853, 0.843, 0.847, 0.828, 0.856, 0.868, 0.83, 0.858, 0.856, 0.862, 0.868, 0.854, 0.857, 0.845, 0.866, 0.842, 0.866, 0.855, 0.863, 0.864, 0.836]
Train Scores w/o background: [0.073, 0.083, 0.058, 0.069, 0.057, 0.042, 0.034, 0.022, 0.015, 0.014, 0.018, 0.008, 0.008, 0.012, 0.01, 0.005, 0.008, 0.013, 0.035, 0.018, 0.034, 0.014, 0.028, 0.018, 0.027, 0.04, 0.071, 0.123, 0.138, 0.174, 0.259, 0.269, 0.313, 0.349, 0.383, 0.407, 0.444, 0.484, 0.535, 0.533, 0.587, 0.509, 0.56, 0.644, 0.655, 0.683, 0.698, 0.661, 0.716, 0.719, 0.672, 0.689, 0.686, 0.731, 0.756, 0.729, 0.74, 0.758, 0.679, 0.733, 0.736, 0.754, 0.754, 0.722, 0.738, 0.774, 0.665, 0.765, 0.749, 0.743, 0.78, 0.782, 0.742, 0.789, 0.734, 0.751, 0.767, 0.758, 0.78, 0.795, 0.787, 0.783, 0.796, 0.785, 0.74, 0.735, 0.8, 0.801, 0.759, 0.795, 0.806, 0.791, 0.801, 0.781, 0.782, 0.801, 0.813, 0.772, 0.784, 0.803, 0.779, 0.808, 0.791, 0.8, 0.785, 0.806, 0.767, 0.817, 0.802, 0.721, 0.794, 0.814, 0.798, 0.791, 0.796, 0.826, 0.755, 0.808, 0.83, 0.81, 0.827, 0.807, 0.822, 0.812, 0.817, 0.791, 0.812, 0.802, 0.824, 0.788, 0.803, 0.798, 0.81, 0.809, 0.825, 0.811, 0.809, 0.789, 0.807, 0.806, 0.794, 0.798, 0.774, 0.811, 0.826, 0.776, 0.813, 0.81, 0.818, 0.827, 0.807, 0.812, 0.796, 0.823, 0.792, 0.823, 0.809, 0.82, 0.82, 0.784]
Train Loss: [2.649, 1.986, 1.599, 1.349, 1.134, 0.938, 0.781, 0.662, 0.55, 0.436, 0.344, 0.278, 0.238, 0.216, 0.203, 0.193, 0.186, 0.178, 0.172, 0.166, 0.161, 0.159, 0.157, 0.153, 0.151, 0.147, 0.143, 0.136, 0.125, 0.115, 0.105, 0.091, 0.086, 0.074, 0.068, 0.063, 0.052, 0.044, 0.036, 0.036, 0.028, 0.023, 0.022, 0.02, 0.017, 0.015, 0.015, 0.013, 0.011, 0.009, 0.009, 0.009, 0.008, 0.008, 0.006, 0.006, 0.005, 0.005, 0.007, 0.005, 0.005, 0.007, 0.005, 0.004, 0.004, 0.004, 0.004, 0.004, 0.004, 0.004, 0.003, 0.004, 0.004, 0.003, 0.003, 0.003, 0.003, 0.002, 0.003, 0.002, 0.002, 0.002, 0.003, 0.004, 0.002, 0.002, 0.002, 0.002, 0.002, 0.002, 0.002, 0.002, 0.002, 0.003, 0.002, 0.002, 0.002, 0.002, 0.002, 0.002, 0.002, 0.002, 0.002, 0.002, 0.002, 0.002, 0.002, 0.001, 0.001, 0.002, 0.002, 0.003, 0.001, 0.002, 0.001, 0.001, 0.001, 0.001, 0.001, 0.001, 0.001, 0.001, 0.001, 0.001, 0.001, 0.001, 0.001, 0.001, 0.001, 0.001, 0.001, 0.001, 0.001, 0.001, 0.001, 0.001, 0.001, 0.001, 0.001, 0.001, 0.001, 0.001, 0.001, 0.001, 0.001, 0.001, 0.001, 0.001, 0.001, 0.002, 0.001, 0.001, 0.001, 0.001, 0.002, 0.001, 0.001, 0.001, 0.001, 0.001]
Max test score: 0.831 found at epoch: 154
Max test score shapes: 0.777 found at epoch: 154
Avg generalisation ratio: 0.913
Avg generalisation diff: 0.068