logic loss multiplier: 0
Active: Adjacencyloss True True 30 0.0001 True False 
Active: Relationsloss True 2 True 0.1 False 

Test Scores: [0.268, 0.352, 0.384, 0.376, 0.429, 0.458, 0.509, 0.555, 0.544, 0.587, 0.6, 0.587, 0.6, 0.593, 0.583, 0.608, 0.594, 0.586, 0.6, 0.617, 0.591, 0.565, 0.618, 0.599, 0.639, 0.58, 0.624, 0.602, 0.612, 0.641, 0.633, 0.603, 0.633, 0.628, 0.605, 0.618, 0.638, 0.623, 0.59, 0.633, 0.627, 0.64, 0.595, 0.634, 0.637, 0.633, 0.62, 0.629, 0.637, 0.624, 0.637, 0.621, 0.633, 0.642, 0.641, 0.608, 0.619, 0.639, 0.625, 0.613, 0.651, 0.611, 0.621, 0.64, 0.608, 0.636, 0.633, 0.638, 0.636, 0.616, 0.625, 0.635, 0.637, 0.637, 0.639, 0.559, 0.604, 0.622, 0.632, 0.631, 0.622, 0.619, 0.639, 0.64, 0.641, 0.638, 0.632, 0.624, 0.632, 0.625, 0.633, 0.616, 0.627, 0.63, 0.646, 0.626, 0.643, 0.64, 0.603, 0.646]
Test Scores w/o background: [0.158, 0.202, 0.238, 0.245, 0.29, 0.322, 0.383, 0.409, 0.404, 0.445, 0.464, 0.45, 0.458, 0.458, 0.432, 0.464, 0.451, 0.435, 0.453, 0.482, 0.441, 0.402, 0.48, 0.455, 0.506, 0.425, 0.485, 0.459, 0.472, 0.51, 0.5, 0.457, 0.497, 0.494, 0.459, 0.477, 0.506, 0.483, 0.437, 0.501, 0.493, 0.509, 0.446, 0.503, 0.506, 0.5, 0.481, 0.493, 0.506, 0.492, 0.506, 0.486, 0.502, 0.513, 0.512, 0.464, 0.479, 0.508, 0.491, 0.472, 0.526, 0.468, 0.487, 0.51, 0.474, 0.506, 0.5, 0.51, 0.504, 0.477, 0.486, 0.505, 0.507, 0.505, 0.509, 0.396, 0.462, 0.483, 0.498, 0.496, 0.485, 0.481, 0.51, 0.511, 0.513, 0.506, 0.496, 0.487, 0.499, 0.489, 0.501, 0.476, 0.491, 0.492, 0.52, 0.493, 0.514, 0.512, 0.456, 0.517]
Train Scores: [0.276, 0.37, 0.409, 0.414, 0.473, 0.496, 0.536, 0.574, 0.572, 0.608, 0.626, 0.619, 0.625, 0.63, 0.617, 0.641, 0.633, 0.628, 0.638, 0.659, 0.637, 0.609, 0.659, 0.652, 0.66, 0.631, 0.667, 0.648, 0.657, 0.687, 0.667, 0.654, 0.675, 0.669, 0.651, 0.659, 0.689, 0.673, 0.626, 0.676, 0.681, 0.702, 0.646, 0.682, 0.7, 0.683, 0.671, 0.682, 0.701, 0.686, 0.692, 0.678, 0.697, 0.699, 0.708, 0.667, 0.678, 0.69, 0.682, 0.678, 0.703, 0.678, 0.678, 0.709, 0.686, 0.699, 0.69, 0.702, 0.698, 0.677, 0.698, 0.695, 0.708, 0.703, 0.714, 0.635, 0.682, 0.69, 0.699, 0.704, 0.693, 0.687, 0.713, 0.714, 0.712, 0.71, 0.708, 0.686, 0.698, 0.703, 0.708, 0.684, 0.701, 0.702, 0.726, 0.701, 0.716, 0.711, 0.681, 0.719]
Train Scores w/o background: [0.171, 0.22, 0.26, 0.284, 0.342, 0.369, 0.412, 0.431, 0.439, 0.471, 0.495, 0.49, 0.488, 0.502, 0.471, 0.505, 0.5, 0.493, 0.501, 0.532, 0.5, 0.461, 0.531, 0.526, 0.532, 0.491, 0.543, 0.518, 0.529, 0.57, 0.541, 0.524, 0.553, 0.546, 0.521, 0.531, 0.573, 0.55, 0.483, 0.556, 0.562, 0.592, 0.511, 0.566, 0.59, 0.567, 0.549, 0.565, 0.591, 0.573, 0.578, 0.56, 0.584, 0.588, 0.601, 0.541, 0.557, 0.576, 0.567, 0.556, 0.593, 0.557, 0.559, 0.6, 0.575, 0.588, 0.575, 0.592, 0.584, 0.559, 0.585, 0.584, 0.601, 0.593, 0.611, 0.496, 0.563, 0.574, 0.589, 0.594, 0.58, 0.573, 0.607, 0.61, 0.607, 0.604, 0.598, 0.57, 0.588, 0.592, 0.603, 0.568, 0.59, 0.59, 0.629, 0.595, 0.611, 0.605, 0.563, 0.615]
Train Loss: [1.475, 1.394, 1.324, 1.277, 1.238, 1.202, 1.164, 1.129, 1.101, 1.078, 1.053, 1.032, 1.013, 0.993, 0.975, 0.956, 0.939, 0.922, 0.905, 0.89, 0.874, 0.859, 0.846, 0.833, 0.821, 0.809, 0.798, 0.788, 0.778, 0.77, 0.761, 0.754, 0.746, 0.739, 0.733, 0.728, 0.722, 0.718, 0.713, 0.71, 0.706, 0.702, 0.698, 0.695, 0.691, 0.689, 0.685, 0.683, 0.682, 0.679, 0.676, 0.674, 0.672, 0.669, 0.667, 0.664, 0.662, 0.658, 0.655, 0.651, 0.648, 0.643, 0.638, 0.632, 0.625, 0.618, 0.61, 0.6, 0.589, 0.578, 0.565, 0.553, 0.539, 0.525, 0.511, 0.499, 0.486, 0.475, 0.465, 0.456, 0.448, 0.441, 0.435, 0.429, 0.425, 0.421, 0.417, 0.415, 0.413, 0.411, 0.409, 0.407, 0.406, 0.404, 0.404, 0.402, 0.401, 0.401, 0.4, 0.399]
Max test score: 0.651 found at epoch: 61
Max test score shapes: 0.526 found at epoch: 61
