logic loss multiplier: 0.01
Active: Adjacencyloss True True 30 0.0001 True False 
Active: Relationsloss True 2 True 0.1 False 
Active: OneHotloss True 10 
Active: Smoothnessloss True 100 

Test Scores: [0.133, 0.264, 0.356, 0.377, 0.42, 0.382, 0.377, 0.396, 0.398, 0.419, 0.472, 0.505, 0.521, 0.56, 0.564, 0.579, 0.589, 0.588, 0.586, 0.566, 0.589, 0.581, 0.577, 0.588, 0.598, 0.564, 0.57, 0.593, 0.585, 0.593, 0.584, 0.603, 0.56, 0.601, 0.609, 0.618, 0.602, 0.616, 0.612, 0.587, 0.582, 0.59, 0.596, 0.606, 0.602, 0.591, 0.639, 0.594, 0.632, 0.635, 0.599, 0.623, 0.62, 0.598, 0.635, 0.61, 0.63, 0.637, 0.608, 0.613, 0.606, 0.633, 0.614, 0.617, 0.608, 0.632, 0.631, 0.637, 0.621, 0.626, 0.632, 0.627, 0.614, 0.621, 0.627, 0.622, 0.64, 0.592, 0.641, 0.648, 0.616, 0.63, 0.626, 0.638, 0.607, 0.635, 0.606, 0.634, 0.623, 0.643, 0.638, 0.645, 0.609, 0.627, 0.624, 0.621, 0.639, 0.613, 0.639, 0.628]
Test Scores w/o background: [0.12, 0.19, 0.26, 0.279, 0.31, 0.296, 0.3, 0.31, 0.318, 0.328, 0.356, 0.385, 0.405, 0.439, 0.437, 0.461, 0.474, 0.473, 0.469, 0.44, 0.47, 0.458, 0.451, 0.466, 0.478, 0.432, 0.439, 0.473, 0.462, 0.47, 0.457, 0.482, 0.419, 0.465, 0.486, 0.489, 0.468, 0.489, 0.475, 0.433, 0.429, 0.437, 0.449, 0.463, 0.454, 0.437, 0.509, 0.444, 0.5, 0.501, 0.451, 0.484, 0.48, 0.447, 0.501, 0.466, 0.494, 0.505, 0.461, 0.468, 0.46, 0.499, 0.472, 0.475, 0.462, 0.495, 0.499, 0.504, 0.481, 0.487, 0.496, 0.489, 0.472, 0.485, 0.491, 0.482, 0.508, 0.439, 0.51, 0.52, 0.474, 0.493, 0.487, 0.505, 0.462, 0.502, 0.458, 0.5, 0.483, 0.512, 0.505, 0.514, 0.463, 0.487, 0.485, 0.479, 0.507, 0.47, 0.507, 0.49]
Train Scores: [0.141, 0.268, 0.365, 0.396, 0.439, 0.398, 0.394, 0.428, 0.427, 0.449, 0.514, 0.541, 0.559, 0.6, 0.61, 0.63, 0.633, 0.63, 0.638, 0.625, 0.644, 0.645, 0.645, 0.651, 0.667, 0.628, 0.644, 0.658, 0.659, 0.663, 0.662, 0.675, 0.632, 0.678, 0.687, 0.694, 0.671, 0.693, 0.689, 0.661, 0.649, 0.67, 0.675, 0.684, 0.674, 0.669, 0.716, 0.673, 0.716, 0.711, 0.684, 0.71, 0.7, 0.683, 0.714, 0.692, 0.714, 0.716, 0.69, 0.693, 0.689, 0.72, 0.703, 0.698, 0.692, 0.719, 0.719, 0.722, 0.709, 0.708, 0.72, 0.71, 0.699, 0.709, 0.716, 0.712, 0.732, 0.675, 0.732, 0.741, 0.706, 0.711, 0.72, 0.724, 0.701, 0.723, 0.687, 0.717, 0.72, 0.732, 0.731, 0.737, 0.701, 0.715, 0.714, 0.716, 0.736, 0.709, 0.738, 0.723]
Train Scores w/o background: [0.133, 0.202, 0.267, 0.297, 0.327, 0.308, 0.312, 0.338, 0.34, 0.355, 0.4, 0.426, 0.45, 0.49, 0.5, 0.531, 0.533, 0.529, 0.538, 0.521, 0.544, 0.542, 0.54, 0.55, 0.571, 0.516, 0.534, 0.561, 0.559, 0.562, 0.559, 0.578, 0.514, 0.567, 0.589, 0.589, 0.558, 0.59, 0.578, 0.533, 0.519, 0.543, 0.555, 0.563, 0.551, 0.542, 0.61, 0.551, 0.612, 0.603, 0.565, 0.6, 0.586, 0.562, 0.608, 0.577, 0.607, 0.613, 0.57, 0.575, 0.573, 0.617, 0.591, 0.587, 0.574, 0.613, 0.619, 0.62, 0.599, 0.598, 0.614, 0.6, 0.584, 0.604, 0.609, 0.603, 0.632, 0.55, 0.633, 0.646, 0.595, 0.602, 0.614, 0.623, 0.587, 0.623, 0.568, 0.611, 0.613, 0.635, 0.632, 0.639, 0.586, 0.61, 0.608, 0.609, 0.64, 0.599, 0.642, 0.618]
Train Loss: [2.019, 1.723, 1.575, 1.488, 1.43, 1.388, 1.352, 1.322, 1.295, 1.27, 1.248, 1.225, 1.203, 1.181, 1.159, 1.139, 1.119, 1.1, 1.081, 1.062, 1.045, 1.027, 1.01, 0.992, 0.976, 0.96, 0.944, 0.929, 0.913, 0.898, 0.884, 0.871, 0.858, 0.845, 0.833, 0.821, 0.809, 0.798, 0.787, 0.777, 0.767, 0.758, 0.751, 0.743, 0.736, 0.729, 0.723, 0.718, 0.712, 0.708, 0.703, 0.698, 0.695, 0.691, 0.687, 0.683, 0.681, 0.677, 0.674, 0.672, 0.67, 0.666, 0.665, 0.662, 0.659, 0.656, 0.653, 0.652, 0.647, 0.645, 0.641, 0.637, 0.632, 0.626, 0.619, 0.614, 0.606, 0.596, 0.587, 0.575, 0.564, 0.553, 0.541, 0.528, 0.515, 0.505, 0.492, 0.481, 0.47, 0.461, 0.453, 0.445, 0.438, 0.432, 0.427, 0.424, 0.419, 0.416, 0.413, 0.411]
Max test score: 0.648 found at epoch: 80
Max test score shapes: 0.52 found at epoch: 80
