logic loss multiplier: 0.01
Active: Adjacencyloss True True 30 0.0001 True False 
Active: Relationsloss True 2 True 0.1 False 

Test Scores: [0.128, 0.258, 0.357, 0.383, 0.433, 0.413, 0.432, 0.47, 0.472, 0.495, 0.513, 0.51, 0.501, 0.53, 0.544, 0.555, 0.562, 0.556, 0.555, 0.554, 0.564, 0.54, 0.577, 0.613, 0.604, 0.587, 0.557, 0.608, 0.593, 0.594, 0.601, 0.627, 0.6, 0.62, 0.624, 0.625, 0.63, 0.631, 0.618, 0.624, 0.602, 0.603, 0.627, 0.631, 0.616, 0.613, 0.637, 0.611, 0.638, 0.625, 0.617, 0.619, 0.615, 0.614, 0.629, 0.62, 0.628, 0.626, 0.613, 0.611, 0.611, 0.643, 0.609, 0.616, 0.604, 0.636, 0.634, 0.646, 0.618, 0.618, 0.631, 0.624, 0.613, 0.621, 0.633, 0.629, 0.638, 0.596, 0.637, 0.645, 0.61, 0.63, 0.627, 0.629, 0.616, 0.624, 0.603, 0.639, 0.628, 0.639, 0.651, 0.636, 0.617, 0.627, 0.626, 0.628, 0.645, 0.618, 0.642, 0.632]
Test Scores w/o background: [0.12, 0.191, 0.266, 0.288, 0.332, 0.335, 0.365, 0.403, 0.412, 0.443, 0.436, 0.452, 0.444, 0.46, 0.464, 0.471, 0.461, 0.482, 0.462, 0.453, 0.464, 0.439, 0.478, 0.502, 0.484, 0.46, 0.415, 0.491, 0.461, 0.463, 0.467, 0.504, 0.46, 0.481, 0.487, 0.488, 0.497, 0.499, 0.477, 0.484, 0.456, 0.456, 0.492, 0.496, 0.474, 0.469, 0.504, 0.469, 0.509, 0.485, 0.478, 0.479, 0.471, 0.47, 0.494, 0.48, 0.492, 0.491, 0.47, 0.466, 0.466, 0.513, 0.467, 0.475, 0.457, 0.502, 0.502, 0.516, 0.476, 0.478, 0.496, 0.486, 0.47, 0.48, 0.5, 0.493, 0.504, 0.446, 0.504, 0.516, 0.466, 0.494, 0.489, 0.491, 0.474, 0.487, 0.454, 0.506, 0.491, 0.505, 0.524, 0.502, 0.476, 0.49, 0.49, 0.49, 0.517, 0.477, 0.513, 0.498]
Train Scores: [0.136, 0.261, 0.363, 0.403, 0.455, 0.437, 0.456, 0.51, 0.512, 0.536, 0.563, 0.567, 0.547, 0.572, 0.593, 0.615, 0.623, 0.622, 0.616, 0.627, 0.628, 0.613, 0.65, 0.668, 0.681, 0.659, 0.633, 0.686, 0.671, 0.679, 0.675, 0.7, 0.683, 0.701, 0.705, 0.717, 0.708, 0.72, 0.704, 0.702, 0.684, 0.686, 0.706, 0.709, 0.7, 0.698, 0.726, 0.699, 0.721, 0.713, 0.703, 0.71, 0.699, 0.702, 0.723, 0.707, 0.718, 0.715, 0.701, 0.698, 0.7, 0.733, 0.704, 0.71, 0.696, 0.721, 0.727, 0.732, 0.712, 0.711, 0.721, 0.715, 0.7, 0.709, 0.723, 0.719, 0.728, 0.682, 0.728, 0.74, 0.701, 0.715, 0.721, 0.717, 0.706, 0.717, 0.693, 0.727, 0.719, 0.731, 0.741, 0.728, 0.708, 0.719, 0.715, 0.717, 0.741, 0.71, 0.744, 0.723]
Train Scores w/o background: [0.133, 0.204, 0.271, 0.309, 0.352, 0.357, 0.384, 0.438, 0.45, 0.48, 0.488, 0.509, 0.492, 0.507, 0.524, 0.546, 0.54, 0.564, 0.54, 0.547, 0.546, 0.532, 0.573, 0.574, 0.584, 0.554, 0.512, 0.592, 0.564, 0.574, 0.563, 0.601, 0.571, 0.588, 0.597, 0.609, 0.599, 0.618, 0.594, 0.588, 0.565, 0.566, 0.596, 0.599, 0.586, 0.583, 0.623, 0.586, 0.621, 0.605, 0.595, 0.599, 0.585, 0.589, 0.621, 0.597, 0.613, 0.612, 0.588, 0.583, 0.587, 0.635, 0.594, 0.602, 0.58, 0.616, 0.628, 0.634, 0.604, 0.602, 0.617, 0.607, 0.587, 0.599, 0.619, 0.614, 0.626, 0.562, 0.628, 0.647, 0.588, 0.609, 0.617, 0.613, 0.595, 0.614, 0.575, 0.626, 0.614, 0.632, 0.646, 0.626, 0.597, 0.615, 0.612, 0.613, 0.647, 0.601, 0.65, 0.62]
Train Loss: [1.868, 1.581, 1.443, 1.361, 1.306, 1.266, 1.234, 1.206, 1.182, 1.162, 1.141, 1.122, 1.102, 1.083, 1.064, 1.046, 1.029, 1.012, 0.996, 0.98, 0.964, 0.949, 0.935, 0.92, 0.906, 0.893, 0.879, 0.867, 0.855, 0.843, 0.831, 0.818, 0.807, 0.795, 0.784, 0.773, 0.764, 0.755, 0.746, 0.739, 0.732, 0.725, 0.719, 0.713, 0.708, 0.703, 0.699, 0.695, 0.691, 0.688, 0.685, 0.681, 0.679, 0.676, 0.673, 0.67, 0.668, 0.665, 0.663, 0.661, 0.658, 0.656, 0.654, 0.651, 0.648, 0.645, 0.641, 0.637, 0.632, 0.627, 0.621, 0.613, 0.606, 0.597, 0.587, 0.576, 0.565, 0.552, 0.54, 0.526, 0.514, 0.501, 0.489, 0.478, 0.468, 0.459, 0.45, 0.442, 0.436, 0.43, 0.427, 0.42, 0.417, 0.414, 0.411, 0.408, 0.408, 0.405, 0.404, 0.403]
Max test score: 0.651 found at epoch: 91
Max test score shapes: 0.524 found at epoch: 91
