logic loss multiplier: 0.01
Active: Smoothnessloss True 100 

Test Scores: [0.294, 0.358, 0.413, 0.468, 0.53, 0.481, 0.516, 0.526, 0.532, 0.579, 0.582, 0.572, 0.588, 0.6, 0.605, 0.593, 0.598, 0.609, 0.621, 0.6, 0.606, 0.603, 0.624, 0.611, 0.626, 0.621, 0.579, 0.625, 0.615, 0.638, 0.616, 0.628, 0.598, 0.618, 0.642, 0.631, 0.642, 0.639, 0.635, 0.616, 0.629, 0.602, 0.615, 0.633, 0.62, 0.62, 0.641, 0.622, 0.651, 0.631, 0.61, 0.625, 0.619, 0.62, 0.626, 0.622, 0.631, 0.632, 0.612, 0.619, 0.604, 0.64, 0.619, 0.63, 0.611, 0.634, 0.647, 0.633, 0.639, 0.634, 0.626, 0.638, 0.626, 0.635, 0.645, 0.633, 0.631, 0.612, 0.648, 0.648, 0.628, 0.638, 0.632, 0.637, 0.623, 0.623, 0.615, 0.64, 0.625, 0.639, 0.636, 0.635, 0.617, 0.627, 0.621, 0.632, 0.643, 0.627, 0.638, 0.633]
Test Scores w/o background: [0.189, 0.26, 0.296, 0.342, 0.396, 0.364, 0.391, 0.396, 0.404, 0.447, 0.444, 0.427, 0.453, 0.463, 0.462, 0.453, 0.455, 0.473, 0.485, 0.456, 0.464, 0.456, 0.488, 0.47, 0.49, 0.484, 0.424, 0.489, 0.474, 0.506, 0.475, 0.495, 0.449, 0.476, 0.514, 0.496, 0.513, 0.507, 0.5, 0.474, 0.494, 0.456, 0.472, 0.5, 0.478, 0.48, 0.51, 0.483, 0.527, 0.495, 0.466, 0.489, 0.477, 0.48, 0.488, 0.483, 0.496, 0.495, 0.469, 0.48, 0.456, 0.508, 0.479, 0.495, 0.467, 0.499, 0.52, 0.498, 0.506, 0.502, 0.486, 0.505, 0.489, 0.5, 0.517, 0.499, 0.495, 0.468, 0.522, 0.52, 0.491, 0.505, 0.496, 0.503, 0.487, 0.483, 0.472, 0.509, 0.486, 0.506, 0.502, 0.501, 0.476, 0.49, 0.481, 0.495, 0.511, 0.489, 0.506, 0.496]
Train Scores: [0.313, 0.375, 0.43, 0.482, 0.55, 0.508, 0.544, 0.564, 0.565, 0.605, 0.624, 0.618, 0.623, 0.648, 0.664, 0.647, 0.66, 0.665, 0.683, 0.663, 0.668, 0.662, 0.689, 0.672, 0.694, 0.681, 0.655, 0.688, 0.687, 0.702, 0.691, 0.689, 0.672, 0.698, 0.716, 0.708, 0.718, 0.711, 0.716, 0.691, 0.703, 0.682, 0.695, 0.704, 0.703, 0.705, 0.722, 0.701, 0.725, 0.714, 0.692, 0.712, 0.705, 0.704, 0.714, 0.707, 0.715, 0.723, 0.693, 0.703, 0.696, 0.724, 0.7, 0.718, 0.696, 0.715, 0.728, 0.73, 0.718, 0.727, 0.716, 0.729, 0.713, 0.723, 0.722, 0.718, 0.725, 0.702, 0.734, 0.741, 0.714, 0.724, 0.725, 0.725, 0.703, 0.71, 0.705, 0.734, 0.714, 0.731, 0.731, 0.727, 0.71, 0.723, 0.722, 0.724, 0.732, 0.716, 0.73, 0.727]
Train Scores w/o background: [0.213, 0.271, 0.311, 0.357, 0.417, 0.389, 0.422, 0.442, 0.444, 0.478, 0.501, 0.487, 0.5, 0.531, 0.54, 0.523, 0.532, 0.548, 0.567, 0.537, 0.544, 0.535, 0.573, 0.55, 0.579, 0.562, 0.524, 0.573, 0.568, 0.591, 0.574, 0.574, 0.548, 0.584, 0.611, 0.598, 0.612, 0.606, 0.608, 0.575, 0.591, 0.562, 0.579, 0.593, 0.59, 0.595, 0.617, 0.589, 0.627, 0.606, 0.577, 0.603, 0.593, 0.594, 0.608, 0.598, 0.609, 0.622, 0.577, 0.59, 0.581, 0.624, 0.589, 0.614, 0.582, 0.611, 0.631, 0.631, 0.613, 0.626, 0.609, 0.628, 0.607, 0.619, 0.62, 0.613, 0.623, 0.59, 0.638, 0.647, 0.609, 0.621, 0.621, 0.624, 0.592, 0.602, 0.593, 0.635, 0.608, 0.631, 0.632, 0.626, 0.599, 0.622, 0.619, 0.621, 0.633, 0.611, 0.63, 0.624]
Train Loss: [1.602, 1.485, 1.404, 1.354, 1.32, 1.29, 1.264, 1.239, 1.218, 1.196, 1.176, 1.156, 1.138, 1.119, 1.101, 1.083, 1.066, 1.049, 1.033, 1.016, 1.001, 0.986, 0.971, 0.956, 0.942, 0.928, 0.915, 0.901, 0.888, 0.876, 0.863, 0.851, 0.839, 0.828, 0.817, 0.806, 0.796, 0.785, 0.775, 0.766, 0.758, 0.749, 0.742, 0.735, 0.729, 0.722, 0.717, 0.712, 0.707, 0.702, 0.698, 0.694, 0.69, 0.686, 0.682, 0.679, 0.676, 0.673, 0.67, 0.668, 0.664, 0.662, 0.659, 0.656, 0.653, 0.65, 0.646, 0.641, 0.637, 0.632, 0.626, 0.619, 0.612, 0.604, 0.595, 0.586, 0.576, 0.565, 0.553, 0.542, 0.53, 0.517, 0.505, 0.493, 0.482, 0.472, 0.463, 0.454, 0.445, 0.438, 0.432, 0.427, 0.422, 0.418, 0.416, 0.413, 0.41, 0.408, 0.406, 0.405]
Max test score: 0.651 found at epoch: 49
Max test score shapes: 0.527 found at epoch: 49
