logic loss multiplier: 0.01
Active: OneHotloss True 10 

Test Scores: [0.288, 0.344, 0.399, 0.443, 0.492, 0.453, 0.462, 0.469, 0.485, 0.499, 0.555, 0.571, 0.592, 0.607, 0.596, 0.592, 0.608, 0.603, 0.611, 0.614, 0.605, 0.601, 0.597, 0.628, 0.625, 0.617, 0.564, 0.619, 0.632, 0.602, 0.624, 0.601, 0.619, 0.618, 0.627, 0.638, 0.638, 0.634, 0.624, 0.618, 0.606, 0.606, 0.625, 0.627, 0.615, 0.609, 0.641, 0.616, 0.641, 0.63, 0.621, 0.614, 0.62, 0.629, 0.637, 0.629, 0.626, 0.631, 0.621, 0.621, 0.596, 0.636, 0.606, 0.632, 0.61, 0.629, 0.644, 0.648, 0.629, 0.621, 0.643, 0.627, 0.626, 0.634, 0.645, 0.622, 0.642, 0.602, 0.642, 0.659, 0.622, 0.63, 0.637, 0.626, 0.627, 0.632, 0.619, 0.637, 0.64, 0.642, 0.639, 0.637, 0.604, 0.628, 0.633, 0.634, 0.644, 0.621, 0.649, 0.636]
Test Scores w/o background: [0.188, 0.257, 0.3, 0.356, 0.41, 0.413, 0.424, 0.409, 0.439, 0.454, 0.481, 0.45, 0.458, 0.472, 0.45, 0.453, 0.47, 0.46, 0.469, 0.472, 0.459, 0.455, 0.448, 0.496, 0.489, 0.478, 0.403, 0.48, 0.498, 0.456, 0.487, 0.455, 0.479, 0.477, 0.491, 0.506, 0.506, 0.501, 0.485, 0.477, 0.461, 0.462, 0.489, 0.49, 0.472, 0.464, 0.511, 0.475, 0.512, 0.493, 0.482, 0.472, 0.48, 0.492, 0.504, 0.493, 0.489, 0.495, 0.483, 0.482, 0.444, 0.503, 0.461, 0.497, 0.466, 0.492, 0.516, 0.52, 0.493, 0.483, 0.512, 0.488, 0.488, 0.499, 0.517, 0.482, 0.512, 0.453, 0.512, 0.535, 0.484, 0.495, 0.503, 0.487, 0.492, 0.496, 0.479, 0.503, 0.508, 0.511, 0.505, 0.504, 0.456, 0.49, 0.499, 0.498, 0.513, 0.481, 0.522, 0.502]
Train Scores: [0.305, 0.357, 0.415, 0.459, 0.518, 0.478, 0.498, 0.517, 0.536, 0.549, 0.596, 0.616, 0.623, 0.646, 0.645, 0.655, 0.675, 0.668, 0.668, 0.677, 0.667, 0.659, 0.669, 0.69, 0.681, 0.67, 0.635, 0.687, 0.683, 0.677, 0.692, 0.67, 0.683, 0.691, 0.702, 0.711, 0.703, 0.708, 0.701, 0.687, 0.682, 0.677, 0.698, 0.699, 0.695, 0.688, 0.724, 0.693, 0.719, 0.709, 0.702, 0.694, 0.706, 0.711, 0.711, 0.71, 0.708, 0.707, 0.708, 0.706, 0.678, 0.717, 0.693, 0.704, 0.691, 0.706, 0.714, 0.728, 0.709, 0.704, 0.722, 0.719, 0.705, 0.712, 0.725, 0.712, 0.724, 0.683, 0.724, 0.735, 0.704, 0.716, 0.722, 0.711, 0.709, 0.711, 0.699, 0.721, 0.723, 0.727, 0.726, 0.722, 0.695, 0.71, 0.719, 0.72, 0.726, 0.705, 0.734, 0.72]
Train Scores w/o background: [0.214, 0.27, 0.314, 0.37, 0.432, 0.431, 0.459, 0.456, 0.489, 0.501, 0.519, 0.508, 0.503, 0.52, 0.516, 0.535, 0.553, 0.544, 0.541, 0.557, 0.54, 0.531, 0.542, 0.577, 0.561, 0.546, 0.493, 0.57, 0.565, 0.555, 0.576, 0.545, 0.561, 0.573, 0.589, 0.603, 0.593, 0.601, 0.589, 0.568, 0.563, 0.555, 0.586, 0.585, 0.58, 0.572, 0.621, 0.578, 0.617, 0.602, 0.59, 0.579, 0.594, 0.604, 0.606, 0.603, 0.599, 0.601, 0.598, 0.595, 0.557, 0.613, 0.579, 0.596, 0.575, 0.597, 0.613, 0.629, 0.601, 0.594, 0.62, 0.614, 0.595, 0.605, 0.623, 0.604, 0.623, 0.564, 0.624, 0.639, 0.594, 0.614, 0.618, 0.606, 0.601, 0.606, 0.586, 0.618, 0.622, 0.626, 0.628, 0.62, 0.58, 0.604, 0.616, 0.616, 0.627, 0.597, 0.637, 0.616]
Train Loss: [1.601, 1.48, 1.393, 1.335, 1.295, 1.262, 1.233, 1.207, 1.186, 1.165, 1.145, 1.125, 1.106, 1.087, 1.069, 1.051, 1.033, 1.016, 0.999, 0.982, 0.967, 0.951, 0.937, 0.922, 0.908, 0.894, 0.88, 0.866, 0.854, 0.841, 0.83, 0.818, 0.806, 0.794, 0.784, 0.773, 0.765, 0.756, 0.748, 0.741, 0.733, 0.727, 0.721, 0.715, 0.71, 0.705, 0.701, 0.697, 0.693, 0.69, 0.686, 0.683, 0.68, 0.676, 0.673, 0.67, 0.668, 0.665, 0.663, 0.66, 0.657, 0.654, 0.651, 0.648, 0.645, 0.641, 0.636, 0.631, 0.625, 0.618, 0.609, 0.601, 0.591, 0.581, 0.569, 0.557, 0.545, 0.533, 0.52, 0.508, 0.496, 0.485, 0.474, 0.463, 0.455, 0.447, 0.44, 0.434, 0.428, 0.423, 0.42, 0.416, 0.414, 0.411, 0.409, 0.407, 0.405, 0.404, 0.402, 0.401]
Max test score: 0.659 found at epoch: 80
Max test score shapes: 0.535 found at epoch: 80
