percentFullySupervised0.2
domainLossMultiplier0.1
Active: OneHotloss True 10 

Test Scores: [0.249, 0.283, 0.281, 0.258, 0.294, 0.334, 0.336, 0.333, 0.346, 0.353, 0.347, 0.391, 0.41, 0.435, 0.477, 0.504, 0.453, 0.5, 0.531, 0.537, 0.517, 0.539, 0.553, 0.57, 0.547, 0.525, 0.571, 0.523, 0.544, 0.588, 0.537, 0.536, 0.548, 0.541, 0.561, 0.515, 0.613, 0.553, 0.533, 0.563, 0.608, 0.605, 0.566, 0.586, 0.563, 0.565, 0.597, 0.57, 0.596, 0.567, 0.595, 0.586, 0.609, 0.621, 0.588, 0.579, 0.566, 0.569, 0.574, 0.562, 0.623, 0.566, 0.568, 0.612, 0.583, 0.603, 0.596, 0.587, 0.613, 0.553, 0.609, 0.569, 0.604, 0.598, 0.605, 0.541, 0.59, 0.584, 0.601, 0.588, 0.6, 0.6, 0.615, 0.627, 0.617, 0.601, 0.593, 0.579, 0.613, 0.576, 0.603, 0.588, 0.601, 0.61, 0.615, 0.606, 0.567, 0.621, 0.564, 0.619, 0.62, 0.586, 0.627, 0.593, 0.618, 0.6, 0.618, 0.625, 0.61, 0.61, 0.581, 0.621, 0.621, 0.628, 0.623, 0.621, 0.609, 0.631, 0.58, 0.628]
Test Scores w/o background: [0.146, 0.172, 0.185, 0.166, 0.183, 0.198, 0.202, 0.22, 0.213, 0.22, 0.225, 0.249, 0.309, 0.359, 0.366, 0.411, 0.377, 0.407, 0.448, 0.454, 0.433, 0.428, 0.451, 0.456, 0.443, 0.39, 0.482, 0.381, 0.442, 0.477, 0.402, 0.4, 0.409, 0.385, 0.423, 0.352, 0.493, 0.396, 0.368, 0.418, 0.488, 0.468, 0.412, 0.451, 0.409, 0.408, 0.449, 0.409, 0.463, 0.406, 0.446, 0.432, 0.469, 0.487, 0.434, 0.426, 0.402, 0.408, 0.417, 0.404, 0.485, 0.403, 0.407, 0.468, 0.428, 0.457, 0.45, 0.432, 0.474, 0.385, 0.463, 0.409, 0.458, 0.449, 0.459, 0.372, 0.439, 0.426, 0.454, 0.434, 0.452, 0.45, 0.473, 0.491, 0.477, 0.453, 0.44, 0.422, 0.47, 0.419, 0.455, 0.432, 0.454, 0.464, 0.472, 0.467, 0.406, 0.481, 0.4, 0.478, 0.481, 0.431, 0.492, 0.443, 0.477, 0.449, 0.477, 0.486, 0.464, 0.463, 0.425, 0.48, 0.485, 0.492, 0.484, 0.483, 0.465, 0.494, 0.423, 0.492]
Train Scores: [0.254, 0.291, 0.29, 0.273, 0.316, 0.354, 0.35, 0.348, 0.36, 0.365, 0.362, 0.415, 0.429, 0.449, 0.489, 0.521, 0.474, 0.521, 0.543, 0.562, 0.538, 0.56, 0.58, 0.593, 0.569, 0.561, 0.591, 0.569, 0.572, 0.609, 0.576, 0.592, 0.583, 0.582, 0.604, 0.573, 0.646, 0.599, 0.59, 0.619, 0.632, 0.644, 0.619, 0.631, 0.604, 0.61, 0.64, 0.625, 0.646, 0.615, 0.642, 0.634, 0.66, 0.664, 0.642, 0.649, 0.621, 0.628, 0.639, 0.635, 0.676, 0.631, 0.623, 0.664, 0.637, 0.661, 0.65, 0.636, 0.671, 0.615, 0.67, 0.637, 0.663, 0.658, 0.675, 0.623, 0.658, 0.648, 0.662, 0.659, 0.669, 0.667, 0.683, 0.695, 0.681, 0.673, 0.665, 0.653, 0.672, 0.647, 0.668, 0.65, 0.675, 0.678, 0.681, 0.663, 0.642, 0.686, 0.642, 0.682, 0.692, 0.654, 0.701, 0.659, 0.697, 0.665, 0.687, 0.694, 0.679, 0.684, 0.653, 0.689, 0.702, 0.7, 0.698, 0.698, 0.678, 0.698, 0.66, 0.702]
Train Scores w/o background: [0.159, 0.183, 0.195, 0.177, 0.206, 0.219, 0.223, 0.243, 0.234, 0.243, 0.257, 0.289, 0.352, 0.395, 0.403, 0.441, 0.411, 0.441, 0.471, 0.485, 0.466, 0.46, 0.49, 0.491, 0.475, 0.45, 0.522, 0.442, 0.485, 0.506, 0.458, 0.472, 0.457, 0.44, 0.483, 0.422, 0.544, 0.457, 0.443, 0.486, 0.522, 0.524, 0.483, 0.51, 0.469, 0.464, 0.506, 0.482, 0.524, 0.468, 0.509, 0.496, 0.534, 0.543, 0.505, 0.515, 0.475, 0.486, 0.504, 0.498, 0.556, 0.489, 0.48, 0.537, 0.501, 0.534, 0.518, 0.496, 0.547, 0.469, 0.545, 0.498, 0.534, 0.528, 0.553, 0.48, 0.53, 0.512, 0.537, 0.529, 0.547, 0.541, 0.565, 0.582, 0.562, 0.549, 0.539, 0.52, 0.55, 0.51, 0.543, 0.518, 0.552, 0.557, 0.561, 0.545, 0.504, 0.568, 0.504, 0.562, 0.577, 0.524, 0.591, 0.53, 0.583, 0.537, 0.57, 0.578, 0.561, 0.563, 0.522, 0.571, 0.594, 0.587, 0.587, 0.585, 0.557, 0.584, 0.528, 0.591]
Train Loss: [2.215, 2.064, 1.901, 1.782, 1.695, 1.617, 1.557, 1.51, 1.471, 1.434, 1.399, 1.365, 1.327, 1.285, 1.246, 1.211, 1.179, 1.148, 1.123, 1.096, 1.071, 1.049, 1.03, 1.011, 0.993, 0.978, 0.961, 0.947, 0.933, 0.92, 0.907, 0.895, 0.882, 0.871, 0.861, 0.852, 0.843, 0.835, 0.825, 0.818, 0.81, 0.803, 0.798, 0.791, 0.783, 0.778, 0.77, 0.764, 0.76, 0.754, 0.749, 0.745, 0.739, 0.735, 0.731, 0.728, 0.724, 0.721, 0.719, 0.714, 0.712, 0.708, 0.705, 0.701, 0.7, 0.698, 0.695, 0.691, 0.686, 0.683, 0.68, 0.677, 0.674, 0.67, 0.666, 0.661, 0.657, 0.651, 0.647, 0.641, 0.636, 0.629, 0.623, 0.616, 0.609, 0.602, 0.595, 0.588, 0.581, 0.573, 0.565, 0.558, 0.55, 0.542, 0.534, 0.526, 0.52, 0.512, 0.506, 0.5, 0.494, 0.488, 0.484, 0.48, 0.476, 0.471, 0.468, 0.464, 0.46, 0.458, 0.454, 0.451, 0.449, 0.446, 0.444, 0.441, 0.44, 0.439, 0.437, 0.435]
Max test score: 0.631 found at epoch: 118
Max test score shapes: 0.494 found at epoch: 118
