logic loss multiplier: 0.01
Active: Adjacencyloss True True 30 0.0001 True False 
Active: Relationsloss True 2 True 0.1 False 
Active: OneHotloss True 10 

Test Scores: [0.128, 0.258, 0.352, 0.376, 0.419, 0.398, 0.416, 0.461, 0.471, 0.482, 0.514, 0.492, 0.491, 0.519, 0.519, 0.54, 0.556, 0.533, 0.55, 0.556, 0.554, 0.521, 0.557, 0.569, 0.58, 0.582, 0.536, 0.602, 0.601, 0.585, 0.606, 0.617, 0.579, 0.602, 0.616, 0.628, 0.625, 0.623, 0.624, 0.619, 0.58, 0.604, 0.607, 0.625, 0.61, 0.615, 0.647, 0.612, 0.648, 0.613, 0.63, 0.61, 0.62, 0.621, 0.625, 0.628, 0.622, 0.641, 0.598, 0.624, 0.611, 0.641, 0.618, 0.602, 0.62, 0.627, 0.646, 0.649, 0.627, 0.627, 0.634, 0.629, 0.622, 0.621, 0.637, 0.629, 0.64, 0.6, 0.63, 0.653, 0.623, 0.632, 0.636, 0.631, 0.617, 0.617, 0.63, 0.623, 0.637, 0.625, 0.64, 0.629, 0.612, 0.63, 0.624, 0.635, 0.645, 0.636, 0.642, 0.643]
Test Scores w/o background: [0.12, 0.191, 0.263, 0.286, 0.324, 0.329, 0.358, 0.402, 0.421, 0.439, 0.45, 0.449, 0.455, 0.474, 0.466, 0.471, 0.474, 0.473, 0.464, 0.47, 0.469, 0.433, 0.475, 0.465, 0.472, 0.457, 0.388, 0.483, 0.477, 0.455, 0.476, 0.497, 0.435, 0.458, 0.48, 0.493, 0.489, 0.488, 0.487, 0.479, 0.423, 0.46, 0.462, 0.488, 0.464, 0.47, 0.518, 0.468, 0.522, 0.468, 0.495, 0.466, 0.48, 0.479, 0.489, 0.491, 0.483, 0.509, 0.449, 0.484, 0.466, 0.51, 0.477, 0.456, 0.478, 0.488, 0.517, 0.52, 0.489, 0.49, 0.498, 0.491, 0.483, 0.48, 0.504, 0.491, 0.507, 0.451, 0.495, 0.526, 0.485, 0.496, 0.501, 0.493, 0.476, 0.474, 0.493, 0.482, 0.504, 0.484, 0.51, 0.491, 0.467, 0.493, 0.486, 0.499, 0.515, 0.5, 0.51, 0.513]
Train Scores: [0.136, 0.261, 0.359, 0.395, 0.441, 0.417, 0.436, 0.495, 0.506, 0.52, 0.563, 0.548, 0.54, 0.565, 0.573, 0.582, 0.612, 0.598, 0.609, 0.617, 0.612, 0.589, 0.628, 0.632, 0.649, 0.651, 0.612, 0.678, 0.667, 0.662, 0.677, 0.691, 0.655, 0.68, 0.701, 0.704, 0.697, 0.692, 0.705, 0.696, 0.655, 0.688, 0.682, 0.693, 0.688, 0.691, 0.73, 0.694, 0.721, 0.694, 0.713, 0.698, 0.706, 0.699, 0.712, 0.707, 0.712, 0.72, 0.689, 0.704, 0.695, 0.733, 0.703, 0.688, 0.704, 0.708, 0.728, 0.737, 0.716, 0.706, 0.72, 0.72, 0.707, 0.709, 0.72, 0.715, 0.726, 0.686, 0.719, 0.746, 0.707, 0.719, 0.725, 0.719, 0.701, 0.7, 0.71, 0.707, 0.726, 0.711, 0.733, 0.721, 0.699, 0.719, 0.716, 0.72, 0.739, 0.723, 0.729, 0.734]
Train Scores w/o background: [0.134, 0.204, 0.269, 0.306, 0.343, 0.345, 0.373, 0.43, 0.45, 0.47, 0.497, 0.501, 0.499, 0.518, 0.525, 0.515, 0.545, 0.55, 0.539, 0.548, 0.541, 0.518, 0.565, 0.548, 0.562, 0.547, 0.485, 0.584, 0.566, 0.553, 0.568, 0.594, 0.535, 0.563, 0.591, 0.593, 0.583, 0.58, 0.593, 0.581, 0.523, 0.57, 0.563, 0.577, 0.569, 0.574, 0.629, 0.576, 0.618, 0.577, 0.608, 0.583, 0.595, 0.585, 0.606, 0.599, 0.604, 0.618, 0.57, 0.591, 0.581, 0.635, 0.591, 0.57, 0.592, 0.598, 0.63, 0.64, 0.608, 0.597, 0.613, 0.615, 0.597, 0.599, 0.614, 0.607, 0.622, 0.566, 0.616, 0.652, 0.598, 0.614, 0.622, 0.613, 0.589, 0.588, 0.602, 0.596, 0.625, 0.601, 0.636, 0.617, 0.585, 0.617, 0.612, 0.615, 0.642, 0.62, 0.629, 0.634]
Train Loss: [1.942, 1.652, 1.509, 1.422, 1.362, 1.318, 1.283, 1.254, 1.227, 1.204, 1.183, 1.16, 1.138, 1.118, 1.097, 1.079, 1.06, 1.042, 1.025, 1.008, 0.992, 0.975, 0.959, 0.945, 0.93, 0.916, 0.901, 0.887, 0.874, 0.861, 0.848, 0.836, 0.823, 0.812, 0.8, 0.788, 0.778, 0.767, 0.758, 0.749, 0.741, 0.733, 0.727, 0.72, 0.714, 0.709, 0.704, 0.7, 0.696, 0.69, 0.687, 0.683, 0.68, 0.677, 0.674, 0.671, 0.668, 0.666, 0.664, 0.662, 0.659, 0.656, 0.655, 0.651, 0.647, 0.643, 0.639, 0.635, 0.628, 0.622, 0.617, 0.608, 0.6, 0.589, 0.578, 0.567, 0.554, 0.541, 0.528, 0.515, 0.503, 0.49, 0.479, 0.469, 0.46, 0.453, 0.443, 0.436, 0.43, 0.426, 0.424, 0.418, 0.417, 0.413, 0.41, 0.408, 0.406, 0.404, 0.402, 0.402]
Max test score: 0.653 found at epoch: 80
Max test score shapes: 0.526 found at epoch: 80
