percentFullySupervised0.2
domainLossMultiplier0.05
Active: Smoothnessloss True 100 

Test Scores: [0.272, 0.342, 0.369, 0.36, 0.388, 0.422, 0.459, 0.508, 0.514, 0.545, 0.573, 0.585, 0.576, 0.563, 0.583, 0.611, 0.583, 0.588, 0.596, 0.617, 0.578, 0.571, 0.596, 0.596, 0.599, 0.599, 0.615, 0.56, 0.594, 0.611, 0.575, 0.584, 0.569, 0.581, 0.605, 0.566, 0.603, 0.587, 0.527, 0.608, 0.603, 0.6, 0.558, 0.605, 0.6, 0.576, 0.574, 0.556, 0.609, 0.578, 0.609, 0.573, 0.57, 0.631, 0.588, 0.561, 0.548, 0.564, 0.591, 0.548, 0.616, 0.538, 0.579, 0.6, 0.582, 0.6, 0.568, 0.593, 0.552, 0.567, 0.586, 0.595, 0.595, 0.594, 0.599, 0.529, 0.592, 0.573, 0.608, 0.581, 0.592, 0.583, 0.609, 0.592, 0.608, 0.592, 0.582, 0.567, 0.583, 0.567, 0.584, 0.581, 0.594, 0.575, 0.608, 0.601, 0.561, 0.607, 0.568, 0.573, 0.588, 0.558, 0.612, 0.56, 0.595, 0.569, 0.589, 0.602, 0.605, 0.603, 0.584, 0.6, 0.619, 0.604, 0.606, 0.592, 0.6, 0.597, 0.562, 0.616]
Test Scores w/o background: [0.139, 0.178, 0.201, 0.204, 0.238, 0.283, 0.329, 0.355, 0.382, 0.406, 0.432, 0.453, 0.435, 0.422, 0.442, 0.48, 0.444, 0.451, 0.459, 0.485, 0.43, 0.418, 0.457, 0.46, 0.463, 0.459, 0.481, 0.406, 0.453, 0.479, 0.426, 0.434, 0.416, 0.429, 0.465, 0.406, 0.463, 0.44, 0.359, 0.47, 0.46, 0.456, 0.398, 0.465, 0.458, 0.422, 0.417, 0.394, 0.466, 0.424, 0.47, 0.416, 0.414, 0.499, 0.438, 0.401, 0.381, 0.405, 0.442, 0.381, 0.477, 0.368, 0.426, 0.454, 0.434, 0.454, 0.41, 0.445, 0.391, 0.408, 0.434, 0.448, 0.447, 0.445, 0.454, 0.356, 0.444, 0.415, 0.468, 0.428, 0.445, 0.431, 0.468, 0.445, 0.467, 0.443, 0.427, 0.408, 0.431, 0.407, 0.431, 0.427, 0.446, 0.419, 0.466, 0.458, 0.399, 0.466, 0.408, 0.416, 0.439, 0.394, 0.473, 0.4, 0.446, 0.413, 0.439, 0.457, 0.463, 0.457, 0.433, 0.454, 0.484, 0.461, 0.463, 0.447, 0.455, 0.449, 0.399, 0.48]
Train Scores: [0.278, 0.352, 0.376, 0.372, 0.414, 0.449, 0.481, 0.53, 0.53, 0.567, 0.596, 0.6, 0.601, 0.605, 0.615, 0.641, 0.625, 0.629, 0.629, 0.652, 0.636, 0.623, 0.638, 0.655, 0.648, 0.653, 0.663, 0.612, 0.646, 0.674, 0.628, 0.653, 0.627, 0.635, 0.652, 0.625, 0.662, 0.644, 0.592, 0.657, 0.665, 0.674, 0.631, 0.658, 0.669, 0.645, 0.644, 0.623, 0.684, 0.643, 0.667, 0.641, 0.639, 0.693, 0.66, 0.623, 0.619, 0.638, 0.653, 0.625, 0.685, 0.608, 0.648, 0.679, 0.644, 0.68, 0.632, 0.666, 0.632, 0.632, 0.666, 0.667, 0.673, 0.673, 0.673, 0.601, 0.667, 0.649, 0.671, 0.658, 0.668, 0.661, 0.687, 0.67, 0.688, 0.675, 0.662, 0.648, 0.667, 0.639, 0.663, 0.658, 0.675, 0.661, 0.692, 0.676, 0.645, 0.686, 0.647, 0.659, 0.667, 0.638, 0.693, 0.639, 0.681, 0.661, 0.673, 0.685, 0.69, 0.683, 0.665, 0.687, 0.697, 0.679, 0.69, 0.681, 0.681, 0.685, 0.634, 0.694]
Train Scores w/o background: [0.149, 0.184, 0.204, 0.213, 0.263, 0.311, 0.348, 0.379, 0.398, 0.434, 0.463, 0.474, 0.463, 0.472, 0.48, 0.517, 0.5, 0.504, 0.499, 0.528, 0.502, 0.484, 0.507, 0.534, 0.522, 0.529, 0.545, 0.474, 0.519, 0.558, 0.492, 0.522, 0.491, 0.497, 0.526, 0.485, 0.536, 0.514, 0.441, 0.529, 0.541, 0.552, 0.493, 0.537, 0.548, 0.511, 0.512, 0.483, 0.565, 0.511, 0.547, 0.507, 0.503, 0.58, 0.534, 0.488, 0.476, 0.502, 0.527, 0.483, 0.567, 0.46, 0.518, 0.56, 0.515, 0.56, 0.495, 0.542, 0.494, 0.495, 0.541, 0.545, 0.551, 0.551, 0.554, 0.45, 0.544, 0.517, 0.552, 0.529, 0.55, 0.534, 0.571, 0.548, 0.574, 0.556, 0.536, 0.518, 0.544, 0.506, 0.537, 0.531, 0.556, 0.533, 0.58, 0.559, 0.513, 0.571, 0.517, 0.532, 0.545, 0.503, 0.583, 0.505, 0.563, 0.537, 0.553, 0.57, 0.579, 0.565, 0.542, 0.572, 0.588, 0.563, 0.577, 0.565, 0.565, 0.568, 0.498, 0.583]
Train Loss: [1.886, 1.819, 1.73, 1.66, 1.605, 1.557, 1.516, 1.477, 1.438, 1.4, 1.363, 1.33, 1.299, 1.271, 1.244, 1.218, 1.192, 1.165, 1.141, 1.116, 1.094, 1.071, 1.049, 1.026, 1.004, 0.983, 0.963, 0.943, 0.923, 0.904, 0.885, 0.868, 0.851, 0.835, 0.82, 0.806, 0.794, 0.782, 0.773, 0.762, 0.752, 0.745, 0.736, 0.729, 0.723, 0.718, 0.712, 0.707, 0.702, 0.698, 0.694, 0.691, 0.687, 0.684, 0.68, 0.676, 0.673, 0.669, 0.666, 0.662, 0.659, 0.655, 0.65, 0.644, 0.639, 0.633, 0.627, 0.62, 0.612, 0.603, 0.593, 0.582, 0.571, 0.559, 0.547, 0.534, 0.521, 0.509, 0.498, 0.487, 0.476, 0.467, 0.458, 0.451, 0.444, 0.438, 0.433, 0.429, 0.425, 0.421, 0.418, 0.416, 0.414, 0.412, 0.41, 0.408, 0.407, 0.406, 0.405, 0.404, 0.403, 0.402, 0.402, 0.401, 0.4, 0.4, 0.4, 0.399, 0.399, 0.398, 0.398, 0.397, 0.397, 0.397, 0.396, 0.396, 0.395, 0.395, 0.395, 0.394]
Max test score: 0.631 found at epoch: 54
Max test score shapes: 0.499 found at epoch: 54
