logic loss multiplier: 0.02
Active: Adjacencyloss True True 30 0.0001 True False 
Active: Relationsloss True 2 True 0.1 False 

Test Scores: [0.103, 0.207, 0.333, 0.367, 0.417, 0.405, 0.431, 0.461, 0.459, 0.474, 0.498, 0.484, 0.501, 0.544, 0.538, 0.581, 0.572, 0.589, 0.578, 0.574, 0.578, 0.594, 0.59, 0.601, 0.603, 0.592, 0.538, 0.608, 0.601, 0.599, 0.579, 0.617, 0.582, 0.622, 0.627, 0.619, 0.631, 0.628, 0.6, 0.607, 0.595, 0.598, 0.61, 0.603, 0.609, 0.603, 0.624, 0.602, 0.633, 0.607, 0.618, 0.615, 0.607, 0.604, 0.63, 0.619, 0.615, 0.627, 0.591, 0.616, 0.602, 0.641, 0.611, 0.618, 0.587, 0.64, 0.642, 0.641, 0.624, 0.622, 0.63, 0.626, 0.624, 0.63, 0.629, 0.625, 0.628, 0.6, 0.639, 0.649, 0.618, 0.632, 0.623, 0.627, 0.614, 0.626, 0.617, 0.624, 0.621, 0.643, 0.638, 0.642, 0.619, 0.622, 0.634, 0.641, 0.639, 0.629, 0.635, 0.638]
Test Scores w/o background: [0.105, 0.16, 0.24, 0.276, 0.313, 0.327, 0.367, 0.393, 0.396, 0.42, 0.418, 0.427, 0.442, 0.475, 0.441, 0.482, 0.463, 0.478, 0.456, 0.446, 0.45, 0.472, 0.464, 0.482, 0.482, 0.469, 0.389, 0.49, 0.479, 0.475, 0.444, 0.5, 0.444, 0.495, 0.499, 0.481, 0.495, 0.493, 0.451, 0.462, 0.446, 0.45, 0.464, 0.458, 0.462, 0.455, 0.486, 0.457, 0.5, 0.462, 0.479, 0.473, 0.46, 0.456, 0.496, 0.478, 0.472, 0.489, 0.438, 0.474, 0.456, 0.51, 0.47, 0.478, 0.433, 0.506, 0.514, 0.51, 0.486, 0.483, 0.493, 0.486, 0.484, 0.491, 0.493, 0.485, 0.491, 0.451, 0.508, 0.522, 0.479, 0.496, 0.484, 0.489, 0.472, 0.489, 0.473, 0.486, 0.48, 0.51, 0.504, 0.508, 0.476, 0.481, 0.5, 0.509, 0.505, 0.492, 0.501, 0.505]
Train Scores: [0.108, 0.208, 0.349, 0.382, 0.437, 0.426, 0.456, 0.495, 0.504, 0.522, 0.551, 0.548, 0.561, 0.599, 0.591, 0.629, 0.627, 0.648, 0.636, 0.634, 0.643, 0.652, 0.657, 0.663, 0.663, 0.653, 0.617, 0.682, 0.675, 0.668, 0.662, 0.683, 0.65, 0.692, 0.707, 0.7, 0.709, 0.7, 0.685, 0.686, 0.668, 0.688, 0.687, 0.692, 0.695, 0.681, 0.709, 0.693, 0.716, 0.692, 0.697, 0.703, 0.692, 0.686, 0.721, 0.7, 0.696, 0.711, 0.667, 0.698, 0.679, 0.731, 0.702, 0.702, 0.677, 0.719, 0.731, 0.732, 0.713, 0.708, 0.716, 0.714, 0.702, 0.718, 0.724, 0.715, 0.714, 0.688, 0.732, 0.744, 0.714, 0.716, 0.717, 0.714, 0.703, 0.724, 0.707, 0.719, 0.715, 0.735, 0.737, 0.735, 0.71, 0.711, 0.721, 0.737, 0.73, 0.727, 0.74, 0.734]
Train Scores w/o background: [0.115, 0.173, 0.257, 0.289, 0.331, 0.344, 0.387, 0.421, 0.437, 0.466, 0.472, 0.492, 0.509, 0.54, 0.506, 0.541, 0.531, 0.557, 0.532, 0.526, 0.536, 0.551, 0.556, 0.563, 0.559, 0.548, 0.492, 0.587, 0.576, 0.564, 0.551, 0.59, 0.533, 0.587, 0.605, 0.588, 0.602, 0.589, 0.565, 0.565, 0.542, 0.568, 0.57, 0.575, 0.579, 0.559, 0.599, 0.578, 0.612, 0.577, 0.585, 0.59, 0.575, 0.567, 0.618, 0.588, 0.583, 0.603, 0.539, 0.583, 0.56, 0.634, 0.591, 0.592, 0.551, 0.613, 0.634, 0.634, 0.604, 0.599, 0.609, 0.606, 0.59, 0.61, 0.621, 0.607, 0.606, 0.567, 0.633, 0.649, 0.606, 0.611, 0.609, 0.608, 0.592, 0.622, 0.595, 0.612, 0.608, 0.636, 0.639, 0.636, 0.6, 0.601, 0.621, 0.641, 0.632, 0.625, 0.643, 0.635]
Train Loss: [2.175, 1.662, 1.49, 1.393, 1.331, 1.286, 1.251, 1.221, 1.194, 1.172, 1.151, 1.131, 1.111, 1.093, 1.074, 1.056, 1.038, 1.022, 1.005, 0.989, 0.973, 0.958, 0.943, 0.93, 0.915, 0.902, 0.889, 0.876, 0.864, 0.851, 0.84, 0.829, 0.818, 0.806, 0.796, 0.784, 0.773, 0.762, 0.752, 0.744, 0.736, 0.729, 0.723, 0.717, 0.711, 0.706, 0.702, 0.698, 0.694, 0.691, 0.688, 0.686, 0.682, 0.68, 0.678, 0.675, 0.673, 0.67, 0.668, 0.666, 0.662, 0.66, 0.665, 0.655, 0.655, 0.65, 0.646, 0.643, 0.637, 0.631, 0.627, 0.62, 0.613, 0.603, 0.595, 0.583, 0.571, 0.56, 0.549, 0.534, 0.52, 0.511, 0.496, 0.483, 0.472, 0.462, 0.455, 0.446, 0.441, 0.434, 0.428, 0.425, 0.42, 0.416, 0.413, 0.41, 0.407, 0.406, 0.403, 0.405]
Max test score: 0.649 found at epoch: 80
Max test score shapes: 0.522 found at epoch: 80
