logic loss multiplier: 0.005
Active: Adjacencyloss True True 30 0.0001 True False 
Active: Relationsloss True 2 True 0.1 False 

Test Scores: [0.169, 0.296, 0.373, 0.387, 0.444, 0.423, 0.465, 0.483, 0.491, 0.494, 0.512, 0.507, 0.512, 0.53, 0.522, 0.553, 0.543, 0.564, 0.542, 0.574, 0.545, 0.561, 0.594, 0.602, 0.611, 0.59, 0.576, 0.613, 0.619, 0.625, 0.614, 0.638, 0.616, 0.634, 0.631, 0.637, 0.633, 0.637, 0.633, 0.618, 0.604, 0.619, 0.599, 0.632, 0.623, 0.597, 0.647, 0.622, 0.643, 0.637, 0.617, 0.63, 0.616, 0.626, 0.638, 0.622, 0.634, 0.622, 0.623, 0.611, 0.62, 0.639, 0.613, 0.623, 0.591, 0.637, 0.642, 0.638, 0.634, 0.622, 0.646, 0.627, 0.614, 0.634, 0.636, 0.633, 0.639, 0.591, 0.649, 0.645, 0.626, 0.621, 0.631, 0.624, 0.624, 0.631, 0.626, 0.644, 0.633, 0.633, 0.639, 0.639, 0.628, 0.625, 0.628, 0.634, 0.634, 0.619, 0.644, 0.636]
Test Scores w/o background: [0.141, 0.219, 0.28, 0.293, 0.34, 0.351, 0.408, 0.419, 0.435, 0.441, 0.446, 0.45, 0.462, 0.475, 0.432, 0.484, 0.442, 0.498, 0.444, 0.482, 0.436, 0.466, 0.481, 0.481, 0.489, 0.462, 0.43, 0.491, 0.487, 0.49, 0.472, 0.508, 0.475, 0.499, 0.497, 0.505, 0.501, 0.505, 0.501, 0.476, 0.458, 0.481, 0.451, 0.498, 0.483, 0.446, 0.519, 0.485, 0.516, 0.503, 0.478, 0.495, 0.473, 0.487, 0.507, 0.484, 0.501, 0.485, 0.485, 0.468, 0.48, 0.509, 0.471, 0.486, 0.438, 0.504, 0.514, 0.506, 0.5, 0.483, 0.515, 0.489, 0.471, 0.498, 0.502, 0.499, 0.507, 0.439, 0.523, 0.514, 0.489, 0.482, 0.496, 0.486, 0.487, 0.496, 0.489, 0.514, 0.498, 0.498, 0.509, 0.509, 0.49, 0.487, 0.491, 0.5, 0.501, 0.478, 0.517, 0.502]
Train Scores: [0.183, 0.304, 0.38, 0.404, 0.473, 0.444, 0.488, 0.526, 0.543, 0.547, 0.567, 0.565, 0.56, 0.587, 0.58, 0.602, 0.588, 0.622, 0.598, 0.635, 0.604, 0.621, 0.66, 0.663, 0.684, 0.642, 0.644, 0.684, 0.687, 0.695, 0.685, 0.704, 0.682, 0.702, 0.707, 0.713, 0.699, 0.709, 0.707, 0.686, 0.676, 0.699, 0.678, 0.706, 0.697, 0.662, 0.729, 0.697, 0.715, 0.706, 0.696, 0.706, 0.693, 0.708, 0.71, 0.699, 0.713, 0.7, 0.711, 0.691, 0.701, 0.719, 0.696, 0.703, 0.681, 0.722, 0.721, 0.728, 0.712, 0.707, 0.725, 0.71, 0.699, 0.712, 0.717, 0.721, 0.726, 0.679, 0.732, 0.735, 0.71, 0.708, 0.723, 0.715, 0.711, 0.718, 0.708, 0.729, 0.721, 0.724, 0.729, 0.726, 0.716, 0.714, 0.713, 0.724, 0.723, 0.718, 0.736, 0.727]
Train Scores w/o background: [0.16, 0.234, 0.285, 0.31, 0.368, 0.367, 0.424, 0.46, 0.486, 0.491, 0.501, 0.512, 0.513, 0.534, 0.507, 0.544, 0.505, 0.567, 0.516, 0.565, 0.515, 0.542, 0.567, 0.565, 0.582, 0.528, 0.515, 0.584, 0.578, 0.581, 0.565, 0.596, 0.562, 0.591, 0.597, 0.605, 0.59, 0.602, 0.601, 0.567, 0.554, 0.584, 0.557, 0.596, 0.581, 0.536, 0.628, 0.584, 0.613, 0.597, 0.584, 0.597, 0.577, 0.599, 0.604, 0.589, 0.606, 0.591, 0.603, 0.575, 0.59, 0.617, 0.583, 0.594, 0.557, 0.619, 0.621, 0.629, 0.603, 0.598, 0.623, 0.6, 0.586, 0.605, 0.612, 0.617, 0.625, 0.556, 0.636, 0.637, 0.603, 0.599, 0.621, 0.611, 0.604, 0.615, 0.6, 0.627, 0.618, 0.621, 0.631, 0.624, 0.61, 0.61, 0.607, 0.623, 0.623, 0.611, 0.641, 0.625]
Train Loss: [1.71, 1.524, 1.406, 1.333, 1.285, 1.249, 1.218, 1.19, 1.166, 1.144, 1.124, 1.104, 1.084, 1.067, 1.05, 1.033, 1.018, 1.002, 0.987, 0.972, 0.957, 0.943, 0.928, 0.914, 0.899, 0.886, 0.872, 0.859, 0.846, 0.833, 0.821, 0.809, 0.797, 0.787, 0.776, 0.766, 0.757, 0.749, 0.741, 0.734, 0.728, 0.722, 0.716, 0.71, 0.705, 0.701, 0.696, 0.693, 0.689, 0.685, 0.681, 0.678, 0.676, 0.673, 0.671, 0.668, 0.666, 0.664, 0.661, 0.659, 0.656, 0.654, 0.652, 0.649, 0.646, 0.642, 0.638, 0.634, 0.628, 0.622, 0.615, 0.608, 0.6, 0.59, 0.58, 0.568, 0.557, 0.544, 0.532, 0.52, 0.507, 0.495, 0.484, 0.472, 0.462, 0.453, 0.445, 0.438, 0.433, 0.427, 0.423, 0.42, 0.416, 0.413, 0.41, 0.408, 0.407, 0.405, 0.404, 0.403]
Max test score: 0.649 found at epoch: 79
Max test score shapes: 0.523 found at epoch: 79
