seed 42
percentFullySupervised 0.2
domainLossMultiplier 0.001
Active: Adjacencyloss True True 30 0.0001 False False 
Active: Relationsloss True 2 True 0.1 False True False 
Active: OneHotloss True 20 
Active: Smoothnessloss True 100 
Active: MinSizeShapesloss True 1 0.5 0.0035 0.015 
Active: MaxSizeShapesloss True 1 0.98 0.2 0.42 

Test Scores: [0.351, 0.383, 0.392, 0.405, 0.428, 0.417, 0.429, 0.422, 0.476, 0.471, 0.539, 0.513, 0.515, 0.515, 0.443, 0.537, 0.51, 0.522, 0.554, 0.515, 0.528, 0.557, 0.519, 0.534, 0.558, 0.544, 0.5, 0.561, 0.535, 0.554, 0.56, 0.564, 0.494, 0.561, 0.545, 0.545, 0.558, 0.524, 0.547, 0.503, 0.515, 0.556, 0.539, 0.54, 0.549, 0.56, 0.56, 0.544, 0.522, 0.542, 0.52, 0.545, 0.554, 0.546, 0.512, 0.542, 0.52, 0.548, 0.539, 0.5, 0.539, 0.558, 0.547, 0.58, 0.555, 0.568, 0.578, 0.536, 0.565, 0.542, 0.539, 0.542, 0.558, 0.549, 0.543, 0.531, 0.496, 0.553, 0.587, 0.569, 0.539, 0.536, 0.557, 0.552, 0.551, 0.559, 0.543, 0.507, 0.539, 0.515, 0.566, 0.563, 0.569, 0.574, 0.523, 0.546, 0.554, 0.547, 0.551, 0.507]
Test Scores w/o background: [0.18, 0.169, 0.184, 0.202, 0.218, 0.221, 0.226, 0.23, 0.299, 0.287, 0.389, 0.347, 0.345, 0.35, 0.236, 0.38, 0.346, 0.353, 0.408, 0.35, 0.373, 0.406, 0.355, 0.373, 0.401, 0.399, 0.318, 0.407, 0.367, 0.409, 0.416, 0.412, 0.311, 0.416, 0.394, 0.384, 0.42, 0.357, 0.393, 0.324, 0.352, 0.407, 0.38, 0.386, 0.402, 0.415, 0.409, 0.39, 0.357, 0.382, 0.353, 0.393, 0.407, 0.396, 0.34, 0.378, 0.346, 0.386, 0.374, 0.325, 0.375, 0.409, 0.387, 0.437, 0.398, 0.414, 0.427, 0.369, 0.413, 0.376, 0.376, 0.379, 0.409, 0.398, 0.385, 0.362, 0.314, 0.397, 0.446, 0.418, 0.375, 0.375, 0.407, 0.398, 0.4, 0.409, 0.382, 0.329, 0.375, 0.338, 0.413, 0.408, 0.42, 0.428, 0.351, 0.39, 0.406, 0.382, 0.396, 0.326]
Train Scores: [0.385, 0.439, 0.445, 0.463, 0.47, 0.475, 0.463, 0.492, 0.597, 0.527, 0.625, 0.64, 0.637, 0.559, 0.522, 0.671, 0.613, 0.646, 0.671, 0.624, 0.619, 0.679, 0.663, 0.664, 0.66, 0.679, 0.598, 0.67, 0.647, 0.683, 0.666, 0.659, 0.63, 0.69, 0.652, 0.676, 0.646, 0.646, 0.702, 0.63, 0.695, 0.696, 0.666, 0.666, 0.684, 0.703, 0.716, 0.685, 0.662, 0.621, 0.646, 0.644, 0.721, 0.714, 0.641, 0.686, 0.686, 0.685, 0.672, 0.628, 0.661, 0.707, 0.693, 0.715, 0.68, 0.701, 0.705, 0.703, 0.737, 0.692, 0.723, 0.731, 0.73, 0.734, 0.695, 0.708, 0.664, 0.742, 0.75, 0.762, 0.704, 0.679, 0.708, 0.709, 0.727, 0.725, 0.698, 0.647, 0.679, 0.661, 0.724, 0.74, 0.74, 0.748, 0.66, 0.715, 0.73, 0.715, 0.708, 0.66]
Train Scores w/o background: [0.198, 0.213, 0.235, 0.255, 0.256, 0.274, 0.256, 0.304, 0.439, 0.349, 0.479, 0.497, 0.492, 0.387, 0.333, 0.54, 0.471, 0.503, 0.539, 0.486, 0.465, 0.548, 0.531, 0.534, 0.524, 0.553, 0.439, 0.538, 0.506, 0.563, 0.54, 0.521, 0.481, 0.57, 0.521, 0.547, 0.514, 0.51, 0.588, 0.479, 0.581, 0.577, 0.535, 0.539, 0.566, 0.59, 0.6, 0.564, 0.525, 0.474, 0.505, 0.5, 0.613, 0.611, 0.505, 0.564, 0.562, 0.56, 0.539, 0.481, 0.525, 0.602, 0.577, 0.603, 0.556, 0.589, 0.593, 0.587, 0.633, 0.572, 0.617, 0.624, 0.626, 0.633, 0.583, 0.595, 0.533, 0.64, 0.653, 0.667, 0.585, 0.562, 0.602, 0.604, 0.63, 0.621, 0.58, 0.506, 0.557, 0.529, 0.622, 0.641, 0.644, 0.654, 0.531, 0.606, 0.63, 0.601, 0.597, 0.528]
Train Loss: [0.158, 0.096, 0.085, 0.076, 0.069, 0.063, 0.058, 0.054, 0.051, 0.049, 0.048, 0.045, 0.046, 0.042, 0.042, 0.041, 0.038, 0.037, 0.037, 0.037, 0.036, 0.036, 0.035, 0.036, 0.035, 0.034, 0.034, 0.034, 0.033, 0.033, 0.033, 0.033, 0.032, 0.032, 0.032, 0.032, 0.033, 0.032, 0.032, 0.033, 0.032, 0.033, 0.032, 0.032, 0.032, 0.032, 0.031, 0.031, 0.032, 0.032, 0.032, 0.032, 0.032, 0.032, 0.031, 0.031, 0.031, 0.031, 0.031, 0.03, 0.03, 0.031, 0.03, 0.03, 0.03, 0.03, 0.03, 0.03, 0.03, 0.03, 0.03, 0.03, 0.03, 0.03, 0.03, 0.03, 0.03, 0.03, 0.03, 0.03, 0.03, 0.03, 0.03, 0.03, 0.03, 0.03, 0.03, 0.03, 0.03, 0.029, 0.029, 0.029, 0.03, 0.029, 0.029, 0.029, 0.029, 0.029, 0.029, 0.029]
Max test score: 0.587 found at epoch: 79
Max test score shapes: 0.446 found at epoch: 79
Avg generalisation ratio: 0.701
Avg generalisation diff: 0.163