seed 42
percentFullySupervised 0.2
domainLossMultiplier 0.001
Active: Adjacencyloss True True 30 0.0001 False False 
Active: Relationsloss True 2 True 0.1 False True False 
Active: Smoothnessloss True 100 
Active: MinSizeShapesloss True 1 0.5 0.0035 0.015 
Active: MaxSizeShapesloss True 1 0.98 0.2 0.42 

Test Scores: [0.283, 0.383, 0.394, 0.438, 0.473, 0.466, 0.512, 0.515, 0.527, 0.506, 0.561, 0.478, 0.495, 0.481, 0.422, 0.521, 0.502, 0.538, 0.519, 0.493, 0.565, 0.547, 0.518, 0.517, 0.512, 0.541, 0.524, 0.524, 0.547, 0.529, 0.548, 0.556, 0.496, 0.545, 0.539, 0.535, 0.549, 0.54, 0.535, 0.524, 0.533, 0.548, 0.54, 0.534, 0.542, 0.52, 0.548, 0.557, 0.539, 0.538, 0.491, 0.547, 0.534, 0.533, 0.54, 0.515, 0.547, 0.55, 0.47, 0.52, 0.548, 0.516, 0.538, 0.543, 0.538, 0.527, 0.529, 0.534, 0.52, 0.519, 0.529, 0.525, 0.548, 0.526, 0.56, 0.557, 0.502, 0.562, 0.553, 0.556, 0.542, 0.541, 0.553, 0.518, 0.556, 0.559, 0.555, 0.542, 0.556, 0.553, 0.551, 0.575, 0.531, 0.542, 0.536, 0.57, 0.561, 0.565, 0.551, 0.531]
Test Scores w/o background: [0.152, 0.179, 0.192, 0.265, 0.309, 0.288, 0.348, 0.355, 0.373, 0.343, 0.418, 0.299, 0.323, 0.321, 0.214, 0.351, 0.34, 0.381, 0.364, 0.339, 0.419, 0.397, 0.362, 0.359, 0.346, 0.393, 0.357, 0.35, 0.387, 0.369, 0.4, 0.41, 0.313, 0.393, 0.389, 0.374, 0.402, 0.386, 0.372, 0.359, 0.392, 0.403, 0.377, 0.377, 0.385, 0.354, 0.396, 0.411, 0.388, 0.376, 0.317, 0.395, 0.38, 0.373, 0.377, 0.347, 0.39, 0.4, 0.291, 0.366, 0.397, 0.376, 0.39, 0.391, 0.384, 0.368, 0.367, 0.378, 0.359, 0.359, 0.368, 0.361, 0.393, 0.364, 0.414, 0.403, 0.325, 0.411, 0.402, 0.405, 0.384, 0.384, 0.408, 0.348, 0.412, 0.415, 0.403, 0.38, 0.408, 0.4, 0.405, 0.437, 0.386, 0.398, 0.37, 0.425, 0.41, 0.416, 0.408, 0.367]
Train Scores: [0.308, 0.449, 0.451, 0.517, 0.567, 0.583, 0.608, 0.643, 0.596, 0.595, 0.687, 0.629, 0.586, 0.581, 0.588, 0.658, 0.621, 0.663, 0.651, 0.593, 0.663, 0.688, 0.656, 0.66, 0.662, 0.688, 0.667, 0.659, 0.661, 0.656, 0.663, 0.664, 0.631, 0.664, 0.657, 0.697, 0.673, 0.707, 0.694, 0.695, 0.657, 0.699, 0.693, 0.681, 0.711, 0.704, 0.702, 0.71, 0.68, 0.67, 0.667, 0.68, 0.693, 0.716, 0.705, 0.697, 0.71, 0.716, 0.636, 0.683, 0.715, 0.678, 0.702, 0.724, 0.695, 0.685, 0.693, 0.709, 0.682, 0.692, 0.727, 0.72, 0.729, 0.717, 0.705, 0.74, 0.673, 0.734, 0.739, 0.72, 0.718, 0.713, 0.73, 0.683, 0.724, 0.722, 0.726, 0.718, 0.724, 0.726, 0.717, 0.726, 0.707, 0.723, 0.708, 0.748, 0.725, 0.745, 0.726, 0.723]
Train Scores w/o background: [0.167, 0.237, 0.239, 0.356, 0.416, 0.427, 0.458, 0.503, 0.441, 0.444, 0.565, 0.481, 0.425, 0.438, 0.436, 0.524, 0.478, 0.534, 0.514, 0.451, 0.531, 0.562, 0.53, 0.53, 0.524, 0.564, 0.536, 0.524, 0.525, 0.517, 0.535, 0.536, 0.485, 0.535, 0.53, 0.579, 0.544, 0.599, 0.577, 0.583, 0.554, 0.598, 0.581, 0.568, 0.6, 0.587, 0.583, 0.604, 0.56, 0.552, 0.551, 0.565, 0.587, 0.611, 0.594, 0.584, 0.597, 0.608, 0.512, 0.576, 0.608, 0.578, 0.599, 0.621, 0.585, 0.574, 0.581, 0.607, 0.576, 0.585, 0.634, 0.622, 0.629, 0.618, 0.604, 0.645, 0.551, 0.63, 0.649, 0.62, 0.616, 0.613, 0.633, 0.568, 0.635, 0.625, 0.624, 0.614, 0.626, 0.628, 0.619, 0.632, 0.616, 0.632, 0.597, 0.656, 0.627, 0.652, 0.634, 0.621]
Train Loss: [0.132, 0.083, 0.075, 0.068, 0.062, 0.057, 0.052, 0.048, 0.045, 0.043, 0.041, 0.039, 0.04, 0.04, 0.04, 0.039, 0.036, 0.036, 0.036, 0.035, 0.035, 0.034, 0.034, 0.034, 0.033, 0.033, 0.033, 0.033, 0.033, 0.033, 0.033, 0.033, 0.033, 0.033, 0.032, 0.032, 0.032, 0.032, 0.032, 0.032, 0.031, 0.032, 0.032, 0.032, 0.032, 0.033, 0.032, 0.031, 0.031, 0.031, 0.031, 0.031, 0.031, 0.031, 0.03, 0.031, 0.03, 0.03, 0.031, 0.031, 0.03, 0.031, 0.03, 0.03, 0.03, 0.03, 0.03, 0.03, 0.03, 0.03, 0.03, 0.03, 0.03, 0.03, 0.03, 0.03, 0.029, 0.029, 0.029, 0.03, 0.029, 0.029, 0.029, 0.029, 0.029, 0.029, 0.029, 0.029, 0.029, 0.029, 0.029, 0.029, 0.029, 0.029, 0.029, 0.029, 0.029, 0.029, 0.029, 0.029]
Max test score: 0.575 found at epoch: 92
Max test score shapes: 0.437 found at epoch: 92
Avg generalisation ratio: 0.668
Avg generalisation diff: 0.188