seed 42
Active: ImageLevelloss True True False 2 
percentFullySupervised 0.2
Active:  BBox loss [True, False, 1] [True, 0.2] [False, 1] linear True False 0 
Active: Scribblesloss True 1 
Active: Pointloss True 20 
domainLossMultiplier 0.01
Active: Adjacencyloss True True 30 0.0001 False False 
Active: Relationsloss True 2 True 0.1 False True False 
Active: OneHotloss True 20 
Active: Smoothnessloss True 100 
Active: MinSizeShapesloss True 1 0.5 0.0035 0.015 
Active: MaxSizeShapesloss True 1 0.98 0.2 0.42 

Test Scores: [0.398, 0.437, 0.456, 0.451, 0.487, 0.503, 0.485, 0.481, 0.489, 0.509, 0.48, 0.495, 0.482, 0.511, 0.538, 0.447, 0.515, 0.501, 0.454, 0.523, 0.518, 0.535, 0.529, 0.539, 0.517, 0.485, 0.541, 0.533, 0.517, 0.497, 0.499, 0.503, 0.542, 0.509, 0.538, 0.512, 0.527, 0.473, 0.516, 0.544, 0.471, 0.524, 0.55, 0.521, 0.499, 0.537, 0.542, 0.538, 0.529, 0.528, 0.559, 0.517, 0.545, 0.526, 0.546, 0.538, 0.507, 0.527, 0.528, 0.544, 0.528, 0.549, 0.514, 0.519, 0.544, 0.526, 0.506, 0.533, 0.524, 0.49, 0.5, 0.554, 0.538, 0.55, 0.541, 0.558, 0.56, 0.547, 0.51, 0.539, 0.541, 0.491, 0.538, 0.558, 0.564, 0.547, 0.528, 0.491, 0.496, 0.521, 0.531, 0.523, 0.535, 0.566, 0.548, 0.535, 0.546, 0.554, 0.53, 0.553, 0.538, 0.549, 0.53, 0.508, 0.542, 0.514, 0.539, 0.524, 0.519, 0.561, 0.536, 0.547, 0.561, 0.527, 0.54, 0.546, 0.533, 0.547, 0.552, 0.522]
Test Scores w/o background: [0.25, 0.28, 0.306, 0.284, 0.319, 0.333, 0.312, 0.293, 0.312, 0.334, 0.295, 0.312, 0.299, 0.338, 0.378, 0.254, 0.344, 0.32, 0.259, 0.359, 0.353, 0.373, 0.358, 0.373, 0.343, 0.299, 0.379, 0.366, 0.342, 0.319, 0.32, 0.324, 0.381, 0.331, 0.374, 0.339, 0.366, 0.284, 0.344, 0.387, 0.281, 0.355, 0.396, 0.358, 0.319, 0.372, 0.376, 0.374, 0.357, 0.356, 0.405, 0.342, 0.379, 0.354, 0.385, 0.373, 0.33, 0.359, 0.36, 0.38, 0.362, 0.394, 0.34, 0.345, 0.383, 0.359, 0.328, 0.368, 0.354, 0.305, 0.32, 0.398, 0.376, 0.396, 0.375, 0.4, 0.403, 0.381, 0.332, 0.378, 0.38, 0.306, 0.375, 0.405, 0.409, 0.387, 0.358, 0.308, 0.315, 0.349, 0.364, 0.353, 0.369, 0.412, 0.39, 0.369, 0.396, 0.398, 0.363, 0.396, 0.374, 0.393, 0.359, 0.329, 0.376, 0.337, 0.376, 0.352, 0.351, 0.409, 0.37, 0.383, 0.404, 0.355, 0.374, 0.381, 0.367, 0.386, 0.395, 0.349]
Train Scores: [0.426, 0.456, 0.458, 0.489, 0.502, 0.52, 0.49, 0.479, 0.512, 0.523, 0.51, 0.479, 0.52, 0.526, 0.551, 0.451, 0.545, 0.514, 0.48, 0.538, 0.553, 0.546, 0.546, 0.537, 0.528, 0.511, 0.56, 0.542, 0.544, 0.524, 0.529, 0.532, 0.575, 0.531, 0.551, 0.525, 0.551, 0.488, 0.525, 0.572, 0.509, 0.53, 0.559, 0.553, 0.516, 0.55, 0.556, 0.541, 0.549, 0.535, 0.564, 0.54, 0.565, 0.543, 0.559, 0.549, 0.514, 0.552, 0.556, 0.554, 0.545, 0.561, 0.527, 0.532, 0.569, 0.549, 0.524, 0.558, 0.55, 0.509, 0.525, 0.58, 0.553, 0.573, 0.563, 0.583, 0.585, 0.569, 0.531, 0.553, 0.563, 0.522, 0.568, 0.588, 0.559, 0.568, 0.54, 0.507, 0.515, 0.54, 0.56, 0.538, 0.554, 0.589, 0.588, 0.562, 0.584, 0.575, 0.559, 0.581, 0.563, 0.579, 0.549, 0.524, 0.557, 0.533, 0.567, 0.53, 0.544, 0.577, 0.568, 0.565, 0.59, 0.554, 0.567, 0.563, 0.563, 0.571, 0.585, 0.556]
Train Scores w/o background: [0.285, 0.298, 0.302, 0.327, 0.338, 0.349, 0.322, 0.291, 0.342, 0.351, 0.332, 0.292, 0.344, 0.361, 0.394, 0.261, 0.377, 0.339, 0.288, 0.377, 0.394, 0.384, 0.38, 0.368, 0.357, 0.335, 0.402, 0.37, 0.372, 0.351, 0.355, 0.36, 0.421, 0.359, 0.386, 0.354, 0.396, 0.3, 0.355, 0.426, 0.33, 0.362, 0.405, 0.396, 0.337, 0.386, 0.393, 0.372, 0.384, 0.366, 0.408, 0.369, 0.405, 0.374, 0.405, 0.389, 0.337, 0.392, 0.395, 0.389, 0.38, 0.406, 0.352, 0.361, 0.412, 0.387, 0.35, 0.396, 0.382, 0.325, 0.349, 0.432, 0.39, 0.423, 0.402, 0.432, 0.433, 0.41, 0.356, 0.39, 0.406, 0.343, 0.411, 0.438, 0.399, 0.41, 0.371, 0.323, 0.334, 0.37, 0.398, 0.368, 0.388, 0.437, 0.44, 0.401, 0.446, 0.423, 0.399, 0.43, 0.403, 0.43, 0.38, 0.347, 0.392, 0.357, 0.408, 0.354, 0.379, 0.425, 0.408, 0.405, 0.44, 0.388, 0.406, 0.4, 0.402, 0.412, 0.434, 0.39]
Train Loss: [4.025, 2.283, 1.766, 1.43, 1.317, 1.119, 0.983, 0.822, 0.637, 0.81, 0.641, 0.643, 0.551, 0.566, 0.647, 0.943, 0.512, 0.463, 0.724, 0.325, 0.331, 0.288, 0.287, 0.289, 0.244, 0.317, 0.391, 0.46, 0.348, 0.177, 0.207, 0.268, 0.11, 0.157, 0.186, 0.19, 0.134, 0.301, 0.106, 0.112, 0.077, 0.139, 0.107, 0.159, 0.144, 0.068, 0.137, 0.041, 0.09, 0.142, 0.079, 0.114, 0.063, 0.125, 0.148, 0.106, 0.082, 0.193, 0.121, 0.168, 0.098, 0.036, 0.073, 0.035, 0.041, 0.064, 0.043, 0.158, 0.111, 0.094, 0.078, 0.079, 0.058, 0.18, 0.12, 0.058, 0.062, 0.055, 0.083, 0.097, 0.031, 0.055, 0.07, 0.047, 0.055, 0.04, 0.041, 0.082, 0.075, 0.019, 0.019, 0.028, 0.028, 0.052, 0.064, 0.05, 0.037, 0.018, 0.046, 0.023, 0.051, 0.055, 0.027, 0.048, 0.053, 0.043, 0.04, 0.046, 0.035, 0.023, 0.033, 0.027, 0.025, 0.078, 0.02, 0.018, 0.014, 0.143, 0.069, 0.026]
Max test score: 0.566 found at epoch: 94
Max test score shapes: 0.412 found at epoch: 94
Avg generalisation ratio: 0.939
Avg generalisation diff: 0.023