Active: ImageLevelloss True True False 2 
Active: Adjacencyloss True True 30 0.0001 False True 
Active: OneHotloss True 10 
Active: MinSizeBackgroundloss True 1 

Test Scores: [0.246, 0.285, 0.306, 0.293, 0.277, 0.261, 0.249, 0.242, 0.244, 0.244, 0.24, 0.243, 0.239, 0.246, 0.247, 0.237, 0.243, 0.244, 0.25, 0.247, 0.248, 0.248, 0.237, 0.244, 0.238, 0.24, 0.242, 0.229, 0.235, 0.234, 0.237, 0.231, 0.231, 0.232, 0.234, 0.233, 0.224, 0.232, 0.227, 0.229, 0.228, 0.228, 0.226, 0.228, 0.225, 0.231, 0.226, 0.227, 0.229, 0.226, 0.228, 0.226, 0.225, 0.222, 0.226, 0.225, 0.227, 0.228, 0.227, 0.228, 0.227, 0.226, 0.225, 0.226, 0.225, 0.226, 0.228, 0.225, 0.227, 0.226, 0.225, 0.225, 0.222, 0.227, 0.227, 0.223, 0.224, 0.226, 0.227, 0.223, 0.229, 0.225, 0.226, 0.229, 0.228, 0.224, 0.226, 0.224, 0.226, 0.226, 0.223, 0.222, 0.223, 0.226, 0.225, 0.226, 0.228, 0.228, 0.224, 0.227, 0.227, 0.229, 0.223, 0.227, 0.226, 0.225, 0.234, 0.231, 0.226, 0.225, 0.23, 0.227, 0.227, 0.232, 0.234, 0.238, 0.235, 0.23, 0.234, 0.231, 0.236, 0.23, 0.228, 0.244, 0.237, 0.224, 0.231, 0.224, 0.236, 0.227, 0.238, 0.236, 0.236, 0.237, 0.234, 0.234, 0.233, 0.239, 0.231, 0.243, 0.243, 0.237, 0.244, 0.233, 0.237, 0.228, 0.244, 0.243, 0.24, 0.225, 0.237, 0.24, 0.246, 0.237, 0.244, 0.224, 0.227, 0.236, 0.249, 0.23, 0.241, 0.238, 0.246, 0.244, 0.245, 0.24, 0.243, 0.237, 0.23, 0.245, 0.228, 0.239, 0.246, 0.24, 0.236, 0.235, 0.234, 0.235, 0.232, 0.241, 0.231, 0.241, 0.236, 0.245, 0.24, 0.244, 0.236, 0.243, 0.236, 0.226]
Test Scores w/o background: [0.053, 0.078, 0.096, 0.084, 0.06, 0.044, 0.028, 0.019, 0.015, 0.016, 0.011, 0.014, 0.009, 0.019, 0.019, 0.006, 0.014, 0.015, 0.023, 0.019, 0.02, 0.021, 0.006, 0.015, 0.008, 0.01, 0.013, 0.003, 0.004, 0.006, 0.007, 0.005, 0.004, 0.002, 0.005, 0.005, 0.001, 0.003, 0.0, 0.004, 0.001, 0.003, 0.001, 0.003, 0.001, 0.003, 0.0, 0.001, 0.001, 0.0, 0.001, 0.001, 0.002, 0.004, 0.001, 0.0, 0.002, 0.001, 0.001, 0.001, 0.001, 0.001, 0.004, 0.001, 0.001, 0.001, 0.003, 0.001, 0.001, 0.003, 0.001, 0.001, 0.002, 0.003, 0.005, 0.002, 0.001, 0.001, 0.001, 0.001, 0.006, 0.002, 0.005, 0.003, 0.003, 0.002, 0.004, 0.002, 0.003, 0.004, 0.004, 0.001, 0.002, 0.003, 0.001, 0.001, 0.002, 0.005, 0.003, 0.003, 0.005, 0.005, 0.003, 0.005, 0.005, 0.001, 0.009, 0.008, 0.004, 0.0, 0.007, 0.009, 0.004, 0.007, 0.012, 0.019, 0.013, 0.009, 0.012, 0.01, 0.013, 0.009, 0.008, 0.022, 0.014, 0.002, 0.012, 0.006, 0.011, 0.008, 0.015, 0.014, 0.013, 0.015, 0.012, 0.013, 0.011, 0.017, 0.012, 0.021, 0.022, 0.014, 0.022, 0.011, 0.015, 0.006, 0.022, 0.022, 0.02, 0.006, 0.016, 0.018, 0.027, 0.019, 0.024, 0.007, 0.008, 0.015, 0.03, 0.011, 0.018, 0.019, 0.024, 0.024, 0.023, 0.02, 0.023, 0.014, 0.013, 0.026, 0.007, 0.017, 0.027, 0.024, 0.019, 0.017, 0.014, 0.016, 0.013, 0.024, 0.012, 0.021, 0.019, 0.026, 0.02, 0.025, 0.015, 0.027, 0.018, 0.005]
Train Scores: [0.251, 0.291, 0.306, 0.288, 0.282, 0.261, 0.251, 0.242, 0.245, 0.247, 0.241, 0.243, 0.24, 0.248, 0.248, 0.238, 0.246, 0.246, 0.253, 0.249, 0.25, 0.25, 0.239, 0.246, 0.24, 0.24, 0.242, 0.23, 0.235, 0.235, 0.238, 0.231, 0.233, 0.233, 0.235, 0.233, 0.226, 0.232, 0.229, 0.231, 0.228, 0.229, 0.227, 0.227, 0.226, 0.232, 0.228, 0.228, 0.23, 0.228, 0.229, 0.228, 0.225, 0.222, 0.228, 0.226, 0.228, 0.23, 0.229, 0.23, 0.228, 0.228, 0.227, 0.228, 0.227, 0.228, 0.229, 0.227, 0.229, 0.229, 0.227, 0.228, 0.225, 0.229, 0.228, 0.224, 0.226, 0.227, 0.229, 0.225, 0.231, 0.227, 0.227, 0.23, 0.231, 0.228, 0.227, 0.227, 0.228, 0.229, 0.226, 0.224, 0.225, 0.229, 0.226, 0.228, 0.23, 0.229, 0.226, 0.228, 0.23, 0.231, 0.226, 0.231, 0.229, 0.227, 0.233, 0.233, 0.229, 0.227, 0.233, 0.231, 0.23, 0.233, 0.235, 0.236, 0.236, 0.232, 0.235, 0.231, 0.238, 0.231, 0.231, 0.244, 0.24, 0.229, 0.237, 0.227, 0.237, 0.23, 0.241, 0.237, 0.239, 0.242, 0.236, 0.235, 0.236, 0.239, 0.233, 0.244, 0.242, 0.241, 0.246, 0.239, 0.242, 0.234, 0.244, 0.244, 0.241, 0.232, 0.242, 0.243, 0.244, 0.242, 0.247, 0.231, 0.234, 0.241, 0.248, 0.236, 0.246, 0.244, 0.245, 0.243, 0.248, 0.245, 0.248, 0.245, 0.237, 0.249, 0.236, 0.245, 0.246, 0.243, 0.242, 0.241, 0.241, 0.241, 0.239, 0.244, 0.239, 0.245, 0.241, 0.247, 0.242, 0.247, 0.244, 0.245, 0.24, 0.234]
Train Scores w/o background: [0.06, 0.086, 0.097, 0.078, 0.068, 0.042, 0.03, 0.018, 0.015, 0.018, 0.01, 0.013, 0.009, 0.02, 0.019, 0.007, 0.016, 0.016, 0.025, 0.02, 0.021, 0.021, 0.008, 0.017, 0.009, 0.009, 0.012, 0.003, 0.003, 0.007, 0.007, 0.004, 0.004, 0.001, 0.005, 0.005, 0.001, 0.002, 0.0, 0.004, 0.001, 0.003, 0.001, 0.002, 0.001, 0.004, 0.0, 0.002, 0.002, 0.001, 0.001, 0.001, 0.001, 0.004, 0.001, 0.0, 0.004, 0.002, 0.003, 0.002, 0.001, 0.002, 0.004, 0.001, 0.001, 0.001, 0.003, 0.002, 0.002, 0.005, 0.0, 0.002, 0.003, 0.003, 0.004, 0.002, 0.001, 0.002, 0.002, 0.001, 0.007, 0.003, 0.004, 0.003, 0.005, 0.003, 0.004, 0.004, 0.003, 0.005, 0.005, 0.001, 0.002, 0.004, 0.001, 0.002, 0.003, 0.005, 0.003, 0.003, 0.007, 0.005, 0.003, 0.007, 0.006, 0.002, 0.008, 0.009, 0.006, 0.001, 0.009, 0.011, 0.006, 0.008, 0.012, 0.015, 0.013, 0.009, 0.011, 0.01, 0.014, 0.008, 0.01, 0.021, 0.017, 0.005, 0.016, 0.008, 0.01, 0.01, 0.017, 0.013, 0.015, 0.018, 0.012, 0.013, 0.013, 0.016, 0.013, 0.02, 0.019, 0.018, 0.024, 0.016, 0.02, 0.01, 0.022, 0.021, 0.019, 0.011, 0.02, 0.021, 0.022, 0.023, 0.025, 0.012, 0.014, 0.018, 0.029, 0.016, 0.023, 0.024, 0.021, 0.022, 0.026, 0.025, 0.027, 0.021, 0.019, 0.029, 0.014, 0.023, 0.027, 0.025, 0.024, 0.022, 0.02, 0.021, 0.019, 0.026, 0.019, 0.024, 0.023, 0.028, 0.021, 0.027, 0.021, 0.028, 0.02, 0.012]
Train Loss: [185.033, 145.564, 127.019, 112.192, 99.292, 86.863, 73.883, 61.018, 49.254, 40.479, 32.316, 25.173, 19.313, 14.859, 11.903, 10.273, 9.534, 9.103, 8.828, 8.531, 8.534, 8.331, 7.867, 7.721, 7.418, 7.218, 7.006, 7.019, 6.917, 6.759, 6.575, 6.362, 6.43, 6.157, 6.25, 6.229, 6.108, 5.969, 6.243, 5.776, 5.592, 5.71, 5.468, 5.225, 5.126, 4.998, 5.113, 4.827, 4.595, 4.736, 4.71, 4.984, 4.615, 4.546, 4.589, 4.416, 4.392, 4.159, 3.955, 3.631, 3.533, 3.525, 3.51, 3.453, 3.281, 3.207, 2.991, 3.025, 3.305, 3.359, 3.069, 2.968, 2.879, 2.632, 2.73, 2.757, 2.786, 2.699, 2.776, 2.72, 2.56, 2.391, 2.518, 2.285, 2.38, 2.264, 2.245, 2.15, 2.179, 2.292, 2.363, 2.351, 2.305, 2.446, 2.234, 2.052, 2.023, 2.096, 1.943, 1.854, 1.84, 1.842, 1.779, 1.795, 1.704, 1.587, 1.581, 1.692, 1.698, 1.739, 1.678, 1.641, 1.518, 1.738, 1.671, 1.674, 1.712, 1.717, 1.693, 1.666, 1.646, 1.574, 1.798, 1.724, 1.75, 1.678, 1.704, 1.585, 1.486, 1.608, 1.53, 1.47, 1.458, 1.595, 1.563, 1.561, 1.451, 1.37, 1.366, 1.333, 1.349, 1.398, 1.397, 1.492, 1.595, 1.396, 1.405, 1.388, 1.443, 1.496, 1.483, 1.427, 1.378, 1.321, 1.315, 1.306, 1.35, 1.433, 1.295, 1.27, 1.345, 1.252, 1.271, 1.338, 1.371, 1.316, 1.327, 1.234, 1.367, 1.106, 0.986, 0.905, 0.845, 0.797, 0.759, 0.735, 0.705, 0.693, 0.677, 0.654, 0.64, 0.631, 0.621, 0.616, 0.607, 0.607, 0.607, 0.609, 0.617, 0.611]
Test Loss: [185.692, 145.378, 126.728, 111.731, 98.863, 86.483, 73.485, 60.564, 48.898, 40.399, 32.564, 25.756, 20.004, 15.635, 13.112, 11.577, 10.979, 10.655, 10.671, 10.411, 10.71, 10.033, 9.936, 9.833, 9.504, 9.063, 9.008, 9.137, 8.968, 9.001, 8.817, 8.767, 8.711, 8.787, 8.86, 8.302, 8.468, 8.594, 8.889, 8.268, 8.505, 8.77, 8.778, 8.227, 8.305, 8.301, 8.814, 8.256, 8.124, 8.585, 8.434, 8.336, 8.543, 8.097, 7.669, 8.159, 7.963, 7.992, 8.244, 7.689, 7.397, 7.687, 7.769, 7.655, 8.159, 7.901, 7.376, 7.315, 7.435, 7.257, 7.276, 7.514, 7.312, 7.224, 7.359, 7.562, 6.918, 7.256, 7.201, 7.256, 7.187, 7.091, 7.378, 7.193, 7.327, 7.147, 7.373, 6.993, 6.98, 7.254, 7.144, 7.068, 7.445, 7.578, 7.042, 7.295, 7.423, 7.468, 7.235, 6.993, 7.163, 7.477, 7.356, 7.298, 7.38, 6.986, 7.117, 7.28, 7.373, 7.015, 7.141, 7.299, 7.173, 7.063, 7.051, 7.212, 6.972, 7.381, 7.099, 7.414, 6.915, 7.264, 7.254, 6.851, 6.995, 7.002, 7.105, 7.178, 6.802, 6.893, 6.916, 7.132, 6.991, 6.887, 6.896, 7.134, 7.107, 6.827, 7.009, 6.942, 7.067, 7.01, 7.09, 6.823, 6.735, 6.654, 6.84, 7.272, 7.262, 7.299, 6.465, 7.114, 6.93, 7.312, 6.895, 6.97, 7.089, 6.697, 6.947, 6.928, 6.891, 6.66, 7.071, 6.764, 7.031, 6.871, 6.769, 7.083, 6.79, 6.947, 6.722, 6.726, 6.778, 6.91, 6.87, 6.891, 6.845, 6.853, 6.903, 6.862, 6.867, 6.841, 6.866, 6.854, 6.922, 6.926, 6.858, 6.879, 6.912, 6.897]
Max test score: 0.306 found at epoch: 3
Max test score shapes: 0.096 found at epoch: 3
