Active: ImageLevelloss True True False 2 
Active: Adjacencyloss True True 30 0.0001 False False 
Active: OneHotloss True 10 
Active: MinSizeBackgroundloss True 1 

Test Scores: [0.246, 0.285, 0.306, 0.294, 0.277, 0.258, 0.25, 0.246, 0.248, 0.249, 0.242, 0.245, 0.241, 0.255, 0.242, 0.248, 0.256, 0.244, 0.248, 0.26, 0.251, 0.25, 0.241, 0.242, 0.253, 0.249, 0.26, 0.259, 0.248, 0.254, 0.249, 0.274, 0.259, 0.257, 0.271, 0.279, 0.269, 0.276, 0.272, 0.287, 0.29, 0.289, 0.283, 0.294, 0.315, 0.293, 0.301, 0.294, 0.318, 0.331, 0.319, 0.335, 0.329, 0.333, 0.326, 0.358, 0.327, 0.365, 0.353, 0.36, 0.406, 0.416, 0.401, 0.393, 0.4, 0.405, 0.419, 0.432, 0.468, 0.488, 0.505, 0.505, 0.498, 0.514, 0.54, 0.5, 0.516, 0.509, 0.527, 0.552, 0.54, 0.567, 0.539, 0.545, 0.56, 0.57, 0.561, 0.56, 0.522, 0.579, 0.574, 0.582, 0.563, 0.603, 0.601, 0.581, 0.596, 0.601, 0.574, 0.6, 0.6, 0.619, 0.635, 0.642, 0.642, 0.609, 0.628, 0.639, 0.621, 0.633, 0.695, 0.599, 0.692, 0.695, 0.638, 0.681, 0.657, 0.646, 0.685, 0.647, 0.695, 0.656, 0.688, 0.706, 0.669, 0.652, 0.7, 0.703, 0.655, 0.702, 0.719, 0.705, 0.688, 0.698, 0.692, 0.725, 0.698, 0.707, 0.732, 0.68, 0.729, 0.698, 0.676, 0.694, 0.693, 0.711, 0.736, 0.692, 0.706, 0.74, 0.709, 0.745, 0.688, 0.73, 0.747, 0.758, 0.735, 0.719, 0.742, 0.721, 0.713, 0.761, 0.689, 0.744, 0.705, 0.722, 0.765, 0.703, 0.707, 0.748, 0.728, 0.764, 0.748, 0.771, 0.77, 0.737, 0.757, 0.745, 0.738, 0.751, 0.769, 0.734, 0.755, 0.761, 0.73, 0.727, 0.724, 0.757, 0.695, 0.739]
Test Scores w/o background: [0.053, 0.078, 0.096, 0.085, 0.06, 0.04, 0.03, 0.025, 0.021, 0.022, 0.013, 0.017, 0.012, 0.031, 0.014, 0.021, 0.03, 0.016, 0.02, 0.035, 0.023, 0.024, 0.011, 0.014, 0.025, 0.021, 0.033, 0.034, 0.02, 0.026, 0.021, 0.048, 0.031, 0.032, 0.048, 0.056, 0.047, 0.053, 0.051, 0.068, 0.071, 0.072, 0.068, 0.077, 0.104, 0.073, 0.087, 0.078, 0.105, 0.12, 0.106, 0.128, 0.119, 0.126, 0.118, 0.156, 0.115, 0.165, 0.149, 0.159, 0.219, 0.231, 0.21, 0.201, 0.21, 0.216, 0.235, 0.251, 0.298, 0.324, 0.346, 0.347, 0.337, 0.358, 0.393, 0.34, 0.361, 0.351, 0.375, 0.409, 0.392, 0.428, 0.391, 0.4, 0.419, 0.432, 0.421, 0.419, 0.368, 0.443, 0.437, 0.447, 0.422, 0.476, 0.473, 0.447, 0.465, 0.472, 0.437, 0.471, 0.471, 0.497, 0.517, 0.527, 0.526, 0.482, 0.507, 0.522, 0.498, 0.514, 0.596, 0.468, 0.593, 0.597, 0.52, 0.579, 0.546, 0.532, 0.583, 0.532, 0.596, 0.544, 0.587, 0.611, 0.561, 0.539, 0.603, 0.607, 0.543, 0.605, 0.628, 0.61, 0.586, 0.6, 0.592, 0.636, 0.6, 0.612, 0.645, 0.576, 0.641, 0.599, 0.571, 0.594, 0.593, 0.617, 0.651, 0.591, 0.611, 0.656, 0.614, 0.663, 0.586, 0.642, 0.666, 0.68, 0.649, 0.628, 0.659, 0.63, 0.62, 0.684, 0.588, 0.661, 0.609, 0.632, 0.689, 0.607, 0.612, 0.666, 0.639, 0.688, 0.666, 0.697, 0.695, 0.652, 0.679, 0.663, 0.652, 0.67, 0.694, 0.647, 0.676, 0.684, 0.643, 0.639, 0.634, 0.678, 0.595, 0.655]
Train Scores: [0.251, 0.291, 0.306, 0.288, 0.282, 0.258, 0.252, 0.247, 0.248, 0.248, 0.242, 0.246, 0.241, 0.255, 0.242, 0.248, 0.254, 0.247, 0.247, 0.26, 0.249, 0.253, 0.244, 0.25, 0.268, 0.253, 0.274, 0.269, 0.254, 0.264, 0.259, 0.285, 0.272, 0.269, 0.283, 0.288, 0.283, 0.289, 0.29, 0.301, 0.308, 0.304, 0.304, 0.31, 0.323, 0.31, 0.311, 0.309, 0.339, 0.348, 0.343, 0.349, 0.344, 0.346, 0.34, 0.376, 0.357, 0.387, 0.378, 0.381, 0.419, 0.437, 0.428, 0.414, 0.431, 0.44, 0.45, 0.464, 0.516, 0.549, 0.548, 0.56, 0.545, 0.578, 0.573, 0.551, 0.561, 0.562, 0.577, 0.605, 0.593, 0.605, 0.6, 0.596, 0.607, 0.621, 0.613, 0.625, 0.601, 0.628, 0.615, 0.64, 0.624, 0.652, 0.649, 0.631, 0.651, 0.661, 0.652, 0.662, 0.649, 0.66, 0.695, 0.695, 0.694, 0.671, 0.69, 0.697, 0.68, 0.692, 0.721, 0.681, 0.744, 0.732, 0.707, 0.741, 0.737, 0.721, 0.735, 0.719, 0.759, 0.732, 0.765, 0.768, 0.746, 0.72, 0.776, 0.77, 0.722, 0.787, 0.784, 0.78, 0.777, 0.764, 0.775, 0.792, 0.772, 0.779, 0.811, 0.739, 0.799, 0.776, 0.737, 0.757, 0.751, 0.8, 0.813, 0.773, 0.79, 0.801, 0.802, 0.816, 0.758, 0.802, 0.804, 0.818, 0.813, 0.792, 0.811, 0.807, 0.793, 0.821, 0.757, 0.809, 0.764, 0.766, 0.827, 0.742, 0.782, 0.82, 0.792, 0.829, 0.809, 0.831, 0.824, 0.799, 0.82, 0.809, 0.813, 0.821, 0.828, 0.791, 0.819, 0.828, 0.792, 0.795, 0.798, 0.82, 0.773, 0.792]
Train Scores w/o background: [0.06, 0.086, 0.097, 0.078, 0.068, 0.038, 0.031, 0.025, 0.02, 0.02, 0.011, 0.016, 0.011, 0.029, 0.013, 0.019, 0.026, 0.018, 0.018, 0.034, 0.02, 0.026, 0.015, 0.023, 0.044, 0.025, 0.051, 0.047, 0.027, 0.04, 0.033, 0.064, 0.05, 0.047, 0.064, 0.07, 0.066, 0.071, 0.076, 0.087, 0.096, 0.093, 0.097, 0.099, 0.115, 0.096, 0.102, 0.098, 0.133, 0.146, 0.139, 0.147, 0.142, 0.144, 0.137, 0.181, 0.157, 0.194, 0.184, 0.188, 0.237, 0.259, 0.246, 0.23, 0.251, 0.264, 0.277, 0.295, 0.362, 0.405, 0.404, 0.419, 0.399, 0.443, 0.437, 0.409, 0.421, 0.423, 0.443, 0.479, 0.462, 0.479, 0.473, 0.468, 0.483, 0.5, 0.49, 0.505, 0.473, 0.509, 0.492, 0.526, 0.503, 0.542, 0.538, 0.513, 0.539, 0.552, 0.541, 0.554, 0.537, 0.551, 0.598, 0.598, 0.595, 0.565, 0.59, 0.599, 0.577, 0.592, 0.632, 0.578, 0.662, 0.646, 0.613, 0.657, 0.652, 0.632, 0.65, 0.628, 0.681, 0.645, 0.69, 0.694, 0.664, 0.629, 0.704, 0.696, 0.632, 0.719, 0.715, 0.709, 0.705, 0.688, 0.702, 0.726, 0.699, 0.708, 0.75, 0.655, 0.734, 0.704, 0.651, 0.678, 0.67, 0.736, 0.753, 0.7, 0.722, 0.738, 0.738, 0.758, 0.68, 0.739, 0.741, 0.759, 0.753, 0.725, 0.75, 0.746, 0.727, 0.764, 0.678, 0.747, 0.687, 0.69, 0.772, 0.658, 0.712, 0.762, 0.725, 0.774, 0.747, 0.777, 0.768, 0.734, 0.763, 0.748, 0.753, 0.764, 0.773, 0.724, 0.761, 0.773, 0.725, 0.728, 0.733, 0.763, 0.699, 0.725]
Train Loss: [185.033, 145.568, 127.018, 112.197, 99.304, 86.859, 73.863, 60.984, 49.256, 40.494, 32.336, 25.205, 19.338, 14.89, 12.002, 10.298, 9.525, 9.144, 8.837, 8.722, 8.587, 8.342, 8.065, 7.764, 7.552, 7.452, 7.572, 7.292, 7.255, 7.245, 7.002, 6.89, 6.582, 6.596, 6.517, 6.108, 6.094, 5.744, 5.644, 5.364, 5.11, 4.986, 4.812, 4.788, 4.703, 4.582, 4.421, 4.359, 4.205, 4.231, 4.218, 4.079, 3.848, 3.67, 3.402, 3.138, 3.111, 2.959, 2.71, 2.602, 2.289, 2.154, 1.928, 1.8, 1.785, 1.832, 1.808, 1.46, 1.343, 1.397, 1.339, 1.299, 1.197, 1.177, 1.239, 1.188, 1.157, 1.005, 0.989, 0.981, 0.87, 0.879, 0.852, 0.775, 0.782, 0.744, 0.724, 0.694, 0.709, 0.712, 0.669, 0.677, 0.603, 0.616, 0.673, 0.701, 0.657, 0.545, 0.531, 0.523, 0.499, 0.552, 0.488, 0.451, 0.462, 0.482, 0.472, 0.473, 0.468, 0.501, 0.528, 0.553, 0.508, 0.427, 0.391, 0.38, 0.357, 0.367, 0.345, 0.342, 0.324, 0.308, 0.293, 0.295, 0.328, 0.314, 0.308, 0.286, 0.299, 0.271, 0.278, 0.281, 0.278, 0.251, 0.245, 0.269, 0.277, 0.252, 0.26, 0.244, 0.228, 0.225, 0.213, 0.216, 0.195, 0.201, 0.21, 0.203, 0.194, 0.207, 0.192, 0.222, 0.201, 0.187, 0.181, 0.196, 0.214, 0.208, 0.19, 0.183, 0.167, 0.176, 0.195, 0.169, 0.162, 0.172, 0.162, 0.177, 0.162, 0.152, 0.135, 0.117, 0.111, 0.106, 0.1, 0.098, 0.093, 0.092, 0.089, 0.088, 0.085, 0.083, 0.081, 0.081, 0.079, 0.079, 0.079, 0.078, 0.079, 0.076]
Test Loss: [185.692, 145.382, 126.727, 111.743, 98.877, 86.449, 73.425, 60.569, 48.92, 40.442, 32.584, 25.804, 20.067, 15.659, 13.183, 11.776, 11.404, 10.7, 10.672, 10.622, 10.336, 9.85, 10.36, 9.55, 9.967, 9.788, 9.79, 9.835, 9.737, 9.64, 9.381, 9.349, 9.034, 9.584, 9.114, 8.662, 8.388, 8.966, 8.758, 8.872, 8.6, 8.856, 8.494, 8.084, 8.424, 8.409, 7.79, 8.177, 7.825, 8.246, 8.474, 8.068, 7.299, 6.765, 7.461, 6.959, 6.187, 6.455, 5.417, 5.225, 4.872, 4.641, 4.472, 4.477, 4.303, 3.986, 4.13, 3.7, 3.664, 3.805, 4.01, 3.737, 3.449, 2.954, 4.307, 3.015, 2.702, 3.026, 3.368, 3.467, 2.324, 3.188, 2.509, 2.469, 2.768, 2.26, 2.742, 2.426, 3.404, 2.574, 2.518, 2.985, 2.323, 2.937, 3.168, 1.919, 2.419, 2.797, 2.633, 2.767, 2.148, 2.9, 2.802, 2.531, 2.667, 2.324, 2.715, 1.892, 2.585, 2.634, 3.229, 2.538, 2.257, 2.062, 2.138, 2.135, 1.891, 2.974, 2.233, 2.696, 2.025, 2.134, 2.764, 2.374, 2.435, 2.199, 2.445, 1.844, 1.958, 2.553, 2.686, 2.126, 2.579, 1.59, 2.373, 2.05, 2.697, 1.767, 2.188, 1.857, 2.182, 1.72, 1.991, 1.686, 1.783, 1.77, 2.085, 1.583, 1.715, 2.175, 1.832, 1.946, 1.581, 1.905, 2.255, 1.947, 1.54, 2.219, 1.987, 2.394, 2.085, 2.658, 2.151, 1.814, 1.496, 1.868, 1.905, 2.068, 2.184, 2.251, 1.96, 1.757, 1.858, 1.779, 1.892, 2.011, 1.808, 1.696, 1.919, 1.861, 1.834, 1.823, 1.816, 1.867, 1.842, 1.884, 1.767, 1.787, 1.837, 1.824]
Max test score: 0.771 found at epoch: 174
Max test score shapes: 0.697 found at epoch: 174
