Active: ImageLevelloss True True False 2 
Active: Adjacencyloss True True 30 0.0001 True False 
Active: OneHotloss True 10 
Active: MinSizeBackgroundloss True 1 

Test Scores: [0.245, 0.285, 0.305, 0.294, 0.277, 0.261, 0.252, 0.244, 0.248, 0.245, 0.24, 0.242, 0.24, 0.248, 0.246, 0.246, 0.241, 0.245, 0.25, 0.256, 0.244, 0.239, 0.239, 0.227, 0.233, 0.231, 0.232, 0.226, 0.224, 0.223, 0.231, 0.227, 0.23, 0.227, 0.229, 0.228, 0.215, 0.23, 0.218, 0.22, 0.228, 0.212, 0.225, 0.223, 0.225, 0.226, 0.217, 0.223, 0.229, 0.218, 0.213, 0.227, 0.216, 0.219, 0.223, 0.228, 0.224, 0.226, 0.222, 0.223, 0.22, 0.228, 0.224, 0.213, 0.214, 0.222, 0.225, 0.219, 0.217, 0.226, 0.213, 0.226, 0.223, 0.226, 0.213, 0.216, 0.212, 0.226, 0.209, 0.22, 0.219, 0.217, 0.217, 0.214, 0.22, 0.218, 0.216, 0.212, 0.213, 0.211, 0.216, 0.212, 0.222, 0.214, 0.219, 0.212, 0.208, 0.219, 0.209, 0.213, 0.221, 0.211, 0.216, 0.213, 0.208, 0.209, 0.21, 0.214, 0.214, 0.201, 0.204, 0.216, 0.212, 0.217, 0.212, 0.218, 0.221, 0.211, 0.222, 0.208, 0.216, 0.219, 0.206, 0.213, 0.213, 0.212, 0.218, 0.206, 0.215, 0.219, 0.217, 0.216, 0.215, 0.211, 0.218, 0.209, 0.212, 0.213, 0.222, 0.215, 0.217, 0.218, 0.216, 0.214, 0.219, 0.207, 0.215, 0.213, 0.221, 0.21, 0.219, 0.218, 0.218, 0.217, 0.217, 0.205, 0.207, 0.219, 0.217, 0.214, 0.219, 0.211, 0.219, 0.213, 0.213, 0.21, 0.218, 0.214, 0.221, 0.218, 0.216, 0.221, 0.222, 0.216, 0.214, 0.221, 0.213, 0.219, 0.219, 0.222, 0.219, 0.217, 0.212, 0.22, 0.213, 0.215, 0.22, 0.213, 0.219, 0.21]
Test Scores w/o background: [0.052, 0.078, 0.096, 0.086, 0.061, 0.043, 0.032, 0.022, 0.02, 0.017, 0.011, 0.012, 0.011, 0.022, 0.018, 0.018, 0.012, 0.017, 0.023, 0.03, 0.015, 0.008, 0.011, 0.001, 0.005, 0.003, 0.004, 0.001, 0.002, 0.0, 0.003, 0.002, 0.004, 0.002, 0.005, 0.001, 0.0, 0.003, 0.002, 0.001, 0.0, 0.001, 0.0, 0.0, 0.0, 0.002, 0.002, 0.002, 0.003, 0.0, 0.0, 0.002, 0.0, 0.0, 0.001, 0.0, 0.002, 0.001, 0.002, 0.001, 0.0, 0.001, 0.0, 0.0, 0.0, 0.0, 0.001, 0.001, 0.0, 0.003, 0.001, 0.001, 0.001, 0.003, 0.002, 0.0, 0.0, 0.007, 0.001, 0.0, 0.003, 0.002, 0.002, 0.002, 0.005, 0.002, 0.002, 0.002, 0.003, 0.002, 0.003, 0.0, 0.003, 0.003, 0.007, 0.002, 0.001, 0.004, 0.001, 0.004, 0.005, 0.002, 0.002, 0.001, 0.001, 0.001, 0.006, 0.004, 0.004, 0.0, 0.002, 0.001, 0.001, 0.004, 0.005, 0.005, 0.007, 0.004, 0.007, 0.004, 0.003, 0.004, 0.001, 0.004, 0.006, 0.0, 0.004, 0.001, 0.002, 0.004, 0.006, 0.004, 0.004, 0.002, 0.006, 0.002, 0.001, 0.001, 0.012, 0.002, 0.006, 0.002, 0.005, 0.007, 0.004, 0.002, 0.004, 0.007, 0.005, 0.001, 0.003, 0.003, 0.007, 0.002, 0.007, 0.001, 0.002, 0.005, 0.005, 0.004, 0.005, 0.005, 0.005, 0.004, 0.003, 0.004, 0.004, 0.002, 0.002, 0.006, 0.002, 0.005, 0.007, 0.006, 0.003, 0.004, 0.002, 0.005, 0.003, 0.007, 0.003, 0.003, 0.003, 0.005, 0.003, 0.004, 0.002, 0.005, 0.004, 0.001]
Train Scores: [0.251, 0.291, 0.306, 0.289, 0.283, 0.26, 0.253, 0.246, 0.247, 0.245, 0.241, 0.243, 0.24, 0.249, 0.247, 0.247, 0.243, 0.247, 0.249, 0.256, 0.246, 0.241, 0.242, 0.228, 0.235, 0.233, 0.234, 0.226, 0.225, 0.223, 0.233, 0.228, 0.231, 0.228, 0.23, 0.229, 0.217, 0.231, 0.218, 0.22, 0.229, 0.213, 0.225, 0.223, 0.226, 0.226, 0.218, 0.223, 0.23, 0.219, 0.214, 0.228, 0.216, 0.22, 0.224, 0.23, 0.225, 0.227, 0.223, 0.224, 0.221, 0.228, 0.224, 0.213, 0.214, 0.223, 0.226, 0.219, 0.217, 0.227, 0.215, 0.227, 0.223, 0.227, 0.212, 0.218, 0.213, 0.226, 0.21, 0.222, 0.219, 0.219, 0.218, 0.216, 0.221, 0.221, 0.218, 0.214, 0.215, 0.211, 0.217, 0.214, 0.222, 0.216, 0.22, 0.212, 0.21, 0.221, 0.21, 0.215, 0.221, 0.212, 0.218, 0.216, 0.211, 0.213, 0.211, 0.216, 0.216, 0.204, 0.205, 0.219, 0.214, 0.219, 0.214, 0.218, 0.223, 0.213, 0.224, 0.21, 0.218, 0.221, 0.208, 0.214, 0.215, 0.214, 0.221, 0.208, 0.216, 0.22, 0.219, 0.218, 0.216, 0.214, 0.219, 0.21, 0.214, 0.215, 0.221, 0.217, 0.218, 0.221, 0.217, 0.215, 0.22, 0.21, 0.217, 0.215, 0.223, 0.213, 0.22, 0.219, 0.219, 0.219, 0.218, 0.207, 0.209, 0.22, 0.217, 0.215, 0.22, 0.212, 0.22, 0.213, 0.213, 0.21, 0.219, 0.216, 0.223, 0.22, 0.218, 0.222, 0.224, 0.217, 0.216, 0.223, 0.215, 0.221, 0.22, 0.223, 0.22, 0.218, 0.213, 0.221, 0.214, 0.216, 0.222, 0.214, 0.22, 0.211]
Train Scores w/o background: [0.06, 0.086, 0.097, 0.079, 0.069, 0.041, 0.033, 0.024, 0.019, 0.016, 0.01, 0.012, 0.01, 0.022, 0.018, 0.018, 0.013, 0.017, 0.021, 0.029, 0.016, 0.01, 0.012, 0.001, 0.007, 0.004, 0.005, 0.002, 0.002, 0.0, 0.004, 0.003, 0.005, 0.002, 0.005, 0.002, 0.001, 0.004, 0.002, 0.001, 0.002, 0.002, 0.001, 0.001, 0.001, 0.003, 0.003, 0.002, 0.004, 0.001, 0.001, 0.003, 0.001, 0.001, 0.002, 0.002, 0.002, 0.002, 0.002, 0.002, 0.001, 0.001, 0.001, 0.001, 0.001, 0.001, 0.002, 0.002, 0.001, 0.003, 0.002, 0.002, 0.002, 0.003, 0.002, 0.002, 0.001, 0.008, 0.002, 0.002, 0.003, 0.003, 0.004, 0.004, 0.005, 0.004, 0.003, 0.005, 0.004, 0.002, 0.004, 0.003, 0.003, 0.004, 0.006, 0.003, 0.002, 0.005, 0.002, 0.004, 0.004, 0.002, 0.003, 0.002, 0.002, 0.004, 0.006, 0.006, 0.005, 0.002, 0.004, 0.003, 0.003, 0.007, 0.007, 0.005, 0.008, 0.005, 0.009, 0.004, 0.005, 0.005, 0.003, 0.006, 0.008, 0.002, 0.006, 0.002, 0.003, 0.005, 0.007, 0.005, 0.006, 0.004, 0.005, 0.003, 0.002, 0.003, 0.01, 0.004, 0.007, 0.005, 0.007, 0.007, 0.005, 0.004, 0.006, 0.007, 0.006, 0.002, 0.004, 0.003, 0.007, 0.004, 0.008, 0.002, 0.003, 0.005, 0.005, 0.003, 0.005, 0.005, 0.006, 0.004, 0.003, 0.004, 0.005, 0.003, 0.003, 0.007, 0.003, 0.006, 0.008, 0.007, 0.004, 0.005, 0.004, 0.005, 0.004, 0.007, 0.004, 0.004, 0.004, 0.005, 0.004, 0.005, 0.003, 0.007, 0.005, 0.002]
Train Loss: [185.038, 145.583, 127.028, 112.206, 99.316, 86.893, 73.889, 61.043, 49.276, 40.526, 32.379, 25.203, 19.384, 14.862, 11.892, 10.245, 9.4, 9.049, 8.719, 8.504, 8.366, 8.416, 7.881, 8.023, 7.519, 7.182, 6.959, 6.746, 6.513, 6.33, 6.014, 6.063, 6.133, 6.212, 5.953, 5.851, 5.869, 5.723, 5.545, 5.233, 5.188, 5.015, 5.292, 5.602, 5.468, 5.644, 5.285, 5.195, 4.957, 4.729, 4.672, 4.312, 4.224, 3.924, 3.833, 3.841, 3.626, 3.43, 3.259, 2.919, 3.04, 2.885, 2.8, 2.919, 2.746, 2.514, 2.262, 2.22, 2.454, 2.513, 2.366, 2.409, 2.277, 2.106, 2.105, 2.165, 2.064, 2.087, 2.017, 2.069, 1.994, 1.916, 1.898, 1.837, 1.704, 1.71, 1.665, 1.66, 1.678, 1.698, 1.911, 1.916, 1.799, 1.85, 1.82, 1.662, 1.62, 1.592, 1.557, 1.492, 1.457, 1.462, 1.414, 1.317, 1.393, 1.436, 1.372, 1.35, 1.445, 1.45, 1.425, 1.368, 1.33, 1.358, 1.387, 1.284, 1.302, 1.221, 1.263, 1.315, 1.319, 1.365, 1.293, 1.311, 1.364, 1.307, 1.198, 1.216, 1.234, 1.148, 1.183, 1.115, 1.115, 1.082, 1.058, 1.074, 1.077, 1.114, 1.207, 1.454, 1.446, 1.266, 1.177, 1.151, 1.113, 1.107, 1.098, 1.134, 1.17, 1.133, 1.003, 0.984, 1.039, 1.06, 1.016, 1.028, 1.019, 0.986, 0.997, 0.959, 1.012, 0.974, 0.945, 0.974, 0.927, 0.969, 0.986, 0.927, 0.935, 0.795, 0.737, 0.69, 0.633, 0.594, 0.565, 0.534, 0.516, 0.506, 0.494, 0.478, 0.469, 0.468, 0.455, 0.454, 0.448, 0.44, 0.441, 0.445, 0.43, 0.423]
Test Loss: [185.698, 145.396, 126.736, 111.748, 98.88, 86.475, 73.494, 60.594, 48.917, 40.467, 32.628, 25.795, 20.103, 15.712, 12.971, 11.655, 10.938, 10.62, 10.771, 10.317, 10.485, 10.122, 9.679, 9.567, 9.349, 8.819, 8.538, 8.645, 8.37, 8.215, 7.747, 8.032, 8.127, 7.739, 8.349, 8.446, 8.315, 8.518, 7.717, 7.462, 7.783, 7.719, 7.572, 8.137, 8.263, 7.758, 7.866, 7.766, 8.391, 7.435, 7.539, 7.371, 7.449, 6.937, 6.877, 6.875, 7.262, 6.93, 7.074, 6.794, 7.42, 6.289, 7.361, 6.82, 6.421, 6.884, 6.694, 6.753, 6.831, 6.45, 6.849, 6.36, 6.429, 6.332, 6.455, 6.405, 6.41, 6.64, 6.708, 6.738, 6.445, 6.878, 6.602, 6.447, 6.497, 6.33, 6.475, 6.148, 6.308, 6.763, 5.907, 5.789, 6.215, 6.679, 6.23, 6.224, 6.138, 6.29, 6.255, 5.874, 6.095, 6.084, 6.512, 6.208, 6.189, 6.152, 5.997, 6.25, 5.747, 6.039, 6.261, 5.712, 6.086, 6.397, 5.91, 5.894, 6.269, 6.129, 6.181, 5.992, 6.315, 6.346, 6.235, 6.227, 5.675, 5.755, 6.28, 6.085, 6.149, 6.215, 6.267, 5.949, 6.692, 6.25, 6.253, 5.952, 5.966, 6.036, 6.056, 6.432, 5.864, 6.152, 5.678, 6.497, 5.812, 5.626, 5.799, 5.942, 6.469, 6.012, 5.94, 5.742, 5.967, 5.91, 6.013, 5.803, 6.178, 6.376, 6.03, 5.924, 5.677, 6.17, 6.277, 6.428, 6.218, 5.987, 6.362, 6.163, 5.646, 6.006, 5.899, 6.033, 5.998, 6.075, 6.063, 6.045, 6.12, 6.07, 6.043, 6.076, 6.061, 6.13, 6.085, 6.023, 6.036, 6.097, 6.105, 6.12, 6.075, 6.112]
Max test score: 0.305 found at epoch: 3
Max test score shapes: 0.096 found at epoch: 3
