Active: ImageLevelloss True True False 2 
Active: Adjacencyloss True True 30 0.0001 False False 
Active: MinSizeBackgroundloss True 1 

Test Scores: [0.249, 0.287, 0.315, 0.286, 0.264, 0.25, 0.249, 0.244, 0.242, 0.243, 0.24, 0.242, 0.238, 0.243, 0.239, 0.238, 0.234, 0.235, 0.24, 0.234, 0.237, 0.231, 0.231, 0.236, 0.226, 0.23, 0.228, 0.23, 0.231, 0.22, 0.233, 0.233, 0.235, 0.234, 0.235, 0.232, 0.224, 0.237, 0.223, 0.236, 0.241, 0.234, 0.225, 0.235, 0.237, 0.24, 0.234, 0.237, 0.241, 0.242, 0.244, 0.233, 0.238, 0.231, 0.241, 0.241, 0.233, 0.235, 0.244, 0.236, 0.238, 0.247, 0.243, 0.243, 0.245, 0.241, 0.257, 0.245, 0.248, 0.257, 0.251, 0.251, 0.256, 0.253, 0.251, 0.255, 0.249, 0.256, 0.252, 0.256, 0.266, 0.251, 0.254, 0.243, 0.262, 0.248, 0.257, 0.263, 0.26, 0.265, 0.265, 0.255, 0.272, 0.261, 0.263, 0.246, 0.258, 0.272, 0.255, 0.275, 0.26, 0.264, 0.266, 0.255, 0.276, 0.255, 0.27, 0.264, 0.264, 0.251, 0.26, 0.277, 0.285, 0.27, 0.261, 0.275, 0.273, 0.27, 0.276, 0.271, 0.269, 0.271, 0.264, 0.29, 0.261, 0.265, 0.286, 0.268, 0.271, 0.272, 0.284, 0.274, 0.282, 0.287, 0.278, 0.267, 0.275, 0.274, 0.271, 0.273, 0.28, 0.277, 0.281, 0.265, 0.276, 0.26, 0.266, 0.271, 0.277, 0.277, 0.286, 0.277, 0.273, 0.275, 0.272, 0.275, 0.262, 0.281, 0.283, 0.278, 0.27, 0.271, 0.283, 0.279, 0.288, 0.271, 0.285, 0.266, 0.277, 0.273, 0.264, 0.284, 0.274, 0.287, 0.286, 0.281, 0.286, 0.284, 0.288, 0.285, 0.28, 0.285, 0.278, 0.288, 0.284, 0.277, 0.295, 0.283, 0.287, 0.263]
Test Scores w/o background: [0.057, 0.081, 0.105, 0.073, 0.043, 0.025, 0.022, 0.016, 0.013, 0.015, 0.011, 0.013, 0.008, 0.014, 0.009, 0.008, 0.003, 0.004, 0.01, 0.003, 0.007, 0.003, 0.001, 0.005, 0.002, 0.001, 0.001, 0.003, 0.0, 0.0, 0.004, 0.004, 0.008, 0.007, 0.007, 0.005, 0.002, 0.009, 0.009, 0.009, 0.016, 0.012, 0.012, 0.012, 0.012, 0.016, 0.01, 0.017, 0.015, 0.017, 0.021, 0.013, 0.017, 0.012, 0.019, 0.018, 0.014, 0.012, 0.018, 0.017, 0.016, 0.026, 0.017, 0.022, 0.032, 0.018, 0.037, 0.023, 0.028, 0.036, 0.036, 0.031, 0.039, 0.032, 0.033, 0.042, 0.032, 0.036, 0.031, 0.037, 0.048, 0.031, 0.04, 0.023, 0.045, 0.031, 0.038, 0.047, 0.044, 0.05, 0.05, 0.039, 0.055, 0.044, 0.049, 0.028, 0.044, 0.063, 0.042, 0.062, 0.041, 0.045, 0.051, 0.042, 0.061, 0.041, 0.053, 0.047, 0.047, 0.042, 0.052, 0.062, 0.07, 0.057, 0.043, 0.06, 0.056, 0.055, 0.061, 0.058, 0.055, 0.056, 0.055, 0.076, 0.05, 0.052, 0.071, 0.061, 0.057, 0.058, 0.071, 0.06, 0.069, 0.077, 0.066, 0.053, 0.064, 0.06, 0.061, 0.06, 0.068, 0.065, 0.066, 0.053, 0.058, 0.051, 0.048, 0.058, 0.061, 0.068, 0.075, 0.065, 0.056, 0.062, 0.057, 0.069, 0.05, 0.069, 0.071, 0.068, 0.058, 0.061, 0.067, 0.068, 0.074, 0.062, 0.074, 0.051, 0.062, 0.058, 0.052, 0.071, 0.057, 0.074, 0.075, 0.065, 0.073, 0.069, 0.075, 0.071, 0.067, 0.073, 0.067, 0.075, 0.076, 0.064, 0.083, 0.073, 0.072, 0.053]
Train Scores: [0.253, 0.293, 0.315, 0.283, 0.266, 0.253, 0.251, 0.246, 0.243, 0.244, 0.241, 0.242, 0.238, 0.245, 0.239, 0.239, 0.235, 0.237, 0.242, 0.235, 0.238, 0.235, 0.232, 0.238, 0.23, 0.234, 0.232, 0.24, 0.234, 0.224, 0.241, 0.241, 0.246, 0.246, 0.241, 0.245, 0.233, 0.246, 0.231, 0.246, 0.253, 0.24, 0.236, 0.249, 0.248, 0.243, 0.244, 0.247, 0.253, 0.256, 0.257, 0.241, 0.245, 0.243, 0.252, 0.254, 0.242, 0.249, 0.257, 0.249, 0.249, 0.259, 0.257, 0.254, 0.254, 0.255, 0.263, 0.254, 0.258, 0.268, 0.256, 0.261, 0.264, 0.262, 0.259, 0.263, 0.26, 0.265, 0.26, 0.267, 0.271, 0.261, 0.265, 0.254, 0.265, 0.261, 0.27, 0.275, 0.269, 0.267, 0.272, 0.264, 0.276, 0.265, 0.271, 0.256, 0.263, 0.272, 0.262, 0.278, 0.267, 0.271, 0.272, 0.262, 0.279, 0.27, 0.272, 0.269, 0.273, 0.263, 0.262, 0.284, 0.287, 0.272, 0.267, 0.275, 0.28, 0.275, 0.277, 0.275, 0.279, 0.271, 0.271, 0.289, 0.267, 0.275, 0.286, 0.276, 0.278, 0.278, 0.284, 0.277, 0.286, 0.285, 0.284, 0.277, 0.279, 0.279, 0.278, 0.273, 0.278, 0.277, 0.275, 0.272, 0.281, 0.271, 0.268, 0.277, 0.278, 0.281, 0.288, 0.28, 0.279, 0.283, 0.277, 0.278, 0.268, 0.284, 0.284, 0.285, 0.275, 0.277, 0.287, 0.276, 0.29, 0.279, 0.283, 0.272, 0.281, 0.274, 0.275, 0.288, 0.275, 0.289, 0.286, 0.286, 0.289, 0.29, 0.288, 0.285, 0.288, 0.285, 0.282, 0.287, 0.285, 0.279, 0.292, 0.281, 0.29, 0.275]
Train Scores w/o background: [0.061, 0.088, 0.105, 0.069, 0.045, 0.029, 0.024, 0.018, 0.012, 0.015, 0.01, 0.012, 0.007, 0.015, 0.008, 0.008, 0.003, 0.005, 0.012, 0.004, 0.007, 0.005, 0.001, 0.006, 0.004, 0.004, 0.005, 0.012, 0.002, 0.002, 0.013, 0.013, 0.021, 0.02, 0.014, 0.019, 0.011, 0.02, 0.018, 0.021, 0.03, 0.02, 0.025, 0.028, 0.026, 0.019, 0.021, 0.029, 0.029, 0.034, 0.036, 0.022, 0.026, 0.025, 0.033, 0.034, 0.026, 0.028, 0.034, 0.03, 0.029, 0.04, 0.034, 0.035, 0.044, 0.035, 0.044, 0.034, 0.041, 0.049, 0.042, 0.042, 0.048, 0.043, 0.043, 0.053, 0.046, 0.046, 0.041, 0.049, 0.054, 0.043, 0.054, 0.037, 0.048, 0.046, 0.053, 0.063, 0.055, 0.053, 0.059, 0.049, 0.059, 0.048, 0.058, 0.04, 0.05, 0.063, 0.052, 0.065, 0.049, 0.053, 0.057, 0.05, 0.064, 0.06, 0.054, 0.053, 0.058, 0.057, 0.055, 0.071, 0.072, 0.06, 0.051, 0.059, 0.065, 0.061, 0.062, 0.063, 0.066, 0.056, 0.064, 0.076, 0.056, 0.065, 0.07, 0.071, 0.066, 0.064, 0.071, 0.064, 0.074, 0.073, 0.073, 0.065, 0.069, 0.066, 0.07, 0.059, 0.065, 0.064, 0.059, 0.06, 0.064, 0.064, 0.05, 0.065, 0.063, 0.073, 0.076, 0.068, 0.064, 0.071, 0.063, 0.073, 0.059, 0.072, 0.07, 0.076, 0.064, 0.068, 0.073, 0.064, 0.077, 0.072, 0.071, 0.058, 0.066, 0.059, 0.064, 0.076, 0.058, 0.076, 0.075, 0.071, 0.077, 0.077, 0.075, 0.071, 0.077, 0.072, 0.071, 0.073, 0.077, 0.066, 0.079, 0.07, 0.076, 0.069]
Train Loss: [177.791, 138.821, 120.342, 105.69, 92.976, 80.727, 68.082, 55.346, 43.864, 35.392, 27.599, 20.911, 15.589, 11.838, 9.649, 8.535, 8.0, 7.699, 7.084, 6.968, 6.58, 6.414, 6.404, 6.478, 6.159, 6.045, 5.848, 5.885, 5.581, 5.393, 5.252, 5.042, 4.676, 4.529, 4.332, 4.159, 4.103, 4.196, 4.168, 4.323, 3.835, 3.587, 3.389, 3.225, 3.064, 2.817, 2.699, 2.651, 2.847, 2.588, 2.279, 2.295, 2.009, 1.996, 1.875, 1.805, 1.85, 1.863, 2.37, 2.241, 2.112, 1.881, 1.822, 1.911, 2.008, 1.641, 1.552, 1.543, 1.476, 1.382, 1.381, 1.264, 1.329, 1.293, 1.405, 1.534, 1.306, 1.252, 1.155, 1.094, 0.976, 0.924, 0.908, 0.902, 1.033, 1.104, 1.032, 1.067, 0.985, 0.95, 0.981, 1.071, 1.033, 1.129, 1.194, 1.099, 1.115, 1.29, 1.185, 1.044, 1.021, 0.84, 0.982, 0.991, 0.923, 0.948, 0.826, 0.847, 0.853, 0.931, 1.009, 1.054, 0.99, 0.933, 0.941, 0.899, 0.882, 0.779, 0.802, 0.828, 0.757, 0.74, 0.72, 0.69, 0.673, 0.729, 0.733, 0.679, 0.743, 0.72, 0.715, 0.69, 0.658, 0.625, 0.621, 0.57, 0.502, 0.515, 0.553, 0.585, 0.61, 0.71, 0.65, 0.652, 0.709, 0.638, 0.694, 0.647, 0.567, 0.561, 0.556, 0.552, 0.528, 0.526, 0.59, 0.594, 0.574, 0.673, 0.699, 0.656, 0.605, 0.667, 0.658, 0.606, 0.525, 0.546, 0.567, 0.543, 0.578, 0.509, 0.406, 0.342, 0.291, 0.247, 0.211, 0.191, 0.173, 0.169, 0.157, 0.152, 0.155, 0.146, 0.141, 0.143, 0.142, 0.13, 0.125, 0.114, 0.106, 0.108]
Test Loss: [178.436, 138.631, 120.057, 105.271, 92.498, 80.269, 67.622, 55.087, 43.708, 35.361, 27.827, 21.448, 16.164, 12.395, 10.673, 9.639, 9.473, 9.156, 8.759, 8.519, 7.926, 7.867, 7.781, 8.086, 7.835, 7.866, 7.561, 7.893, 8.14, 7.86, 7.893, 8.059, 7.991, 7.755, 7.864, 7.739, 7.377, 8.098, 7.931, 7.697, 7.327, 7.464, 7.808, 7.027, 7.45, 7.352, 7.279, 6.859, 6.742, 7.205, 6.781, 6.237, 6.452, 6.495, 6.013, 6.355, 6.302, 6.543, 6.81, 6.525, 6.485, 6.232, 6.438, 6.535, 6.441, 6.014, 5.883, 5.857, 6.09, 5.904, 5.681, 5.707, 5.517, 6.096, 5.701, 6.14, 5.954, 5.622, 5.604, 5.39, 5.714, 5.936, 5.65, 5.574, 5.248, 5.466, 5.47, 5.161, 5.426, 5.555, 5.072, 5.34, 4.998, 5.648, 5.476, 5.313, 5.398, 5.562, 5.597, 5.379, 5.586, 5.436, 5.045, 5.251, 5.383, 5.365, 4.999, 5.115, 4.983, 4.946, 5.17, 4.688, 5.155, 4.875, 5.168, 5.035, 5.029, 5.134, 5.201, 5.279, 5.278, 4.79, 4.841, 4.946, 5.253, 5.121, 4.821, 5.189, 4.934, 4.908, 4.677, 4.76, 5.176, 4.833, 4.782, 5.012, 4.987, 4.969, 4.928, 4.983, 4.835, 4.915, 4.65, 4.805, 4.986, 4.819, 5.14, 4.914, 4.664, 4.688, 4.795, 4.842, 4.951, 4.857, 4.9, 4.984, 4.866, 5.244, 4.716, 5.122, 4.834, 4.816, 5.141, 4.609, 4.524, 4.45, 4.906, 5.011, 5.247, 5.122, 4.87, 4.913, 4.789, 4.777, 4.866, 4.893, 4.801, 4.858, 4.88, 4.871, 4.877, 4.847, 4.851, 4.815, 4.834, 4.841, 4.862, 4.786, 4.868, 4.806]
Max test score: 0.315 found at epoch: 3
Max test score shapes: 0.105 found at epoch: 3
