seed 42
FullySupervisedPercentage: 0
logic loss multiplier: 0.01
Active: ImageLevelloss True True True 2 
Active: Relationsloss True 2 True 0.1 True 
Active: OneHotloss True 20 
Active: MinSizeBackgroundloss True 1 
Active: MaxSizeBackgroundloss True 20 
Active: MaxSizeShapesloss True 1 

Test Scores: [0.128, 0.217, 0.291, 0.304, 0.282, 0.289, 0.282, 0.28, 0.277, 0.263, 0.251, 0.264, 0.271, 0.274, 0.279, 0.27, 0.297, 0.295, 0.302, 0.301, 0.311, 0.307, 0.293, 0.3, 0.294, 0.303, 0.29, 0.333, 0.341, 0.346, 0.353, 0.373, 0.382, 0.388, 0.406, 0.417, 0.452, 0.438, 0.477, 0.513, 0.501, 0.553, 0.567, 0.567, 0.565, 0.566, 0.574, 0.601, 0.627, 0.65, 0.623, 0.61, 0.611, 0.648, 0.588, 0.641, 0.624, 0.652, 0.645, 0.644, 0.579, 0.696, 0.64, 0.647, 0.699, 0.703, 0.607, 0.649, 0.639, 0.693, 0.701, 0.604, 0.672, 0.69, 0.65, 0.705, 0.717, 0.66, 0.608, 0.68, 0.7, 0.684, 0.679, 0.667, 0.646, 0.667, 0.651, 0.65, 0.654, 0.637, 0.675, 0.701, 0.662, 0.676, 0.7, 0.683, 0.665, 0.61, 0.662, 0.622, 0.72, 0.686, 0.678, 0.645, 0.667, 0.686, 0.641, 0.691, 0.698, 0.721, 0.673, 0.691, 0.686, 0.634, 0.687, 0.686, 0.603, 0.65, 0.636, 0.623, 0.677, 0.679, 0.688, 0.673, 0.678, 0.623, 0.711, 0.639, 0.653, 0.592, 0.616, 0.7, 0.671, 0.706, 0.677, 0.674, 0.666, 0.622, 0.644, 0.609, 0.683, 0.693, 0.705, 0.701, 0.723, 0.711, 0.704, 0.63, 0.625, 0.664, 0.681, 0.649, 0.674, 0.703, 0.712, 0.704, 0.679, 0.651, 0.65, 0.673, 0.664, 0.655, 0.634, 0.632, 0.613, 0.654, 0.652, 0.676, 0.659, 0.651, 0.667, 0.674, 0.658, 0.638, 0.645, 0.629, 0.622, 0.611, 0.649, 0.681, 0.671, 0.653, 0.625, 0.626, 0.72, 0.72, 0.696, 0.716, 0.667, 0.646, 0.684, 0.633, 0.56, 0.665, 0.666, 0.663, 0.64, 0.666, 0.673, 0.699]
Test Scores w/o background: [0.024, 0.048, 0.094, 0.095, 0.069, 0.072, 0.062, 0.06, 0.056, 0.039, 0.024, 0.039, 0.046, 0.05, 0.056, 0.046, 0.083, 0.086, 0.092, 0.091, 0.102, 0.1, 0.079, 0.09, 0.081, 0.092, 0.076, 0.13, 0.145, 0.151, 0.156, 0.179, 0.19, 0.202, 0.226, 0.239, 0.281, 0.265, 0.313, 0.362, 0.343, 0.412, 0.429, 0.43, 0.426, 0.429, 0.436, 0.474, 0.507, 0.537, 0.503, 0.485, 0.486, 0.536, 0.456, 0.525, 0.504, 0.541, 0.531, 0.53, 0.444, 0.599, 0.524, 0.533, 0.604, 0.607, 0.481, 0.539, 0.523, 0.596, 0.605, 0.477, 0.567, 0.59, 0.539, 0.612, 0.627, 0.553, 0.482, 0.578, 0.603, 0.584, 0.576, 0.56, 0.532, 0.561, 0.541, 0.538, 0.543, 0.521, 0.572, 0.606, 0.554, 0.573, 0.604, 0.582, 0.56, 0.488, 0.554, 0.501, 0.631, 0.586, 0.575, 0.532, 0.561, 0.589, 0.528, 0.593, 0.602, 0.633, 0.569, 0.595, 0.588, 0.518, 0.589, 0.587, 0.477, 0.539, 0.521, 0.504, 0.575, 0.577, 0.589, 0.569, 0.577, 0.503, 0.619, 0.524, 0.543, 0.464, 0.495, 0.605, 0.567, 0.614, 0.576, 0.572, 0.563, 0.505, 0.534, 0.487, 0.585, 0.598, 0.614, 0.609, 0.637, 0.622, 0.612, 0.515, 0.508, 0.559, 0.581, 0.537, 0.572, 0.61, 0.622, 0.612, 0.579, 0.541, 0.54, 0.57, 0.558, 0.547, 0.522, 0.519, 0.494, 0.547, 0.545, 0.579, 0.556, 0.544, 0.565, 0.571, 0.55, 0.527, 0.536, 0.515, 0.507, 0.493, 0.542, 0.582, 0.569, 0.547, 0.509, 0.509, 0.633, 0.631, 0.6, 0.626, 0.562, 0.535, 0.585, 0.52, 0.423, 0.56, 0.56, 0.558, 0.532, 0.564, 0.573, 0.605]
Train Scores: [0.13, 0.216, 0.279, 0.299, 0.286, 0.293, 0.284, 0.284, 0.282, 0.267, 0.253, 0.265, 0.274, 0.285, 0.289, 0.277, 0.296, 0.286, 0.298, 0.294, 0.296, 0.315, 0.29, 0.284, 0.277, 0.292, 0.287, 0.345, 0.346, 0.37, 0.364, 0.401, 0.411, 0.421, 0.433, 0.455, 0.476, 0.472, 0.519, 0.545, 0.555, 0.609, 0.621, 0.65, 0.644, 0.622, 0.673, 0.693, 0.709, 0.745, 0.685, 0.694, 0.678, 0.694, 0.653, 0.755, 0.668, 0.72, 0.705, 0.716, 0.632, 0.761, 0.722, 0.693, 0.751, 0.752, 0.688, 0.703, 0.727, 0.738, 0.767, 0.677, 0.731, 0.738, 0.719, 0.733, 0.75, 0.679, 0.698, 0.712, 0.783, 0.739, 0.736, 0.715, 0.732, 0.717, 0.695, 0.704, 0.725, 0.704, 0.74, 0.746, 0.709, 0.716, 0.733, 0.713, 0.673, 0.678, 0.718, 0.683, 0.758, 0.742, 0.729, 0.689, 0.723, 0.729, 0.709, 0.736, 0.723, 0.765, 0.726, 0.725, 0.718, 0.655, 0.713, 0.74, 0.665, 0.704, 0.685, 0.672, 0.733, 0.729, 0.705, 0.701, 0.715, 0.703, 0.74, 0.692, 0.717, 0.648, 0.687, 0.738, 0.734, 0.731, 0.698, 0.71, 0.675, 0.628, 0.65, 0.666, 0.701, 0.719, 0.713, 0.716, 0.721, 0.716, 0.704, 0.665, 0.673, 0.722, 0.732, 0.717, 0.729, 0.732, 0.746, 0.732, 0.711, 0.72, 0.714, 0.722, 0.734, 0.716, 0.69, 0.662, 0.651, 0.695, 0.691, 0.69, 0.682, 0.677, 0.7, 0.733, 0.702, 0.642, 0.657, 0.655, 0.642, 0.627, 0.663, 0.695, 0.685, 0.674, 0.654, 0.679, 0.715, 0.76, 0.753, 0.753, 0.713, 0.703, 0.724, 0.678, 0.631, 0.7, 0.706, 0.703, 0.658, 0.683, 0.697, 0.699]
Train Scores w/o background: [0.025, 0.043, 0.077, 0.087, 0.073, 0.075, 0.065, 0.064, 0.062, 0.044, 0.025, 0.04, 0.05, 0.065, 0.07, 0.055, 0.08, 0.071, 0.085, 0.081, 0.08, 0.109, 0.074, 0.067, 0.058, 0.076, 0.071, 0.145, 0.148, 0.179, 0.17, 0.214, 0.227, 0.242, 0.26, 0.288, 0.313, 0.309, 0.37, 0.405, 0.416, 0.487, 0.502, 0.541, 0.532, 0.503, 0.569, 0.597, 0.617, 0.664, 0.585, 0.597, 0.576, 0.598, 0.543, 0.677, 0.563, 0.632, 0.611, 0.627, 0.515, 0.685, 0.633, 0.593, 0.673, 0.672, 0.589, 0.611, 0.641, 0.655, 0.693, 0.574, 0.646, 0.654, 0.631, 0.649, 0.671, 0.578, 0.602, 0.622, 0.714, 0.657, 0.653, 0.624, 0.647, 0.627, 0.599, 0.61, 0.638, 0.61, 0.657, 0.665, 0.617, 0.626, 0.649, 0.622, 0.571, 0.578, 0.629, 0.582, 0.682, 0.661, 0.642, 0.59, 0.637, 0.646, 0.618, 0.652, 0.636, 0.691, 0.64, 0.64, 0.631, 0.546, 0.625, 0.658, 0.56, 0.612, 0.587, 0.57, 0.65, 0.643, 0.612, 0.606, 0.625, 0.608, 0.658, 0.594, 0.629, 0.54, 0.589, 0.656, 0.651, 0.648, 0.604, 0.62, 0.576, 0.514, 0.541, 0.563, 0.609, 0.632, 0.624, 0.629, 0.635, 0.63, 0.613, 0.562, 0.572, 0.636, 0.649, 0.628, 0.645, 0.649, 0.668, 0.65, 0.622, 0.633, 0.625, 0.635, 0.651, 0.629, 0.596, 0.559, 0.545, 0.601, 0.596, 0.596, 0.586, 0.579, 0.609, 0.65, 0.61, 0.532, 0.553, 0.55, 0.535, 0.515, 0.562, 0.602, 0.589, 0.575, 0.548, 0.581, 0.627, 0.686, 0.676, 0.676, 0.624, 0.612, 0.639, 0.58, 0.517, 0.608, 0.615, 0.612, 0.556, 0.587, 0.606, 0.606]
Train Loss: [1.348, 0.953, 0.65, 0.497, 0.405, 0.326, 0.284, 0.256, 0.232, 0.21, 0.192, 0.178, 0.167, 0.159, 0.153, 0.148, 0.145, 0.142, 0.14, 0.137, 0.136, 0.133, 0.131, 0.128, 0.125, 0.121, 0.119, 0.113, 0.109, 0.101, 0.095, 0.089, 0.082, 0.075, 0.069, 0.063, 0.056, 0.049, 0.043, 0.041, 0.032, 0.024, 0.018, 0.014, 0.012, 0.012, 0.009, 0.007, 0.005, 0.007, 0.005, 0.005, 0.003, 0.005, 0.004, 0.004, 0.004, 0.002, 0.002, 0.002, 0.001, 0.001, 0.002, 0.001, 0.001, 0.001, 0.001, 0.002, 0.001, 0.001, 0.002, 0.002, 0.003, 0.001, 0.001, 0.001, 0.001, 0.001, 0.003, 0.002, 0.001, 0.0, 0.0, 0.0, 0.005, 0.001, 0.003, 0.006, 0.004, 0.0, 0.001, 0.001, 0.003, 0.003, 0.0, 0.001, 0.001, 0.001, 0.002, 0.001, 0.0, 0.001, 0.001, 0.002, 0.001, 0.001, 0.001, 0.002, 0.001, 0.001, 0.0, 0.002, 0.0, 0.004, 0.004, 0.0, 0.0, 0.001, 0.0, 0.0, 0.002, 0.001, 0.0, 0.0, 0.001, 0.0, 0.001, 0.001, 0.0, 0.0, 0.0, 0.0, 0.006, 0.007, 0.002, 0.001, 0.0, 0.002, 0.001, 0.0, 0.001, 0.0, 0.001, 0.001, 0.0, 0.001, 0.001, 0.001, 0.001, 0.001, 0.001, 0.0, 0.0, 0.002, 0.001, 0.0, 0.001, 0.001, 0.001, 0.001, 0.0, 0.0, 0.002, 0.0, 0.002, 0.002, 0.001, 0.0, 0.0, 0.0, 0.0, 0.0, 0.0, 0.002, 0.004, 0.0, 0.002, 0.0, 0.003, 0.003, 0.0, 0.0, inf, 0.002, 0.001, 0.001, 0.0, 0.0, inf, inf, 0.002, 0.004, inf, 0.002, 0.008, 0.0, inf, 0.001, inf, 0.001]
Max test score: 0.723 found at epoch: 145
Max test score shapes: 0.637 found at epoch: 145
Avg generalisation ratio: 0.916
Avg generalisation diff: 0.051