seed 42
FullySupervisedPercentage: 0
logic loss multiplier: 0.01
Active: Relationsloss True 2 True 0.1 True 
Active: MinSizeShapesloss True 30 

Test Scores: [0.088, 0.104, 0.128, 0.192, 0.25, 0.264, 0.264, 0.266, 0.268, 0.261, 0.27, 0.265, 0.256, 0.262, 0.257, 0.246, 0.249, 0.25, 0.246, 0.243, 0.235, 0.232, 0.232, 0.234, 0.232, 0.232, 0.232, 0.232, 0.232, 0.232, 0.232, 0.232, 0.232, 0.232, 0.23, 0.221, 0.22, 0.226, 0.23, 0.232, 0.232, 0.232, 0.232, 0.232, 0.232, 0.232, 0.232, 0.232, 0.232, 0.232, 0.232, 0.232, 0.232, 0.232, 0.232, 0.232, 0.232, 0.232, 0.232, 0.232, 0.232, 0.232, 0.232, 0.232, 0.232, 0.232, 0.232, 0.232, 0.232, 0.232, 0.232, 0.232, 0.232, 0.232, 0.232, 0.232, 0.232, 0.232, 0.232, 0.232, 0.232, 0.232, 0.232, 0.232, 0.232, 0.232, 0.232, 0.232, 0.232, 0.232, 0.232, 0.232, 0.232, 0.232, 0.232, 0.232, 0.232, 0.232, 0.232, 0.232, 0.232, 0.232, 0.232, 0.232, 0.232, 0.232, 0.232, 0.232, 0.232, 0.232, 0.232, 0.232, 0.232, 0.232, 0.232, 0.232, 0.232, 0.232, 0.232, 0.232, 0.232, 0.232, 0.232, 0.232, 0.232, 0.232, 0.232, 0.232, 0.232, 0.232, 0.232, 0.232, 0.232, 0.232, 0.232, 0.232, 0.232, 0.232, 0.232, 0.232, 0.232, 0.232, 0.232, 0.232, 0.232, 0.232, 0.232, 0.232, 0.232, 0.232, 0.232, 0.232, 0.232, 0.232, 0.232, 0.232, 0.232, 0.232, 0.232, 0.232, 0.232, 0.232, 0.232, 0.232, 0.232, 0.232, 0.232, 0.232, 0.232, 0.232, 0.232, 0.232, 0.232, 0.232, 0.232, 0.232, 0.232, 0.232, 0.232, 0.232, 0.232, 0.232, 0.232, 0.232, 0.232, 0.232, 0.232, 0.232, 0.232, 0.232, 0.232, 0.232, 0.232, 0.232, 0.232, 0.232, 0.232, 0.232, 0.232, 0.232]
Test Scores w/o background: [0.031, 0.014, 0.016, 0.016, 0.033, 0.046, 0.042, 0.045, 0.047, 0.038, 0.049, 0.043, 0.031, 0.039, 0.032, 0.018, 0.022, 0.023, 0.018, 0.014, 0.004, 0.001, 0.0, 0.003, 0.0, 0.0, 0.0, 0.0, 0.0, 0.0, 0.0, 0.0, 0.0, 0.0, 0.0, 0.0, 0.0, 0.0, 0.0, 0.0, 0.0, 0.0, 0.0, 0.0, 0.0, 0.0, 0.0, 0.0, 0.0, 0.0, 0.0, 0.0, 0.0, 0.0, 0.0, 0.0, 0.0, 0.0, 0.0, 0.0, 0.0, 0.0, 0.0, 0.0, 0.0, 0.0, 0.0, 0.0, 0.0, 0.0, 0.0, 0.0, 0.0, 0.0, 0.0, 0.0, 0.0, 0.0, 0.0, 0.0, 0.0, 0.0, 0.0, 0.0, 0.0, 0.0, 0.0, 0.0, 0.0, 0.0, 0.0, 0.0, 0.0, 0.0, 0.0, 0.0, 0.0, 0.0, 0.0, 0.0, 0.0, 0.0, 0.0, 0.0, 0.0, 0.0, 0.0, 0.0, 0.0, 0.0, 0.0, 0.0, 0.0, 0.0, 0.0, 0.0, 0.0, 0.0, 0.0, 0.0, 0.0, 0.0, 0.0, 0.0, 0.0, 0.0, 0.0, 0.0, 0.0, 0.0, 0.0, 0.0, 0.0, 0.0, 0.0, 0.0, 0.0, 0.0, 0.0, 0.0, 0.0, 0.0, 0.0, 0.0, 0.0, 0.0, 0.0, 0.0, 0.0, 0.0, 0.0, 0.0, 0.0, 0.0, 0.0, 0.0, 0.0, 0.0, 0.0, 0.0, 0.0, 0.0, 0.0, 0.0, 0.0, 0.0, 0.0, 0.0, 0.0, 0.0, 0.0, 0.0, 0.0, 0.0, 0.0, 0.0, 0.0, 0.0, 0.0, 0.0, 0.0, 0.0, 0.0, 0.0, 0.0, 0.0, 0.0, 0.0, 0.0, 0.0, 0.0, 0.0, 0.0, 0.0, 0.0, 0.0, 0.0, 0.0, 0.0, 0.0]
Train Scores: [0.084, 0.107, 0.128, 0.203, 0.246, 0.257, 0.259, 0.255, 0.256, 0.248, 0.262, 0.253, 0.246, 0.254, 0.248, 0.242, 0.242, 0.244, 0.241, 0.244, 0.236, 0.233, 0.233, 0.236, 0.233, 0.233, 0.233, 0.233, 0.233, 0.233, 0.233, 0.233, 0.233, 0.233, 0.231, 0.222, 0.221, 0.227, 0.231, 0.233, 0.233, 0.233, 0.233, 0.233, 0.233, 0.233, 0.233, 0.233, 0.233, 0.233, 0.233, 0.233, 0.233, 0.233, 0.233, 0.233, 0.233, 0.233, 0.233, 0.233, 0.233, 0.233, 0.233, 0.233, 0.233, 0.233, 0.233, 0.233, 0.233, 0.233, 0.233, 0.233, 0.233, 0.233, 0.233, 0.233, 0.233, 0.233, 0.233, 0.233, 0.233, 0.233, 0.233, 0.233, 0.233, 0.233, 0.233, 0.233, 0.233, 0.233, 0.233, 0.233, 0.233, 0.233, 0.233, 0.233, 0.233, 0.233, 0.233, 0.233, 0.233, 0.233, 0.233, 0.233, 0.233, 0.233, 0.233, 0.233, 0.233, 0.233, 0.233, 0.233, 0.233, 0.233, 0.233, 0.233, 0.233, 0.233, 0.233, 0.233, 0.233, 0.233, 0.233, 0.233, 0.233, 0.233, 0.233, 0.233, 0.233, 0.233, 0.233, 0.233, 0.233, 0.233, 0.233, 0.233, 0.233, 0.233, 0.233, 0.233, 0.233, 0.233, 0.233, 0.233, 0.233, 0.233, 0.233, 0.233, 0.233, 0.233, 0.233, 0.233, 0.233, 0.233, 0.233, 0.233, 0.233, 0.233, 0.233, 0.233, 0.233, 0.233, 0.233, 0.233, 0.233, 0.233, 0.233, 0.233, 0.233, 0.233, 0.233, 0.233, 0.233, 0.233, 0.233, 0.233, 0.233, 0.233, 0.233, 0.233, 0.233, 0.233, 0.233, 0.233, 0.233, 0.233, 0.233, 0.233, 0.233, 0.233, 0.233, 0.233, 0.233, 0.233, 0.233, 0.233, 0.233, 0.233, 0.233, 0.233]
Train Scores w/o background: [0.024, 0.017, 0.017, 0.032, 0.027, 0.035, 0.033, 0.03, 0.03, 0.02, 0.037, 0.025, 0.016, 0.027, 0.02, 0.012, 0.011, 0.014, 0.01, 0.014, 0.004, 0.001, 0.0, 0.004, 0.0, 0.0, 0.0, 0.0, 0.0, 0.0, 0.0, 0.0, 0.0, 0.0, 0.0, 0.0, 0.0, 0.0, 0.0, 0.0, 0.0, 0.0, 0.0, 0.0, 0.0, 0.0, 0.0, 0.0, 0.0, 0.0, 0.0, 0.0, 0.0, 0.0, 0.0, 0.0, 0.0, 0.0, 0.0, 0.0, 0.0, 0.0, 0.0, 0.0, 0.0, 0.0, 0.0, 0.0, 0.0, 0.0, 0.0, 0.0, 0.0, 0.0, 0.0, 0.0, 0.0, 0.0, 0.0, 0.0, 0.0, 0.0, 0.0, 0.0, 0.0, 0.0, 0.0, 0.0, 0.0, 0.0, 0.0, 0.0, 0.0, 0.0, 0.0, 0.0, 0.0, 0.0, 0.0, 0.0, 0.0, 0.0, 0.0, 0.0, 0.0, 0.0, 0.0, 0.0, 0.0, 0.0, 0.0, 0.0, 0.0, 0.0, 0.0, 0.0, 0.0, 0.0, 0.0, 0.0, 0.0, 0.0, 0.0, 0.0, 0.0, 0.0, 0.0, 0.0, 0.0, 0.0, 0.0, 0.0, 0.0, 0.0, 0.0, 0.0, 0.0, 0.0, 0.0, 0.0, 0.0, 0.0, 0.0, 0.0, 0.0, 0.0, 0.0, 0.0, 0.0, 0.0, 0.0, 0.0, 0.0, 0.0, 0.0, 0.0, 0.0, 0.0, 0.0, 0.0, 0.0, 0.0, 0.0, 0.0, 0.0, 0.0, 0.0, 0.0, 0.0, 0.0, 0.0, 0.0, 0.0, 0.0, 0.0, 0.0, 0.0, 0.0, 0.0, 0.0, 0.0, 0.0, 0.0, 0.0, 0.0, 0.0, 0.0, 0.0, 0.0, 0.0, 0.0, 0.0, 0.0, 0.0, 0.0, 0.0, 0.0, 0.0, 0.0, 0.0]
Train Loss: [0.549, 0.408, 0.351, 0.311, 0.284, 0.264, 0.247, 0.232, 0.217, 0.202, 0.187, 0.173, 0.159, 0.146, 0.134, 0.123, 0.112, 0.103, 0.095, 0.088, 0.081, 0.075, 0.068, 0.061, 0.055, 0.047, 0.039, 0.03, 0.021, 0.015, 0.01, 0.006, 0.004, 0.002, 0.001, 0.001, 0.0, 0.0, 0.0, 0.0, 0.0, 0.0, 0.0, 0.0, 0.0, 0.0, 0.0, 0.0, 0.0, 0.0, 0.0, 0.0, 0.0, 0.0, 0.0, 0.0, 0.0, 0.0, 0.0, 0.0, 0.0, 0.0, 0.0, 0.0, 0.0, 0.0, 0.0, 0.0, 0.0, 0.0, 0.0, 0.0, 0.0, 0.0, 0.0, 0.0, 0.0, 0.0, 0.0, 0.0, 0.0, 0.0, 0.0, 0.0, 0.0, 0.0, 0.0, 0.0, 0.0, 0.0, 0.0, 0.0, 0.0, 0.0, 0.0, 0.0, 0.0, 0.0, 0.0, 0.0, 0.0, 0.0, 0.0, 0.0, 0.0, 0.0, 0.0, 0.0, 0.0, 0.0, 0.0, 0.0, 0.0, 0.0, 0.0, 0.0, 0.0, 0.0, 0.0, 0.0, 0.0, 0.0, 0.0, 0.0, 0.0, 0.0, 0.0, 0.0, 0.0, 0.0, 0.0, 0.0, 0.0, 0.0, 0.0, 0.0, 0.0, 0.0, 0.0, 0.0, 0.0, 0.0, 0.0, 0.0, 0.0, 0.0, 0.0, 0.0, 0.0, 0.0, 0.0, 0.0, 0.0, 0.0, 0.0, 0.0, 0.0, 0.0, 0.0, 0.0, 0.0, 0.0, 0.0, 0.0, 0.0, 0.0, 0.0, 0.0, 0.0, 0.0, 0.0, 0.0, 0.0, 0.0, 0.0, 0.0, 0.0, 0.0, 0.0, 0.0, 0.0, 0.0, 0.0, 0.0, 0.0, 0.0, 0.0, 0.0, 0.0, 0.0, 0.0, 0.0, 0.0, 0.0, 0.0, 0.0, 0.0, 0.0, 0.0, 0.0]
Max test score: 0.27 found at epoch: 11
Max test score shapes: 0.049 found at epoch: 11
Avg generalisation ratio: 1.35
Avg generalisation diff: -0.001