seed 42
FullySupervisedPercentage: 0
logic loss multiplier: 0.01
Active: Relationsloss True 2 True 0.1 True 
Active: OneHotloss True 20 
Active: MinSizeBackgroundloss True 1 
Active: MaxSizeBackgroundloss True 20 
Active: MinSizeShapesloss True 30 
Active: MaxSizeShapesloss True 1 

Test Scores: [0.218, 0.247, 0.298, 0.312, 0.276, 0.269, 0.274, 0.257, 0.251, 0.261, 0.253, 0.242, 0.247, 0.254, 0.24, 0.242, 0.237, 0.24, 0.235, 0.232, 0.232, 0.232, 0.232, 0.232, 0.232, 0.232, 0.232, 0.232, 0.231, 0.231, 0.231, 0.231, 0.23, 0.23, 0.23, 0.23, 0.231, 0.23, 0.231, 0.231, 0.242, 0.272, 0.258, 0.268, 0.262, 0.256, 0.25, 0.244, 0.251, 0.266, 0.267, 0.255, 0.27, 0.274, 0.253, 0.278, 0.264, 0.272, 0.274, 0.267, 0.264, 0.266, 0.275, 0.294, 0.279, 0.276, 0.289, 0.311, 0.288, 0.293, 0.29, 0.296, 0.29, 0.293, 0.305, 0.299, 0.312, 0.328, 0.304, 0.287, 0.277, 0.265, 0.269, 0.256, 0.264, 0.279, 0.27, 0.292, 0.301, 0.297, 0.303, 0.312, 0.299, 0.332, 0.312, 0.3, 0.306, 0.317, 0.292, 0.299, 0.291, 0.312, 0.332, 0.297, 0.315, 0.312, 0.306, 0.305, 0.309, 0.281, 0.282, 0.289, 0.296, 0.282, 0.277, 0.27, 0.27, 0.279, 0.272, 0.286, 0.295, 0.319, 0.357, 0.321, 0.349, 0.358, 0.399, 0.422, 0.464, 0.423, 0.42, 0.429, 0.4, 0.384, 0.402, 0.394, 0.383, 0.373, 0.38, 0.376, 0.353, 0.395, 0.389, 0.405, 0.386, 0.391, 0.438, 0.378, 0.415, 0.472, 0.443, 0.369, 0.382, 0.464, 0.477, 0.463, 0.5, 0.424, 0.435, 0.462, 0.478, 0.452, 0.465, 0.451, 0.407, 0.397, 0.432, 0.447, 0.466, 0.433, 0.477, 0.444, 0.399, 0.443, 0.459, 0.426, 0.406, 0.362, 0.385, 0.4, 0.418, 0.403, 0.435, 0.465, 0.479, 0.428, 0.473, 0.469, 0.393, 0.473, 0.448, 0.422, 0.406, 0.41, 0.424, 0.455, 0.42, 0.391, 0.39, 0.375]
Test Scores w/o background: [0.06, 0.052, 0.075, 0.094, 0.056, 0.047, 0.053, 0.032, 0.023, 0.037, 0.027, 0.012, 0.019, 0.028, 0.01, 0.013, 0.007, 0.01, 0.005, 0.0, 0.0, 0.0, 0.0, 0.0, 0.0, 0.0, 0.0, 0.0, 0.0, 0.0, 0.0, 0.0, 0.0, 0.0, 0.0, 0.0, 0.0, 0.0, 0.001, 0.002, 0.014, 0.057, 0.036, 0.047, 0.041, 0.034, 0.026, 0.018, 0.03, 0.05, 0.051, 0.036, 0.055, 0.059, 0.033, 0.068, 0.046, 0.058, 0.06, 0.049, 0.046, 0.048, 0.061, 0.084, 0.065, 0.062, 0.079, 0.107, 0.077, 0.085, 0.081, 0.088, 0.079, 0.083, 0.099, 0.091, 0.108, 0.129, 0.097, 0.077, 0.064, 0.048, 0.053, 0.037, 0.048, 0.068, 0.055, 0.083, 0.096, 0.088, 0.095, 0.108, 0.09, 0.135, 0.108, 0.092, 0.101, 0.115, 0.082, 0.089, 0.08, 0.108, 0.133, 0.087, 0.112, 0.108, 0.101, 0.099, 0.103, 0.067, 0.069, 0.078, 0.087, 0.069, 0.062, 0.054, 0.056, 0.067, 0.057, 0.076, 0.087, 0.117, 0.168, 0.119, 0.155, 0.166, 0.219, 0.248, 0.305, 0.251, 0.247, 0.257, 0.222, 0.2, 0.225, 0.214, 0.2, 0.187, 0.196, 0.191, 0.161, 0.216, 0.207, 0.228, 0.203, 0.209, 0.27, 0.191, 0.24, 0.314, 0.277, 0.179, 0.195, 0.304, 0.32, 0.301, 0.349, 0.251, 0.266, 0.301, 0.322, 0.288, 0.305, 0.287, 0.229, 0.216, 0.261, 0.281, 0.306, 0.263, 0.321, 0.277, 0.219, 0.277, 0.298, 0.254, 0.23, 0.171, 0.201, 0.219, 0.243, 0.223, 0.266, 0.305, 0.323, 0.256, 0.316, 0.31, 0.211, 0.316, 0.283, 0.249, 0.228, 0.234, 0.252, 0.293, 0.247, 0.21, 0.209, 0.188]
Train Scores: [0.208, 0.243, 0.317, 0.328, 0.271, 0.265, 0.27, 0.255, 0.251, 0.259, 0.253, 0.243, 0.248, 0.254, 0.239, 0.242, 0.239, 0.239, 0.236, 0.233, 0.233, 0.233, 0.233, 0.233, 0.233, 0.233, 0.233, 0.233, 0.231, 0.231, 0.231, 0.231, 0.231, 0.231, 0.231, 0.231, 0.232, 0.231, 0.233, 0.234, 0.254, 0.296, 0.28, 0.282, 0.277, 0.268, 0.259, 0.254, 0.261, 0.278, 0.285, 0.275, 0.288, 0.295, 0.266, 0.285, 0.28, 0.289, 0.284, 0.282, 0.277, 0.284, 0.289, 0.316, 0.303, 0.292, 0.312, 0.321, 0.31, 0.305, 0.304, 0.314, 0.305, 0.313, 0.327, 0.316, 0.341, 0.346, 0.326, 0.305, 0.29, 0.28, 0.282, 0.262, 0.276, 0.296, 0.285, 0.311, 0.321, 0.321, 0.33, 0.334, 0.321, 0.357, 0.334, 0.318, 0.319, 0.332, 0.312, 0.318, 0.313, 0.321, 0.347, 0.316, 0.332, 0.328, 0.322, 0.318, 0.323, 0.292, 0.295, 0.303, 0.318, 0.301, 0.289, 0.282, 0.281, 0.29, 0.282, 0.3, 0.307, 0.333, 0.378, 0.347, 0.377, 0.384, 0.431, 0.462, 0.495, 0.462, 0.452, 0.449, 0.446, 0.422, 0.432, 0.426, 0.408, 0.403, 0.413, 0.399, 0.377, 0.421, 0.426, 0.432, 0.413, 0.43, 0.483, 0.424, 0.458, 0.518, 0.496, 0.409, 0.429, 0.497, 0.521, 0.497, 0.539, 0.459, 0.466, 0.494, 0.516, 0.488, 0.498, 0.486, 0.443, 0.427, 0.471, 0.475, 0.502, 0.459, 0.505, 0.478, 0.427, 0.459, 0.488, 0.438, 0.419, 0.37, 0.4, 0.421, 0.445, 0.428, 0.463, 0.481, 0.485, 0.438, 0.495, 0.491, 0.416, 0.503, 0.473, 0.453, 0.432, 0.427, 0.443, 0.488, 0.443, 0.409, 0.406, 0.387]
Train Scores w/o background: [0.044, 0.046, 0.1, 0.114, 0.048, 0.04, 0.046, 0.028, 0.022, 0.032, 0.025, 0.012, 0.018, 0.026, 0.008, 0.012, 0.008, 0.007, 0.005, 0.0, 0.0, 0.0, 0.0, 0.0, 0.0, 0.0, 0.0, 0.0, 0.0, 0.0, 0.0, 0.0, 0.0, 0.0, 0.0, 0.0, 0.0, 0.0, 0.002, 0.005, 0.029, 0.087, 0.065, 0.066, 0.06, 0.049, 0.037, 0.03, 0.042, 0.066, 0.074, 0.062, 0.079, 0.086, 0.049, 0.078, 0.068, 0.079, 0.073, 0.07, 0.062, 0.071, 0.08, 0.113, 0.097, 0.083, 0.109, 0.119, 0.105, 0.1, 0.098, 0.112, 0.098, 0.108, 0.127, 0.113, 0.146, 0.151, 0.125, 0.1, 0.08, 0.068, 0.07, 0.044, 0.063, 0.088, 0.073, 0.107, 0.12, 0.12, 0.131, 0.136, 0.118, 0.167, 0.136, 0.115, 0.117, 0.135, 0.108, 0.115, 0.109, 0.119, 0.152, 0.111, 0.134, 0.128, 0.12, 0.115, 0.122, 0.082, 0.086, 0.096, 0.116, 0.094, 0.077, 0.07, 0.068, 0.082, 0.071, 0.092, 0.102, 0.135, 0.194, 0.152, 0.191, 0.2, 0.262, 0.301, 0.345, 0.301, 0.289, 0.283, 0.281, 0.249, 0.264, 0.256, 0.231, 0.225, 0.238, 0.219, 0.191, 0.249, 0.254, 0.263, 0.239, 0.259, 0.328, 0.251, 0.295, 0.375, 0.346, 0.23, 0.256, 0.346, 0.377, 0.345, 0.4, 0.295, 0.305, 0.342, 0.37, 0.333, 0.348, 0.331, 0.275, 0.255, 0.312, 0.318, 0.353, 0.296, 0.356, 0.32, 0.255, 0.297, 0.335, 0.27, 0.246, 0.181, 0.221, 0.247, 0.278, 0.256, 0.301, 0.326, 0.33, 0.268, 0.344, 0.339, 0.239, 0.355, 0.315, 0.288, 0.261, 0.255, 0.275, 0.335, 0.276, 0.231, 0.228, 0.203]
Train Loss: [1.37, 1.023, 0.763, 0.592, 0.486, 0.401, 0.322, 0.281, 0.252, 0.225, 0.198, 0.173, 0.15, 0.131, 0.117, 0.105, 0.096, 0.088, 0.081, 0.076, 0.075, 0.075, 0.074, 0.074, 0.073, 0.073, 0.072, 0.07, 0.068, 0.064, 0.062, 0.06, 0.058, 0.055, 0.051, 0.05, 0.048, 0.046, 0.043, 0.04, 0.035, 0.031, 0.026, 0.021, 0.019, 0.016, 0.017, 0.014, 0.016, 0.013, 0.008, 0.008, 0.005, 0.005, 0.006, 0.008, 0.004, 0.003, 0.003, 0.003, 0.003, 0.01, 0.003, 0.005, 0.004, 0.001, 0.002, 0.001, 0.002, 0.002, 0.001, 0.003, 0.003, 0.004, 0.004, 0.0, 0.001, 0.002, 0.0, 0.002, 0.003, 0.002, 0.002, 0.005, 0.001, 0.0, 0.003, 0.003, 0.008, 0.003, 0.004, 0.008, 0.002, 0.001, 0.001, 0.002, 0.002, 0.001, 0.0, 0.003, 0.006, 0.002, 0.003, 0.006, 0.006, 0.0, 0.004, 0.002, 0.001, 0.004, 0.009, 0.011, 0.005, 0.002, 0.001, 0.002, 0.007, 0.009, 0.007, 0.004, 0.004, 0.006, 0.003, 0.001, 0.002, 0.002, 0.001, 0.0, 0.003, 0.001, 0.002, 0.002, 0.006, 0.003, 0.001, 0.001, 0.001, 0.005, 0.003, 0.001, 0.001, 0.003, 0.001, 0.004, 0.001, 0.004, 0.005, 0.006, 0.002, 0.003, 0.002, 0.004, 0.003, 0.004, 0.009, 0.002, 0.001, 0.0, 0.001, 0.002, 0.001, 0.003, 0.003, 0.003, 0.004, 0.002, 0.001, 0.0, 0.0, 0.0, 0.001, 0.0, 0.001, 0.0, 0.001, 0.001, 0.008, 0.006, 0.002, 0.004, 0.002, 0.003, 0.006, 0.005, 0.003, 0.002, 0.001, 0.001, 0.001, 0.0, 0.0, 0.001, 0.001, 0.002, 0.001, 0.002, 0.002, 0.017, 0.002, 0.006]
Max test score: 0.5 found at epoch: 157
Max test score shapes: 0.349 found at epoch: 157
Avg generalisation ratio: 0.84
Avg generalisation diff: 0.023