Active: Adjacencyloss True True 10 0.0001 
Active: OneHotloss True 20 
Active: MinSizeBackgroundloss True 1 
Active: MinSizeShapesloss True 30 
Active: Smoothnessloss True 100 

Test Scores: [0.241, 0.294, 0.295, 0.281, 0.271, 0.277, 0.276, 0.263, 0.265, 0.264, 0.246, 0.233, 0.223, 0.216, 0.21, 0.214, 0.213, 0.206, 0.208, 0.207, 0.211, 0.216, 0.206, 0.205, 0.193, 0.196, 0.174, 0.171, 0.167, 0.167, 0.18, 0.176, 0.178, 0.176, 0.184, 0.21, 0.229, 0.215, 0.212, 0.197, 0.209, 0.205, 0.199, 0.205, 0.198, 0.192, 0.203, 0.214, 0.204, 0.208, 0.228, 0.214, 0.231, 0.219, 0.22, 0.22, 0.216, 0.217, 0.216, 0.213, 0.206, 0.207, 0.205, 0.204, 0.206, 0.208, 0.209, 0.208, 0.211, 0.21, 0.205, 0.206, 0.206, 0.211, 0.213, 0.212, 0.21, 0.217, 0.218, 0.218, 0.218, 0.218, 0.218, 0.218, 0.218, 0.218, 0.219, 0.219, 0.219, 0.219, 0.219, 0.219, 0.219, 0.219, 0.219, 0.219, 0.219, 0.219, 0.219, 0.219, 0.219, 0.219, 0.219]
Test Scores w/o background: [0.052, 0.094, 0.094, 0.076, 0.061, 0.06, 0.059, 0.047, 0.046, 0.05, 0.04, 0.034, 0.03, 0.027, 0.026, 0.027, 0.026, 0.025, 0.025, 0.025, 0.026, 0.028, 0.024, 0.024, 0.017, 0.017, 0.006, 0.002, 0.001, 0.003, 0.004, 0.003, 0.003, 0.005, 0.012, 0.024, 0.03, 0.025, 0.023, 0.018, 0.023, 0.02, 0.018, 0.02, 0.019, 0.019, 0.023, 0.026, 0.023, 0.023, 0.029, 0.025, 0.03, 0.025, 0.024, 0.021, 0.018, 0.017, 0.014, 0.012, 0.009, 0.007, 0.003, 0.005, 0.003, 0.001, 0.0, 0.0, 0.0, 0.001, 0.001, 0.001, 0.001, 0.001, 0.001, 0.001, 0.001, 0.0, 0.0, 0.0, 0.0, 0.0, 0.0, 0.0, 0.0, 0.0, 0.0, 0.0, 0.0, 0.0, 0.0, 0.0, 0.0, 0.0, 0.0, 0.0, 0.0, 0.0, 0.0, 0.0, 0.0, 0.0, 0.0]
Train Scores: [0.247, 0.285, 0.285, 0.277, 0.277, 0.283, 0.281, 0.268, 0.27, 0.272, 0.253, 0.24, 0.228, 0.22, 0.214, 0.219, 0.218, 0.211, 0.213, 0.212, 0.215, 0.219, 0.207, 0.207, 0.192, 0.195, 0.172, 0.169, 0.165, 0.164, 0.178, 0.174, 0.177, 0.176, 0.186, 0.213, 0.235, 0.222, 0.219, 0.203, 0.214, 0.211, 0.204, 0.209, 0.202, 0.194, 0.204, 0.216, 0.205, 0.208, 0.229, 0.212, 0.232, 0.22, 0.222, 0.223, 0.219, 0.219, 0.219, 0.216, 0.209, 0.211, 0.208, 0.207, 0.208, 0.208, 0.208, 0.205, 0.21, 0.208, 0.202, 0.205, 0.204, 0.21, 0.212, 0.211, 0.21, 0.217, 0.219, 0.219, 0.219, 0.219, 0.219, 0.219, 0.219, 0.219, 0.22, 0.22, 0.22, 0.22, 0.22, 0.22, 0.22, 0.22, 0.22, 0.22, 0.22, 0.22, 0.22, 0.22, 0.22, 0.22, 0.22]
Train Scores w/o background: [0.059, 0.083, 0.08, 0.071, 0.069, 0.068, 0.066, 0.053, 0.054, 0.061, 0.048, 0.041, 0.035, 0.032, 0.03, 0.032, 0.031, 0.029, 0.03, 0.03, 0.03, 0.032, 0.027, 0.026, 0.018, 0.019, 0.006, 0.001, 0.001, 0.004, 0.005, 0.004, 0.004, 0.006, 0.015, 0.027, 0.036, 0.032, 0.03, 0.024, 0.029, 0.026, 0.023, 0.025, 0.024, 0.023, 0.027, 0.031, 0.027, 0.025, 0.032, 0.027, 0.032, 0.026, 0.026, 0.026, 0.023, 0.021, 0.018, 0.017, 0.013, 0.01, 0.005, 0.007, 0.004, 0.001, 0.0, 0.0, 0.0, 0.001, 0.002, 0.001, 0.002, 0.001, 0.001, 0.001, 0.001, 0.0, 0.0, 0.0, 0.0, 0.0, 0.0, 0.0, 0.0, 0.0, 0.0, 0.0, 0.0, 0.0, 0.0, 0.0, 0.0, 0.0, 0.0, 0.0, 0.0, 0.0, 0.0, 0.0, 0.0, 0.0, 0.0]
Train Loss: [70.402, 56.803, 50.57, 45.759, 41.249, 36.731, 32.137, 27.281, 22.213, 17.421, 13.63, 10.466, 7.99, 5.986, 4.434, 3.274, 2.415, 1.84, 1.385, 1.047, 0.812, 0.628, 0.504, 0.401, 0.335, 0.283, 0.25, 0.231, 0.213, 0.193, 0.182, 0.173, 0.169, 0.161, 0.167, 0.157, 0.153, 0.151, 0.149, 0.147, 0.165, 0.145, 0.143, 0.142, 0.141, 0.141, 0.147, 0.145, 0.139, 0.139, 0.138, 0.138, 0.137, 0.136, 0.136, 0.136, 0.136, 0.136, 0.136, 0.135, 0.135, 0.134, 0.136, 0.135, 0.134, 0.134, 0.133, 0.134, 0.133, 0.133, 0.133, 0.132, 0.132, 0.133, 0.136, 0.134, 0.132, 0.132, 0.13, 0.129, 0.129, 0.128, 0.127, 0.126, 0.123, 0.122, 0.107, 0.071, 0.063, 0.062, 0.06, 0.06, 0.06, 0.059, 0.059, 0.059, 0.059, 0.058, 0.056, 0.046, 0.046, 0.044, 0.049]
Test Loss: [70.847, 56.96, 50.669, 45.854, 41.326, 36.805, 32.222, 27.38, 22.331, 17.513, 13.725, 10.531, 8.026, 6.017, 4.465, 3.289, 2.421, 1.836, 1.38, 1.037, 0.819, 0.624, 0.494, 0.396, 0.328, 0.279, 0.245, 0.225, 0.21, 0.193, 0.18, 0.171, 0.169, 0.16, 0.158, 0.154, 0.152, 0.151, 0.147, 0.145, 0.173, 0.143, 0.143, 0.141, 0.139, 0.139, 0.147, 0.148, 0.138, 0.138, 0.138, 0.137, 0.136, 0.135, 0.135, 0.135, 0.134, 0.134, 0.135, 0.134, 0.134, 0.133, 0.135, 0.134, 0.133, 0.133, 0.132, 0.135, 0.132, 0.131, 0.132, 0.131, 0.131, 0.131, 0.135, 0.133, 0.131, 0.131, 0.13, 0.128, 0.128, 0.127, 0.126, 0.123, 0.122, 0.121, 0.107, 0.068, 0.061, 0.058, 0.057, 0.057, 0.057, 0.057, 0.057, 0.056, 0.056, 0.055, 0.051, 0.044, 0.044, 0.043, 0.048]
Max test score: 0.295 found at epoch: 3
Max test score shapes: 0.094 found at epoch: 2
