Active: ImageLevelloss True True False 2 
Active: Adjacencyloss True True 30 0.0001 
Active: OneHotloss True 20 
Active: MinSizeBackgroundloss True 1 

Test Scores: [0.242, 0.281, 0.306, 0.311, 0.292, 0.287, 0.268, 0.248, 0.247, 0.244, 0.239, 0.24, 0.238, 0.245, 0.239, 0.237, 0.242, 0.255, 0.254, 0.262, 0.258, 0.245, 0.247, 0.252, 0.254, 0.253, 0.255, 0.258, 0.251, 0.26, 0.261, 0.255, 0.258, 0.267, 0.259, 0.268, 0.272, 0.268, 0.264, 0.26, 0.264, 0.265, 0.258, 0.26, 0.265, 0.261, 0.271, 0.266, 0.255, 0.265, 0.265, 0.259, 0.259, 0.268, 0.268, 0.273, 0.269, 0.277, 0.268, 0.272, 0.276, 0.266, 0.266, 0.27, 0.27, 0.273, 0.279, 0.259, 0.268, 0.276, 0.271, 0.258, 0.27, 0.271, 0.265, 0.266, 0.269, 0.269, 0.272, 0.278, 0.28, 0.267, 0.275, 0.27, 0.261, 0.274, 0.278, 0.276, 0.277, 0.262, 0.283, 0.264, 0.271, 0.269, 0.279, 0.262, 0.27, 0.285, 0.267, 0.268, 0.269, 0.267, 0.263, 0.276, 0.279, 0.269, 0.267, 0.275, 0.266, 0.284, 0.275, 0.284, 0.278, 0.282, 0.28, 0.266, 0.286, 0.275, 0.276, 0.272, 0.275, 0.281, 0.273, 0.275, 0.265, 0.276, 0.281, 0.287, 0.262, 0.275, 0.278, 0.279, 0.278, 0.28, 0.285, 0.277, 0.272, 0.265, 0.284, 0.276, 0.29, 0.266, 0.279, 0.273, 0.273, 0.279, 0.273, 0.285, 0.29, 0.283, 0.288, 0.281, 0.276, 0.272, 0.282, 0.274, 0.278, 0.283, 0.282, 0.289, 0.279, 0.271, 0.281, 0.27, 0.283, 0.275, 0.283, 0.267, 0.285, 0.281, 0.284, 0.279, 0.287, 0.289, 0.292, 0.287, 0.288, 0.286, 0.284, 0.286, 0.289, 0.284, 0.29, 0.291, 0.284, 0.274, 0.278, 0.288, 0.294, 0.28, 0.285, 0.276, 0.272, 0.273, 0.285, 0.294, 0.27, 0.288, 0.286, 0.275, 0.281, 0.289, 0.272, 0.285, 0.281, 0.266, 0.274, 0.288, 0.266, 0.288, 0.28, 0.28, 0.279, 0.283, 0.279, 0.285, 0.29, 0.285, 0.293, 0.285, 0.28, 0.276, 0.268, 0.294, 0.282, 0.285, 0.287, 0.28, 0.282, 0.28, 0.283, 0.282, 0.284, 0.279, 0.285, 0.284, 0.284, 0.276, 0.282, 0.275, 0.297, 0.288, 0.274, 0.264, 0.284, 0.285, 0.291, 0.289, 0.279, 0.271, 0.28, 0.281, 0.277, 0.286, 0.28, 0.274, 0.275, 0.281, 0.272, 0.286, 0.288, 0.288, 0.274, 0.281, 0.282, 0.284, 0.278, 0.274, 0.281, 0.281, 0.275, 0.283, 0.279, 0.286, 0.284, 0.274, 0.285, 0.28, 0.279, 0.271, 0.281, 0.28, 0.283, 0.281, 0.271, 0.28, 0.27, 0.274, 0.281, 0.267, 0.289, 0.282, 0.282, 0.29, 0.281, 0.282, 0.279, 0.276, 0.276, 0.279]
Test Scores w/o background: [0.048, 0.074, 0.096, 0.109, 0.08, 0.07, 0.049, 0.025, 0.021, 0.016, 0.009, 0.01, 0.008, 0.019, 0.011, 0.008, 0.013, 0.028, 0.027, 0.038, 0.029, 0.016, 0.018, 0.024, 0.027, 0.026, 0.028, 0.031, 0.023, 0.033, 0.036, 0.027, 0.034, 0.045, 0.037, 0.046, 0.048, 0.048, 0.042, 0.037, 0.046, 0.044, 0.034, 0.041, 0.045, 0.04, 0.053, 0.047, 0.033, 0.049, 0.042, 0.034, 0.036, 0.047, 0.047, 0.047, 0.052, 0.056, 0.049, 0.055, 0.059, 0.047, 0.045, 0.047, 0.05, 0.053, 0.061, 0.042, 0.047, 0.061, 0.052, 0.037, 0.051, 0.052, 0.046, 0.046, 0.05, 0.056, 0.057, 0.061, 0.066, 0.052, 0.06, 0.056, 0.043, 0.059, 0.062, 0.061, 0.063, 0.046, 0.071, 0.048, 0.055, 0.054, 0.065, 0.05, 0.055, 0.075, 0.053, 0.052, 0.054, 0.052, 0.049, 0.061, 0.064, 0.055, 0.054, 0.061, 0.05, 0.071, 0.063, 0.07, 0.063, 0.07, 0.067, 0.052, 0.073, 0.063, 0.061, 0.058, 0.062, 0.067, 0.059, 0.062, 0.052, 0.061, 0.066, 0.074, 0.044, 0.06, 0.064, 0.066, 0.066, 0.066, 0.075, 0.065, 0.057, 0.051, 0.074, 0.064, 0.081, 0.051, 0.067, 0.058, 0.06, 0.066, 0.06, 0.075, 0.079, 0.071, 0.076, 0.067, 0.063, 0.059, 0.071, 0.061, 0.063, 0.071, 0.073, 0.08, 0.066, 0.06, 0.068, 0.058, 0.069, 0.062, 0.073, 0.05, 0.074, 0.07, 0.071, 0.067, 0.076, 0.081, 0.082, 0.076, 0.076, 0.074, 0.071, 0.075, 0.078, 0.073, 0.08, 0.082, 0.073, 0.062, 0.063, 0.079, 0.084, 0.068, 0.072, 0.062, 0.06, 0.06, 0.073, 0.084, 0.055, 0.076, 0.074, 0.062, 0.071, 0.079, 0.059, 0.071, 0.067, 0.05, 0.06, 0.077, 0.052, 0.075, 0.068, 0.066, 0.066, 0.071, 0.068, 0.073, 0.079, 0.075, 0.081, 0.07, 0.066, 0.062, 0.057, 0.084, 0.07, 0.077, 0.074, 0.073, 0.068, 0.072, 0.071, 0.071, 0.072, 0.068, 0.071, 0.071, 0.07, 0.066, 0.07, 0.062, 0.086, 0.077, 0.06, 0.05, 0.073, 0.075, 0.081, 0.076, 0.065, 0.061, 0.067, 0.069, 0.062, 0.073, 0.067, 0.061, 0.063, 0.07, 0.056, 0.075, 0.076, 0.077, 0.061, 0.067, 0.07, 0.073, 0.065, 0.057, 0.069, 0.066, 0.062, 0.072, 0.065, 0.074, 0.071, 0.057, 0.072, 0.066, 0.068, 0.058, 0.072, 0.066, 0.07, 0.068, 0.057, 0.068, 0.057, 0.061, 0.069, 0.054, 0.077, 0.069, 0.068, 0.08, 0.07, 0.071, 0.066, 0.062, 0.064, 0.068]
Train Scores: [0.249, 0.288, 0.307, 0.299, 0.297, 0.29, 0.273, 0.249, 0.247, 0.245, 0.238, 0.239, 0.239, 0.245, 0.239, 0.238, 0.249, 0.261, 0.266, 0.27, 0.27, 0.257, 0.257, 0.261, 0.262, 0.265, 0.261, 0.269, 0.264, 0.271, 0.268, 0.266, 0.269, 0.276, 0.27, 0.277, 0.286, 0.277, 0.273, 0.269, 0.274, 0.271, 0.272, 0.267, 0.28, 0.269, 0.281, 0.274, 0.265, 0.265, 0.277, 0.274, 0.274, 0.276, 0.281, 0.291, 0.276, 0.284, 0.273, 0.283, 0.289, 0.284, 0.29, 0.292, 0.29, 0.286, 0.296, 0.273, 0.29, 0.292, 0.29, 0.278, 0.29, 0.293, 0.28, 0.289, 0.285, 0.284, 0.292, 0.296, 0.299, 0.287, 0.294, 0.293, 0.28, 0.297, 0.295, 0.293, 0.3, 0.283, 0.3, 0.28, 0.297, 0.293, 0.298, 0.282, 0.29, 0.301, 0.287, 0.287, 0.287, 0.286, 0.279, 0.294, 0.295, 0.29, 0.282, 0.294, 0.284, 0.303, 0.299, 0.306, 0.297, 0.306, 0.3, 0.287, 0.304, 0.302, 0.3, 0.295, 0.292, 0.302, 0.297, 0.297, 0.288, 0.297, 0.307, 0.31, 0.283, 0.295, 0.305, 0.304, 0.298, 0.303, 0.305, 0.301, 0.299, 0.29, 0.306, 0.296, 0.31, 0.283, 0.296, 0.298, 0.29, 0.3, 0.3, 0.303, 0.307, 0.306, 0.309, 0.302, 0.298, 0.298, 0.305, 0.297, 0.302, 0.304, 0.299, 0.308, 0.303, 0.297, 0.303, 0.291, 0.31, 0.305, 0.308, 0.289, 0.302, 0.303, 0.309, 0.301, 0.307, 0.309, 0.311, 0.306, 0.308, 0.307, 0.308, 0.307, 0.309, 0.307, 0.308, 0.311, 0.306, 0.293, 0.304, 0.307, 0.31, 0.296, 0.308, 0.297, 0.299, 0.296, 0.308, 0.311, 0.291, 0.311, 0.308, 0.299, 0.305, 0.305, 0.299, 0.308, 0.309, 0.292, 0.301, 0.313, 0.291, 0.311, 0.306, 0.306, 0.305, 0.308, 0.3, 0.306, 0.31, 0.308, 0.312, 0.31, 0.304, 0.303, 0.293, 0.313, 0.305, 0.305, 0.311, 0.302, 0.308, 0.297, 0.309, 0.305, 0.306, 0.304, 0.308, 0.308, 0.308, 0.304, 0.309, 0.305, 0.314, 0.311, 0.301, 0.292, 0.306, 0.307, 0.311, 0.313, 0.303, 0.292, 0.308, 0.305, 0.302, 0.311, 0.307, 0.297, 0.302, 0.31, 0.294, 0.309, 0.312, 0.308, 0.301, 0.302, 0.307, 0.31, 0.304, 0.303, 0.309, 0.305, 0.302, 0.308, 0.304, 0.31, 0.309, 0.302, 0.312, 0.307, 0.301, 0.301, 0.304, 0.307, 0.31, 0.308, 0.3, 0.305, 0.3, 0.3, 0.309, 0.296, 0.313, 0.307, 0.307, 0.315, 0.306, 0.309, 0.303, 0.303, 0.304, 0.306]
Train Scores w/o background: [0.058, 0.083, 0.098, 0.093, 0.087, 0.074, 0.055, 0.026, 0.021, 0.016, 0.007, 0.008, 0.007, 0.017, 0.01, 0.008, 0.021, 0.035, 0.042, 0.047, 0.046, 0.032, 0.031, 0.036, 0.035, 0.04, 0.035, 0.044, 0.038, 0.048, 0.043, 0.042, 0.047, 0.054, 0.05, 0.057, 0.066, 0.058, 0.053, 0.047, 0.057, 0.054, 0.052, 0.051, 0.064, 0.048, 0.068, 0.059, 0.044, 0.048, 0.058, 0.053, 0.056, 0.059, 0.063, 0.073, 0.062, 0.065, 0.056, 0.07, 0.076, 0.071, 0.076, 0.078, 0.078, 0.072, 0.085, 0.06, 0.077, 0.083, 0.079, 0.062, 0.078, 0.082, 0.067, 0.077, 0.072, 0.075, 0.083, 0.085, 0.093, 0.079, 0.085, 0.087, 0.068, 0.091, 0.086, 0.085, 0.094, 0.075, 0.095, 0.071, 0.09, 0.087, 0.092, 0.075, 0.083, 0.096, 0.081, 0.079, 0.078, 0.078, 0.071, 0.087, 0.087, 0.084, 0.074, 0.089, 0.075, 0.098, 0.097, 0.101, 0.089, 0.103, 0.094, 0.079, 0.098, 0.099, 0.095, 0.089, 0.085, 0.096, 0.092, 0.09, 0.083, 0.09, 0.102, 0.107, 0.074, 0.089, 0.101, 0.102, 0.094, 0.097, 0.101, 0.098, 0.093, 0.083, 0.103, 0.091, 0.108, 0.073, 0.09, 0.091, 0.083, 0.096, 0.097, 0.1, 0.101, 0.103, 0.105, 0.097, 0.092, 0.094, 0.102, 0.093, 0.097, 0.101, 0.097, 0.106, 0.099, 0.093, 0.098, 0.085, 0.107, 0.103, 0.106, 0.081, 0.098, 0.101, 0.107, 0.097, 0.104, 0.109, 0.108, 0.102, 0.105, 0.103, 0.105, 0.105, 0.106, 0.105, 0.105, 0.11, 0.103, 0.089, 0.1, 0.105, 0.106, 0.092, 0.105, 0.091, 0.095, 0.091, 0.105, 0.109, 0.083, 0.108, 0.105, 0.095, 0.104, 0.101, 0.096, 0.104, 0.106, 0.086, 0.098, 0.111, 0.086, 0.108, 0.104, 0.102, 0.103, 0.105, 0.097, 0.102, 0.108, 0.107, 0.108, 0.105, 0.1, 0.098, 0.09, 0.111, 0.102, 0.102, 0.108, 0.101, 0.104, 0.094, 0.107, 0.103, 0.102, 0.103, 0.104, 0.107, 0.103, 0.102, 0.108, 0.102, 0.112, 0.108, 0.097, 0.088, 0.103, 0.104, 0.108, 0.109, 0.099, 0.088, 0.105, 0.103, 0.097, 0.108, 0.106, 0.091, 0.099, 0.109, 0.087, 0.107, 0.11, 0.106, 0.098, 0.096, 0.104, 0.108, 0.102, 0.097, 0.107, 0.099, 0.099, 0.107, 0.101, 0.107, 0.106, 0.095, 0.109, 0.104, 0.098, 0.098, 0.103, 0.104, 0.108, 0.107, 0.096, 0.102, 0.097, 0.096, 0.108, 0.092, 0.111, 0.105, 0.102, 0.113, 0.105, 0.109, 0.1, 0.098, 0.103, 0.104]
Train Loss: [192.26, 152.285, 133.678, 118.801, 105.69, 93.139, 80.128, 66.798, 54.587, 45.368, 36.969, 29.289, 22.758, 17.619, 14.056, 11.976, 10.861, 10.194, 9.778, 9.481, 9.205, 8.956, 8.512, 8.378, 8.077, 8.099, 7.727, 7.684, 7.405, 7.16, 7.016, 6.985, 6.886, 6.811, 6.797, 6.972, 6.632, 6.548, 6.522, 6.295, 6.168, 5.772, 5.73, 5.461, 5.359, 5.287, 5.099, 4.974, 4.719, 4.724, 4.667, 4.556, 4.392, 4.091, 3.876, 3.681, 3.859, 3.947, 3.859, 3.648, 3.447, 3.356, 3.249, 3.043, 2.789, 2.78, 2.721, 2.723, 2.741, 2.8, 2.608, 2.736, 2.65, 2.485, 2.342, 2.262, 2.354, 2.195, 2.206, 2.214, 2.108, 2.187, 2.088, 2.137, 2.026, 2.11, 1.921, 1.991, 1.837, 1.879, 1.769, 1.932, 1.737, 1.779, 1.836, 1.797, 1.764, 1.727, 1.712, 1.734, 1.631, 1.595, 1.672, 1.735, 1.604, 1.567, 1.588, 1.575, 1.543, 1.581, 1.391, 1.292, 1.377, 1.394, 1.312, 1.312, 1.325, 1.391, 1.395, 1.387, 1.324, 1.407, 1.34, 1.403, 1.361, 1.281, 1.209, 1.184, 1.151, 1.094, 1.202, 1.159, 1.177, 1.081, 1.024, 0.943, 0.969, 1.089, 0.964, 0.952, 0.998, 0.948, 1.051, 1.044, 0.974, 0.945, 0.986, 0.922, 0.923, 0.939, 0.92, 1.0, 0.978, 0.987, 0.927, 0.859, 0.865, 0.864, 0.813, 0.749, 0.738, 0.815, 0.981, 0.948, 0.897, 0.879, 0.804, 0.831, 0.835, 0.838, 0.828, 0.757, 0.682, 0.639, 0.685, 0.727, 0.74, 0.753, 0.724, 0.644, 0.691, 0.709, 0.658, 0.683, 0.756, 0.715, 0.71, 0.674, 0.673, 0.628, 0.635, 0.642, 0.639, 0.667, 0.719, 0.751, 0.678, 0.608, 0.65, 0.673, 0.616, 0.624, 0.57, 0.573, 0.593, 0.585, 0.626, 0.648, 0.624, 0.589, 0.523, 0.486, 0.504, 0.524, 0.53, 0.562, 0.562, 0.542, 0.542, 0.539, 0.568, 0.602, 0.593, 0.575, 0.554, 0.517, 0.526, 0.538, 0.496, 0.464, 0.489, 0.539, 0.542, 0.546, 0.494, 0.479, 0.443, 0.425, 0.421, 0.422, 0.428, 0.44, 0.444, 0.443, 0.441, 0.461, 0.436, 0.439, 0.448, 0.434, 0.462, 0.45, 0.415, 0.386, 0.433, 0.413, 0.423, 0.447, 0.46, 0.423, 0.424, 0.425, 0.398, 0.387, 0.389, 0.413, 0.416, 0.393, 0.39, 0.41, 0.407, 0.419, 0.391, 0.366, 0.402, 0.412, 0.417, 0.405, 0.415, 0.443, 0.442, 0.439, 0.418, 0.426, 0.466, 0.442, 0.439, 0.392, 0.357, 0.396, 0.438, 0.438, 0.435, 0.429, 0.422, 0.434, 0.47, 0.466, 0.428, 0.407]
Test Loss: [192.931, 152.103, 133.376, 118.325, 105.29, 92.73, 79.754, 66.43, 54.2, 45.245, 37.16, 29.913, 23.563, 18.437, 15.151, 13.465, 12.558, 12.112, 12.105, 11.906, 11.962, 11.616, 11.514, 11.115, 11.176, 10.958, 10.847, 10.993, 10.896, 10.527, 10.659, 10.381, 10.328, 10.382, 10.367, 10.019, 9.553, 9.252, 10.062, 10.078, 9.826, 9.893, 9.854, 10.004, 9.902, 8.731, 9.585, 9.18, 9.47, 9.311, 9.302, 9.158, 9.448, 8.894, 9.372, 8.937, 8.668, 8.698, 8.91, 8.631, 8.612, 8.298, 8.784, 8.013, 8.048, 8.068, 8.047, 8.064, 7.917, 8.169, 7.69, 8.311, 8.12, 8.217, 7.999, 7.72, 8.028, 7.793, 7.696, 7.764, 7.858, 7.561, 7.668, 7.835, 7.502, 7.762, 7.622, 7.84, 7.333, 7.281, 7.179, 7.516, 7.243, 7.504, 7.32, 7.093, 7.109, 7.491, 7.009, 7.558, 7.538, 7.194, 7.827, 7.29, 7.389, 7.222, 6.754, 7.06, 7.637, 6.841, 6.885, 6.966, 6.972, 7.028, 6.707, 6.902, 7.368, 7.322, 6.921, 7.173, 6.995, 6.707, 7.056, 7.069, 6.728, 7.068, 7.01, 6.497, 6.554, 7.029, 7.319, 6.594, 6.723, 7.217, 6.453, 6.374, 6.922, 6.931, 7.074, 6.559, 6.547, 6.748, 6.838, 6.599, 6.371, 6.539, 6.781, 6.608, 6.389, 6.614, 6.495, 6.402, 6.718, 6.668, 6.473, 6.842, 6.509, 6.874, 6.373, 6.514, 6.257, 6.437, 6.556, 6.557, 6.268, 6.193, 5.926, 5.944, 6.346, 6.397, 6.149, 6.026, 6.361, 6.294, 6.078, 5.876, 5.967, 6.333, 6.052, 5.982, 6.715, 6.178, 6.194, 6.022, 6.75, 6.435, 6.226, 6.164, 6.209, 6.445, 6.179, 6.426, 6.15, 6.01, 6.475, 6.261, 5.951, 6.39, 6.02, 6.188, 5.897, 6.19, 6.126, 6.317, 6.014, 5.844, 6.546, 5.905, 5.877, 6.075, 6.153, 5.915, 6.124, 5.825, 5.765, 5.94, 6.053, 5.861, 5.985, 6.541, 6.217, 6.184, 5.749, 6.212, 6.045, 5.983, 6.131, 5.968, 5.978, 5.995, 6.069, 5.964, 5.865, 5.626, 6.197, 6.026, 6.076, 5.708, 5.947, 6.075, 5.847, 5.784, 5.671, 5.972, 6.021, 5.994, 5.753, 6.006, 5.882, 6.222, 5.766, 5.821, 6.005, 5.946, 5.721, 5.479, 5.899, 5.987, 6.005, 5.898, 6.055, 5.921, 5.817, 6.118, 5.673, 5.839, 5.845, 5.709, 5.988, 5.941, 5.787, 5.518, 5.784, 5.837, 6.036, 5.99, 5.899, 5.779, 5.728, 6.273, 6.28, 6.003, 6.164, 5.924, 6.587, 5.631, 6.106, 5.56, 5.693, 6.246, 5.784, 5.84, 5.977, 5.805, 5.646, 5.633, 6.243, 6.003, 5.614, 5.932]
Max test score: 0.311 found at epoch: 4
Max test score shapes: 0.109 found at epoch: 4
