Active: Adjacencyloss True False 10 0.0001 
Active: MinSizeBackgroundloss True 1 
Active: MinSizeShapesloss True 30 

Test Scores: [0.242, 0.286, 0.306, 0.278, 0.263, 0.255, 0.255, 0.249, 0.25, 0.252, 0.246, 0.25, 0.25, 0.258, 0.251, 0.25, 0.251, 0.251, 0.251, 0.251, 0.246, 0.251, 0.25, 0.251, 0.249, 0.25, 0.253, 0.249, 0.248, 0.249, 0.254, 0.251, 0.251, 0.252, 0.256, 0.25, 0.247, 0.251, 0.251, 0.251, 0.249, 0.252, 0.249, 0.251, 0.249, 0.252, 0.251, 0.253, 0.25, 0.251, 0.25, 0.248, 0.251, 0.251, 0.251, 0.246, 0.251, 0.251, 0.258, 0.251, 0.251, 0.251, 0.249, 0.251, 0.248, 0.25, 0.245, 0.252, 0.251, 0.251, 0.251, 0.248, 0.251, 0.249, 0.251, 0.245, 0.248, 0.251, 0.251, 0.242, 0.252, 0.251, 0.251, 0.251, 0.251, 0.249, 0.246, 0.25, 0.251, 0.259, 0.251, 0.249, 0.248, 0.252, 0.252, 0.251, 0.251, 0.251, 0.244, 0.251, 0.247, 0.251, 0.249]
Test Scores w/o background: [0.048, 0.081, 0.095, 0.066, 0.043, 0.032, 0.031, 0.024, 0.025, 0.026, 0.018, 0.024, 0.025, 0.037, 0.026, 0.024, 0.025, 0.026, 0.026, 0.026, 0.018, 0.025, 0.024, 0.025, 0.023, 0.023, 0.029, 0.022, 0.02, 0.022, 0.031, 0.026, 0.025, 0.027, 0.033, 0.024, 0.02, 0.026, 0.025, 0.026, 0.023, 0.027, 0.023, 0.026, 0.023, 0.026, 0.025, 0.028, 0.024, 0.026, 0.025, 0.021, 0.025, 0.026, 0.026, 0.018, 0.025, 0.026, 0.036, 0.026, 0.026, 0.026, 0.022, 0.026, 0.022, 0.024, 0.017, 0.027, 0.026, 0.025, 0.026, 0.02, 0.025, 0.023, 0.026, 0.016, 0.021, 0.027, 0.026, 0.013, 0.026, 0.026, 0.026, 0.026, 0.025, 0.022, 0.018, 0.024, 0.026, 0.037, 0.026, 0.023, 0.02, 0.026, 0.028, 0.026, 0.026, 0.026, 0.016, 0.026, 0.02, 0.025, 0.023]
Train Scores: [0.25, 0.292, 0.31, 0.273, 0.267, 0.259, 0.256, 0.254, 0.252, 0.255, 0.244, 0.251, 0.252, 0.256, 0.254, 0.252, 0.253, 0.254, 0.256, 0.255, 0.245, 0.253, 0.251, 0.252, 0.25, 0.25, 0.256, 0.249, 0.248, 0.249, 0.256, 0.254, 0.254, 0.256, 0.257, 0.251, 0.247, 0.255, 0.252, 0.254, 0.25, 0.256, 0.25, 0.254, 0.25, 0.255, 0.253, 0.256, 0.252, 0.255, 0.253, 0.248, 0.252, 0.255, 0.256, 0.244, 0.253, 0.254, 0.256, 0.254, 0.256, 0.254, 0.25, 0.254, 0.249, 0.251, 0.245, 0.256, 0.256, 0.252, 0.255, 0.248, 0.253, 0.25, 0.255, 0.243, 0.247, 0.256, 0.256, 0.241, 0.255, 0.255, 0.254, 0.254, 0.252, 0.249, 0.245, 0.252, 0.256, 0.257, 0.254, 0.25, 0.248, 0.256, 0.255, 0.254, 0.253, 0.256, 0.243, 0.254, 0.246, 0.253, 0.25]
Train Scores w/o background: [0.058, 0.09, 0.101, 0.059, 0.047, 0.036, 0.031, 0.028, 0.025, 0.029, 0.015, 0.024, 0.025, 0.032, 0.027, 0.024, 0.026, 0.027, 0.031, 0.029, 0.015, 0.026, 0.024, 0.025, 0.022, 0.023, 0.032, 0.021, 0.019, 0.021, 0.032, 0.027, 0.027, 0.03, 0.032, 0.024, 0.018, 0.028, 0.025, 0.027, 0.022, 0.03, 0.022, 0.028, 0.022, 0.028, 0.027, 0.031, 0.024, 0.03, 0.026, 0.02, 0.025, 0.03, 0.03, 0.014, 0.026, 0.027, 0.032, 0.027, 0.031, 0.027, 0.021, 0.028, 0.02, 0.024, 0.015, 0.029, 0.031, 0.025, 0.029, 0.019, 0.026, 0.023, 0.029, 0.013, 0.018, 0.03, 0.03, 0.01, 0.029, 0.03, 0.028, 0.027, 0.025, 0.021, 0.015, 0.026, 0.03, 0.034, 0.028, 0.022, 0.019, 0.03, 0.03, 0.029, 0.026, 0.031, 0.013, 0.028, 0.016, 0.026, 0.022]
Train Loss: [42.94, 30.285, 24.426, 19.644, 15.41, 11.311, 7.185, 2.906, 0.061, 0.0, 0.0, 0.0, 0.0, 0.0, 0.0, 0.0, 0.0, 0.0, 0.0, 0.0, 0.0, 0.0, 0.0, 0.0, 0.0, 0.0, 0.0, 0.0, 0.0, 0.0, 0.0, 0.0, 0.0, 0.0, 0.0, 0.0, 0.0, 0.0, 0.0, 0.0, 0.0, 0.0, 0.0, 0.0, 0.0, 0.0, 0.0, 0.0, 0.0, 0.0, 0.0, 0.0, 0.0, 0.0, 0.0, 0.0, 0.0, 0.0, 0.0, 0.0, 0.0, 0.0, 0.0, 0.0, 0.0, 0.0, 0.0, 0.0, 0.0, 0.0, 0.0, 0.0, 0.0, 0.0, 0.0, 0.0, 0.0, 0.0, 0.0, 0.0, 0.0, 0.0, 0.0, 0.0, 0.0, 0.0, 0.0, 0.0, 0.0, 0.0, 0.0, 0.0, 0.0, 0.0, 0.0, 0.0, 0.0, 0.0, 0.0, 0.0, 0.0, 0.0, 0.0]
Test Loss: [43.414, 30.48, 24.593, 19.764, 15.523, 11.436, 7.287, 3.008, 0.096, 0.028, 0.027, 0.027, 0.027, 0.027, 0.027, 0.027, 0.027, 0.027, 0.027, 0.027, 0.027, 0.027, 0.027, 0.027, 0.027, 0.027, 0.027, 0.027, 0.027, 0.027, 0.027, 0.027, 0.027, 0.027, 0.027, 0.027, 0.027, 0.027, 0.027, 0.027, 0.027, 0.027, 0.027, 0.027, 0.027, 0.027, 0.027, 0.027, 0.027, 0.027, 0.027, 0.027, 0.027, 0.027, 0.027, 0.027, 0.027, 0.027, 0.027, 0.027, 0.027, 0.027, 0.027, 0.027, 0.027, 0.027, 0.027, 0.027, 0.027, 0.027, 0.027, 0.027, 0.027, 0.027, 0.027, 0.027, 0.027, 0.027, 0.027, 0.027, 0.027, 0.027, 0.027, 0.027, 0.027, 0.027, 0.027, 0.027, 0.027, 0.027, 0.027, 0.027, 0.027, 0.027, 0.027, 0.027, 0.027, 0.027, 0.027, 0.027, 0.027, 0.027, 0.027]
Max test score: 0.306 found at epoch: 3
Max test score shapes: 0.095 found at epoch: 3
