Active: Adjacencyloss True True 10 0.0001 
Active: MinSizeBackgroundloss True 1 
Active: MinSizeShapesloss True 30 

Test Scores: [0.255, 0.294, 0.337, 0.299, 0.261, 0.244, 0.242, 0.238, 0.239, 0.259, 0.277, 0.293, 0.277, 0.266, 0.252, 0.253, 0.254, 0.24, 0.237, 0.213, 0.235, 0.235, 0.226, 0.232, 0.231, 0.224, 0.227, 0.23, 0.227, 0.228, 0.226, 0.226, 0.225, 0.228, 0.226, 0.228, 0.233, 0.232, 0.235, 0.23, 0.226, 0.227, 0.234, 0.224, 0.23, 0.214, 0.237, 0.23, 0.227, 0.229, 0.238, 0.235, 0.228, 0.228, 0.222, 0.235, 0.228, 0.227, 0.213, 0.236, 0.215, 0.229, 0.226, 0.233, 0.236, 0.227, 0.238, 0.227, 0.228, 0.23, 0.245, 0.228, 0.231, 0.239, 0.233, 0.239, 0.244, 0.226, 0.231, 0.242, 0.231, 0.243, 0.239, 0.244, 0.228, 0.238, 0.245, 0.24, 0.236, 0.23, 0.24, 0.244, 0.238, 0.23, 0.228, 0.242, 0.233, 0.244, 0.248, 0.235, 0.246, 0.25, 0.244]
Test Scores w/o background: [0.064, 0.087, 0.133, 0.088, 0.039, 0.016, 0.015, 0.009, 0.01, 0.037, 0.055, 0.073, 0.055, 0.049, 0.039, 0.037, 0.036, 0.03, 0.025, 0.018, 0.023, 0.023, 0.023, 0.021, 0.022, 0.016, 0.024, 0.019, 0.016, 0.016, 0.023, 0.017, 0.014, 0.02, 0.023, 0.016, 0.017, 0.022, 0.019, 0.017, 0.016, 0.017, 0.018, 0.017, 0.016, 0.019, 0.019, 0.023, 0.02, 0.019, 0.024, 0.022, 0.019, 0.019, 0.018, 0.019, 0.019, 0.018, 0.018, 0.023, 0.018, 0.018, 0.018, 0.021, 0.022, 0.017, 0.027, 0.02, 0.017, 0.021, 0.027, 0.019, 0.022, 0.02, 0.019, 0.02, 0.022, 0.021, 0.018, 0.024, 0.028, 0.026, 0.022, 0.033, 0.019, 0.02, 0.026, 0.021, 0.021, 0.024, 0.024, 0.023, 0.02, 0.019, 0.022, 0.023, 0.02, 0.031, 0.025, 0.019, 0.028, 0.027, 0.025]
Train Scores: [0.256, 0.302, 0.322, 0.292, 0.265, 0.25, 0.244, 0.242, 0.243, 0.255, 0.271, 0.289, 0.283, 0.27, 0.259, 0.268, 0.269, 0.254, 0.246, 0.221, 0.239, 0.238, 0.23, 0.236, 0.235, 0.231, 0.229, 0.236, 0.233, 0.234, 0.228, 0.233, 0.231, 0.233, 0.231, 0.237, 0.239, 0.238, 0.245, 0.24, 0.234, 0.235, 0.244, 0.23, 0.238, 0.217, 0.244, 0.233, 0.233, 0.237, 0.242, 0.24, 0.233, 0.235, 0.229, 0.243, 0.235, 0.235, 0.22, 0.245, 0.222, 0.236, 0.231, 0.24, 0.241, 0.235, 0.239, 0.231, 0.234, 0.237, 0.251, 0.235, 0.236, 0.247, 0.241, 0.246, 0.249, 0.231, 0.24, 0.248, 0.229, 0.246, 0.247, 0.242, 0.233, 0.247, 0.252, 0.249, 0.244, 0.234, 0.248, 0.247, 0.244, 0.236, 0.234, 0.25, 0.241, 0.246, 0.251, 0.243, 0.252, 0.258, 0.254]
Train Scores w/o background: [0.064, 0.097, 0.114, 0.079, 0.043, 0.023, 0.017, 0.014, 0.014, 0.03, 0.047, 0.068, 0.064, 0.055, 0.047, 0.053, 0.055, 0.045, 0.035, 0.024, 0.026, 0.025, 0.025, 0.024, 0.025, 0.024, 0.027, 0.027, 0.023, 0.023, 0.026, 0.025, 0.021, 0.026, 0.028, 0.024, 0.022, 0.029, 0.03, 0.029, 0.024, 0.027, 0.029, 0.024, 0.025, 0.021, 0.026, 0.026, 0.026, 0.028, 0.029, 0.029, 0.026, 0.028, 0.027, 0.028, 0.027, 0.028, 0.025, 0.034, 0.025, 0.028, 0.025, 0.03, 0.027, 0.027, 0.029, 0.027, 0.026, 0.03, 0.036, 0.028, 0.027, 0.031, 0.029, 0.03, 0.029, 0.027, 0.029, 0.032, 0.026, 0.031, 0.031, 0.032, 0.027, 0.031, 0.036, 0.032, 0.031, 0.03, 0.035, 0.028, 0.028, 0.029, 0.028, 0.032, 0.031, 0.034, 0.03, 0.031, 0.037, 0.039, 0.038]
Train Loss: [45.529, 32.148, 25.764, 20.674, 16.33, 12.127, 7.85, 3.643, 0.657, 0.425, 0.308, 0.207, 0.123, 0.074, 0.045, 0.027, 0.017, 0.01, 0.006, 0.004, 0.003, 0.003, 0.003, 0.005, 0.003, 0.003, 0.004, 0.003, 0.006, 0.003, 0.005, 0.002, 0.007, 0.004, 0.004, 0.003, 0.002, 0.006, 0.002, 0.003, 0.003, 0.007, 0.002, 0.003, 0.003, 0.003, 0.003, 0.002, 0.002, 0.007, 0.002, 0.003, 0.003, 0.004, 0.002, 0.002, 0.006, 0.002, 0.003, 0.004, 0.004, 0.004, 0.003, 0.002, 0.003, 0.003, 0.002, 0.003, 0.003, 0.004, 0.002, 0.002, 0.002, 0.002, 0.002, 0.003, 0.002, 0.003, 0.006, 0.001, 0.002, 0.008, 0.002, 0.002, 0.002, 0.002, 0.002, 0.003, 0.002, 0.006, 0.002, 0.002, 0.004, 0.002, 0.005, 0.001, 0.003, 0.002, 0.003, 0.001, 0.006, 0.002, 0.002]
Test Loss: [45.97, 32.318, 25.901, 20.803, 16.421, 12.226, 7.934, 3.737, 0.653, 0.418, 0.304, 0.205, 0.121, 0.072, 0.044, 0.027, 0.017, 0.01, 0.006, 0.004, 0.003, 0.005, 0.003, 0.008, 0.003, 0.003, 0.003, 0.003, 0.003, 0.003, 0.004, 0.003, 0.004, 0.004, 0.003, 0.004, 0.004, 0.004, 0.004, 0.005, 0.005, 0.006, 0.006, 0.008, 0.008, 0.007, 0.01, 0.008, 0.012, 0.012, 0.008, 0.009, 0.014, 0.016, 0.018, 0.025, 0.015, 0.018, 0.025, 0.024, 0.02, 0.02, 0.03, 0.028, 0.034, 0.048, 0.042, 0.043, 0.052, 0.055, 0.054, 0.048, 0.071, 0.051, 0.067, 0.082, 0.08, 0.093, 0.097, 0.088, 0.107, 0.08, 0.109, 0.146, 0.134, 0.117, 0.135, 0.159, 0.211, 0.185, 0.175, 0.214, 0.197, 0.195, 0.188, 0.244, 0.254, 0.223, 0.167, 0.322, 0.358, 0.263, 0.353]
Max test score: 0.337 found at epoch: 3
Max test score shapes: 0.133 found at epoch: 3
