Active: Adjacencyloss True True 10 0.0001 
Active: OneHotloss True 10 
Active: MinSizeBackgroundloss True 1 
Active: MinSizeShapesloss True 30 

Test Scores: [0.242, 0.284, 0.316, 0.319, 0.312, 0.27, 0.26, 0.252, 0.271, 0.25, 0.239, 0.23, 0.223, 0.215, 0.208, 0.213, 0.212, 0.21, 0.214, 0.194, 0.213, 0.211, 0.213, 0.215, 0.195, 0.168, 0.171, 0.175, 0.174, 0.175, 0.175, 0.174, 0.176, 0.173, 0.175, 0.172, 0.173, 0.174, 0.176, 0.176, 0.177, 0.182, 0.182, 0.188, 0.193, 0.184, 0.186, 0.186, 0.188, 0.19, 0.184, 0.189, 0.194, 0.203, 0.2, 0.196, 0.197, 0.204, 0.205, 0.208, 0.212, 0.21, 0.21, 0.211, 0.209, 0.205, 0.207, 0.213, 0.211, 0.206, 0.214, 0.219, 0.22, 0.226, 0.23, 0.232, 0.229, 0.225, 0.238, 0.24, 0.243, 0.251, 0.24, 0.237, 0.233, 0.232, 0.231, 0.224, 0.227, 0.227, 0.225, 0.228, 0.224, 0.222, 0.215, 0.22, 0.222, 0.214, 0.221, 0.218, 0.214, 0.214, 0.217, 0.217]
Test Scores w/o background: [0.049, 0.078, 0.11, 0.117, 0.107, 0.053, 0.038, 0.025, 0.052, 0.038, 0.033, 0.031, 0.028, 0.024, 0.023, 0.024, 0.025, 0.023, 0.019, 0.018, 0.022, 0.022, 0.021, 0.019, 0.012, 0.003, 0.001, 0.004, 0.006, 0.006, 0.006, 0.003, 0.002, 0.001, 0.001, 0.001, 0.001, 0.0, 0.0, 0.0, 0.0, 0.0, 0.004, 0.007, 0.004, 0.006, 0.005, 0.001, 0.0, 0.0, 0.002, 0.001, 0.003, 0.005, 0.004, 0.001, 0.002, 0.001, 0.002, 0.003, 0.004, 0.004, 0.002, 0.001, 0.001, 0.001, 0.001, 0.001, 0.004, 0.005, 0.009, 0.01, 0.011, 0.014, 0.016, 0.016, 0.013, 0.018, 0.023, 0.023, 0.025, 0.028, 0.024, 0.02, 0.017, 0.015, 0.014, 0.012, 0.011, 0.01, 0.01, 0.009, 0.008, 0.007, 0.008, 0.006, 0.007, 0.009, 0.005, 0.005, 0.004, 0.004, 0.004, 0.004]
Train Scores: [0.25, 0.292, 0.319, 0.317, 0.312, 0.271, 0.263, 0.254, 0.269, 0.255, 0.243, 0.237, 0.23, 0.221, 0.212, 0.217, 0.216, 0.212, 0.218, 0.199, 0.218, 0.215, 0.217, 0.22, 0.2, 0.171, 0.174, 0.177, 0.177, 0.177, 0.177, 0.175, 0.178, 0.176, 0.178, 0.175, 0.175, 0.176, 0.178, 0.177, 0.179, 0.183, 0.184, 0.19, 0.196, 0.187, 0.189, 0.189, 0.191, 0.193, 0.186, 0.192, 0.198, 0.206, 0.204, 0.197, 0.197, 0.204, 0.205, 0.209, 0.215, 0.213, 0.212, 0.213, 0.21, 0.205, 0.208, 0.214, 0.212, 0.207, 0.217, 0.223, 0.224, 0.23, 0.234, 0.237, 0.233, 0.23, 0.242, 0.245, 0.251, 0.255, 0.246, 0.24, 0.236, 0.236, 0.235, 0.23, 0.231, 0.231, 0.23, 0.231, 0.228, 0.226, 0.22, 0.225, 0.226, 0.22, 0.225, 0.223, 0.22, 0.22, 0.222, 0.222]
Train Scores w/o background: [0.058, 0.088, 0.115, 0.116, 0.106, 0.053, 0.04, 0.028, 0.049, 0.045, 0.039, 0.037, 0.034, 0.03, 0.028, 0.029, 0.029, 0.027, 0.025, 0.022, 0.028, 0.027, 0.026, 0.021, 0.012, 0.004, 0.003, 0.004, 0.007, 0.006, 0.005, 0.003, 0.002, 0.001, 0.001, 0.001, 0.001, 0.0, 0.0, 0.0, 0.001, 0.0, 0.004, 0.007, 0.005, 0.006, 0.006, 0.001, 0.0, 0.001, 0.002, 0.001, 0.004, 0.006, 0.004, 0.001, 0.002, 0.002, 0.004, 0.006, 0.007, 0.008, 0.005, 0.003, 0.002, 0.001, 0.002, 0.003, 0.006, 0.008, 0.013, 0.014, 0.015, 0.018, 0.02, 0.021, 0.018, 0.024, 0.028, 0.028, 0.034, 0.033, 0.03, 0.024, 0.02, 0.018, 0.016, 0.014, 0.012, 0.01, 0.011, 0.009, 0.008, 0.007, 0.009, 0.005, 0.005, 0.008, 0.003, 0.003, 0.003, 0.003, 0.002, 0.002]
Train Loss: [52.748, 38.875, 32.418, 27.237, 22.739, 18.292, 13.82, 9.32, 5.442, 4.168, 3.269, 2.379, 1.695, 1.21, 0.872, 0.639, 0.469, 0.386, 0.478, 0.421, 0.406, 0.344, 0.426, 0.384, 0.407, 0.41, 0.404, 0.538, 0.417, 0.338, 0.352, 0.343, 0.28, 0.251, 0.268, 0.289, 0.269, 0.262, 0.242, 0.22, 0.192, 0.191, 0.245, 0.244, 0.21, 0.364, 0.219, 0.213, 0.189, 0.208, 0.253, 0.307, 0.275, 0.211, 0.218, 0.3, 0.25, 0.261, 0.232, 0.247, 0.221, 0.204, 0.221, 0.189, 0.207, 0.211, 0.223, 0.207, 0.213, 0.275, 0.287, 0.221, 0.243, 0.236, 0.233, 0.208, 0.223, 0.218, 0.191, 0.199, 0.209, 0.196, 0.211, 0.251, 0.235, 0.221, 0.21, 0.183, 0.186, 0.215, 0.197, 0.218, 0.217, 0.227, 0.229, 0.226, 0.222, 0.224, 0.258, 0.239, 0.218, 0.252, 0.249, 0.218]
Test Loss: [53.205, 39.054, 32.552, 27.316, 22.832, 18.398, 13.941, 9.425, 5.461, 4.209, 3.268, 2.384, 1.691, 1.205, 0.879, 0.642, 0.472, 0.382, 0.501, 0.435, 0.434, 0.318, 0.352, 0.342, 0.387, 0.408, 0.356, 0.487, 0.419, 0.341, 0.341, 0.309, 0.294, 0.249, 0.314, 0.294, 0.279, 0.289, 0.279, 0.238, 0.211, 0.213, 0.238, 0.231, 0.199, 0.327, 0.234, 0.206, 0.202, 0.215, 0.26, 0.312, 0.282, 0.231, 0.232, 0.328, 0.285, 0.244, 0.217, 0.275, 0.192, 0.174, 0.195, 0.164, 0.238, 0.225, 0.236, 0.2, 0.251, 0.332, 0.342, 0.268, 0.293, 0.294, 0.264, 0.261, 0.222, 0.224, 0.204, 0.208, 0.2, 0.209, 0.23, 0.266, 0.246, 0.218, 0.204, 0.19, 0.191, 0.229, 0.209, 0.236, 0.242, 0.24, 0.247, 0.248, 0.216, 0.234, 0.304, 0.244, 0.233, 0.275, 0.237, 0.219]
Max test score: 0.319 found at epoch: 4
Max test score shapes: 0.117 found at epoch: 4
