Active: Adjacencyloss True False 10 0.0001 
Active: OneHotloss True 20 
Active: MinSizeBackgroundloss True 1 
Active: MinSizeShapesloss True 30 

Test Scores: [0.225, 0.265, 0.279, 0.272, 0.26, 0.26, 0.243, 0.231, 0.267, 0.249, 0.232, 0.22, 0.188, 0.17, 0.163, 0.164, 0.163, 0.164, 0.164, 0.159, 0.16, 0.161, 0.164, 0.164, 0.164, 0.162, 0.168, 0.164, 0.161, 0.167, 0.161, 0.158, 0.161, 0.16, 0.161, 0.162, 0.169, 0.164, 0.163, 0.165, 0.16, 0.163, 0.161, 0.164, 0.168, 0.167, 0.164, 0.162, 0.165, 0.16, 0.172, 0.176, 0.172, 0.172, 0.167, 0.165, 0.163, 0.169, 0.174, 0.179, 0.185, 0.181, 0.185, 0.195, 0.197, 0.202, 0.205, 0.204, 0.193, 0.179, 0.175, 0.177, 0.181, 0.183, 0.187, 0.189, 0.187, 0.188, 0.188, 0.184, 0.187, 0.188, 0.185, 0.196, 0.203, 0.214, 0.214, 0.217, 0.219, 0.219, 0.219, 0.223, 0.209, 0.202, 0.201, 0.205, 0.202, 0.192, 0.216, 0.222, 0.202, 0.198, 0.19]
Test Scores w/o background: [0.038, 0.061, 0.072, 0.071, 0.05, 0.046, 0.031, 0.015, 0.046, 0.037, 0.024, 0.022, 0.011, 0.002, 0.001, 0.0, 0.001, 0.001, 0.002, 0.001, 0.001, 0.001, 0.002, 0.001, 0.002, 0.002, 0.002, 0.003, 0.002, 0.001, 0.0, 0.0, 0.0, 0.0, 0.0, 0.0, 0.0, 0.001, 0.0, 0.0, 0.0, 0.0, 0.001, 0.001, 0.003, 0.002, 0.002, 0.001, 0.0, 0.001, 0.0, 0.0, 0.0, 0.001, 0.001, 0.002, 0.003, 0.002, 0.002, 0.002, 0.001, 0.002, 0.001, 0.0, 0.0, 0.0, 0.0, 0.0, 0.0, 0.001, 0.001, 0.001, 0.002, 0.002, 0.004, 0.009, 0.011, 0.01, 0.009, 0.009, 0.009, 0.01, 0.01, 0.011, 0.014, 0.015, 0.018, 0.02, 0.02, 0.02, 0.021, 0.023, 0.019, 0.018, 0.017, 0.014, 0.014, 0.015, 0.018, 0.023, 0.018, 0.017, 0.016]
Train Scores: [0.235, 0.276, 0.287, 0.278, 0.265, 0.266, 0.243, 0.232, 0.268, 0.255, 0.237, 0.226, 0.192, 0.172, 0.165, 0.166, 0.165, 0.166, 0.166, 0.161, 0.162, 0.163, 0.166, 0.166, 0.167, 0.165, 0.17, 0.167, 0.163, 0.169, 0.163, 0.16, 0.163, 0.162, 0.162, 0.163, 0.17, 0.165, 0.164, 0.166, 0.161, 0.163, 0.161, 0.164, 0.17, 0.169, 0.166, 0.163, 0.166, 0.161, 0.173, 0.177, 0.174, 0.174, 0.169, 0.167, 0.166, 0.172, 0.176, 0.181, 0.187, 0.183, 0.187, 0.198, 0.199, 0.204, 0.207, 0.206, 0.195, 0.181, 0.178, 0.179, 0.185, 0.185, 0.191, 0.193, 0.191, 0.191, 0.191, 0.187, 0.19, 0.191, 0.188, 0.199, 0.207, 0.218, 0.22, 0.222, 0.225, 0.224, 0.224, 0.229, 0.216, 0.209, 0.207, 0.211, 0.207, 0.197, 0.222, 0.228, 0.21, 0.202, 0.194]
Train Scores w/o background: [0.049, 0.075, 0.082, 0.078, 0.057, 0.053, 0.03, 0.015, 0.047, 0.044, 0.032, 0.029, 0.014, 0.002, 0.001, 0.001, 0.002, 0.002, 0.003, 0.002, 0.001, 0.002, 0.003, 0.002, 0.002, 0.003, 0.003, 0.004, 0.003, 0.001, 0.001, 0.001, 0.0, 0.0, 0.0, 0.001, 0.001, 0.001, 0.001, 0.0, 0.0, 0.0, 0.001, 0.002, 0.004, 0.004, 0.002, 0.001, 0.001, 0.001, 0.0, 0.0, 0.001, 0.002, 0.002, 0.003, 0.004, 0.003, 0.002, 0.002, 0.002, 0.003, 0.001, 0.001, 0.001, 0.0, 0.0, 0.0, 0.0, 0.001, 0.004, 0.003, 0.005, 0.004, 0.007, 0.011, 0.013, 0.012, 0.011, 0.01, 0.011, 0.012, 0.012, 0.013, 0.017, 0.019, 0.023, 0.024, 0.025, 0.024, 0.025, 0.028, 0.025, 0.023, 0.021, 0.017, 0.016, 0.018, 0.022, 0.027, 0.022, 0.019, 0.018]
Train Loss: [57.31, 43.52, 37.391, 32.505, 27.939, 23.358, 18.526, 13.4, 9.142, 7.187, 5.422, 3.896, 2.765, 1.967, 1.403, 1.029, 0.747, 0.65, 0.637, 0.57, 0.452, 0.442, 0.42, 0.47, 0.451, 0.333, 0.323, 0.311, 0.323, 0.305, 0.271, 0.277, 0.249, 0.237, 0.245, 0.245, 0.211, 0.21, 0.248, 0.21, 0.332, 0.299, 0.242, 0.208, 0.175, 0.177, 0.157, 0.138, 0.123, 0.134, 0.086, 0.067, 0.099, 0.053, 0.06, 0.074, 0.065, 0.057, 0.045, 0.04, 0.058, 0.055, 0.05, 0.047, 0.085, 0.104, 0.123, 0.045, 0.033, 0.05, 0.021, 0.021, 0.026, 0.017, 0.039, 0.023, 0.025, 0.032, 0.068, 0.016, 0.012, 0.01, 0.029, 0.018, 0.086, 0.174, 0.202, 0.207, 0.206, 0.114, 0.16, 0.118, 0.089, 0.059, 0.036, 0.049, 0.086, 0.148, 0.188, 0.179, 0.135, 0.023, 0.05]
Test Loss: [57.813, 43.722, 37.537, 32.647, 28.057, 23.486, 18.665, 13.52, 9.196, 7.284, 5.477, 3.94, 2.798, 2.002, 1.406, 1.044, 0.736, 0.617, 0.624, 0.569, 0.437, 0.434, 0.415, 0.458, 0.459, 0.326, 0.325, 0.32, 0.334, 0.306, 0.288, 0.292, 0.269, 0.226, 0.217, 0.202, 0.194, 0.193, 0.251, 0.212, 0.247, 0.202, 0.219, 0.214, 0.169, 0.159, 0.146, 0.194, 0.108, 0.129, 0.069, 0.055, 0.106, 0.096, 0.087, 0.073, 0.041, 0.054, 0.048, 0.038, 0.04, 0.013, 0.027, 0.058, 0.024, 0.028, 0.05, 0.019, 0.011, 0.019, 0.018, 0.01, 0.012, 0.012, 0.018, 0.01, 0.013, 0.034, 0.053, 0.016, 0.01, 0.012, 0.069, 0.035, 0.028, 0.071, 0.154, 0.16, 0.201, 0.085, 0.067, 0.089, 0.09, 0.036, 0.033, 0.035, 0.048, 0.115, 0.167, 0.257, 0.189, 0.015, 0.053]
Max test score: 0.279 found at epoch: 3
Max test score shapes: 0.072 found at epoch: 3
