Active: Adjacencyloss True True 10 0.0001 
Active: OneHotloss True 20 
Active: MinSizeBackgroundloss True 1 
Active: MinSizeShapesloss True 30 

Test Scores: [0.234, 0.268, 0.291, 0.296, 0.293, 0.286, 0.285, 0.293, 0.287, 0.25, 0.242, 0.238, 0.224, 0.212, 0.206, 0.215, 0.212, 0.208, 0.196, 0.178, 0.17, 0.176, 0.185, 0.177, 0.17, 0.172, 0.174, 0.177, 0.179, 0.188, 0.178, 0.172, 0.167, 0.168, 0.165, 0.167, 0.171, 0.173, 0.175, 0.173, 0.168, 0.172, 0.173, 0.174, 0.177, 0.176, 0.176, 0.178, 0.18, 0.179, 0.177, 0.176, 0.171, 0.171, 0.168, 0.171, 0.178, 0.178, 0.172, 0.166, 0.164, 0.162, 0.165, 0.17, 0.169, 0.166, 0.163, 0.162, 0.164, 0.165, 0.175, 0.182, 0.186, 0.184, 0.182, 0.176, 0.176, 0.173, 0.172, 0.169, 0.171, 0.171, 0.171, 0.175, 0.176, 0.182, 0.179, 0.173, 0.182, 0.189, 0.191, 0.195, 0.195, 0.2, 0.202, 0.215, 0.223, 0.226, 0.229, 0.224, 0.217, 0.211, 0.208, 0.21]
Test Scores w/o background: [0.042, 0.062, 0.086, 0.093, 0.087, 0.078, 0.07, 0.075, 0.067, 0.038, 0.033, 0.034, 0.028, 0.025, 0.023, 0.025, 0.023, 0.021, 0.018, 0.012, 0.005, 0.009, 0.013, 0.007, 0.006, 0.006, 0.007, 0.007, 0.009, 0.013, 0.011, 0.007, 0.005, 0.004, 0.003, 0.004, 0.006, 0.008, 0.006, 0.004, 0.006, 0.006, 0.007, 0.008, 0.008, 0.008, 0.009, 0.009, 0.009, 0.008, 0.007, 0.007, 0.006, 0.002, 0.001, 0.0, 0.0, 0.0, 0.0, 0.0, 0.002, 0.002, 0.001, 0.001, 0.001, 0.003, 0.002, 0.001, 0.001, 0.001, 0.004, 0.007, 0.007, 0.007, 0.006, 0.004, 0.003, 0.003, 0.003, 0.005, 0.003, 0.002, 0.003, 0.002, 0.001, 0.001, 0.002, 0.004, 0.006, 0.009, 0.009, 0.008, 0.008, 0.009, 0.013, 0.016, 0.024, 0.026, 0.024, 0.023, 0.02, 0.013, 0.013, 0.014]
Train Scores: [0.243, 0.28, 0.298, 0.303, 0.299, 0.291, 0.289, 0.294, 0.296, 0.257, 0.248, 0.243, 0.23, 0.216, 0.209, 0.218, 0.215, 0.21, 0.198, 0.181, 0.172, 0.178, 0.186, 0.178, 0.171, 0.173, 0.175, 0.179, 0.181, 0.19, 0.18, 0.174, 0.17, 0.17, 0.167, 0.17, 0.175, 0.176, 0.178, 0.176, 0.171, 0.175, 0.176, 0.177, 0.179, 0.179, 0.179, 0.181, 0.183, 0.181, 0.18, 0.179, 0.174, 0.174, 0.171, 0.172, 0.18, 0.18, 0.174, 0.169, 0.167, 0.165, 0.168, 0.172, 0.172, 0.169, 0.165, 0.164, 0.165, 0.167, 0.177, 0.185, 0.19, 0.188, 0.185, 0.18, 0.179, 0.176, 0.174, 0.172, 0.174, 0.173, 0.173, 0.177, 0.179, 0.185, 0.181, 0.177, 0.185, 0.192, 0.195, 0.199, 0.198, 0.203, 0.206, 0.219, 0.226, 0.229, 0.232, 0.227, 0.22, 0.213, 0.21, 0.212]
Train Scores w/o background: [0.054, 0.078, 0.095, 0.103, 0.095, 0.084, 0.075, 0.076, 0.077, 0.047, 0.042, 0.041, 0.034, 0.03, 0.026, 0.029, 0.027, 0.024, 0.02, 0.014, 0.005, 0.008, 0.012, 0.007, 0.005, 0.005, 0.006, 0.007, 0.009, 0.012, 0.01, 0.007, 0.005, 0.005, 0.004, 0.005, 0.007, 0.009, 0.007, 0.004, 0.007, 0.006, 0.008, 0.008, 0.008, 0.008, 0.009, 0.009, 0.009, 0.008, 0.008, 0.008, 0.007, 0.004, 0.001, 0.0, 0.0, 0.0, 0.0, 0.001, 0.002, 0.003, 0.002, 0.001, 0.002, 0.003, 0.002, 0.001, 0.001, 0.001, 0.004, 0.008, 0.007, 0.007, 0.006, 0.005, 0.004, 0.004, 0.004, 0.006, 0.004, 0.003, 0.003, 0.002, 0.002, 0.001, 0.002, 0.004, 0.006, 0.008, 0.008, 0.008, 0.007, 0.009, 0.014, 0.019, 0.027, 0.029, 0.027, 0.025, 0.022, 0.014, 0.014, 0.015]
Train Loss: [59.917, 45.484, 39.017, 33.935, 29.166, 24.445, 19.562, 14.563, 9.971, 7.578, 5.624, 4.099, 2.971, 2.15, 1.544, 1.085, 0.793, 0.727, 0.617, 0.614, 0.632, 0.584, 0.53, 0.578, 0.574, 0.543, 0.48, 0.438, 0.473, 0.494, 0.414, 0.421, 0.408, 0.425, 0.493, 0.446, 0.345, 0.485, 0.389, 0.342, 0.287, 0.243, 0.222, 0.187, 0.189, 0.164, 0.183, 0.212, 0.117, 0.133, 0.088, 0.062, 0.1, 0.087, 0.075, 0.047, 0.035, 0.04, 0.033, 0.03, 0.039, 0.056, 0.026, 0.026, 0.029, 0.039, 0.026, 0.043, 0.035, 0.053, 0.04, 0.036, 0.024, 0.027, 0.032, 0.02, 0.031, 0.036, 0.04, 0.078, 0.032, 0.017, 0.045, 0.018, 0.012, 0.019, 0.014, 0.015, 0.043, 0.024, 0.019, 0.029, 0.038, 0.025, 0.032, 0.022, 0.157, 0.071, 0.13, 0.038, 0.093, 0.013, 0.012, 0.038]
Test Loss: [60.392, 45.661, 39.135, 34.035, 29.258, 24.543, 19.69, 14.729, 10.043, 7.611, 5.631, 4.048, 2.946, 2.193, 1.559, 1.087, 0.794, 0.73, 0.619, 0.623, 0.649, 0.555, 0.51, 0.575, 0.543, 0.558, 0.463, 0.465, 0.577, 0.479, 0.478, 0.44, 0.403, 0.393, 0.51, 0.42, 0.372, 0.504, 0.431, 0.365, 0.292, 0.233, 0.213, 0.16, 0.212, 0.16, 0.163, 0.229, 0.111, 0.156, 0.101, 0.061, 0.111, 0.094, 0.065, 0.041, 0.036, 0.039, 0.03, 0.049, 0.032, 0.062, 0.021, 0.028, 0.025, 0.048, 0.028, 0.042, 0.032, 0.037, 0.083, 0.055, 0.026, 0.042, 0.021, 0.021, 0.032, 0.042, 0.056, 0.08, 0.017, 0.026, 0.04, 0.014, 0.013, 0.018, 0.014, 0.014, 0.043, 0.031, 0.018, 0.02, 0.046, 0.016, 0.017, 0.17, 0.081, 0.043, 0.129, 0.052, 0.093, 0.014, 0.011, 0.011]
Max test score: 0.296 found at epoch: 4
Max test score shapes: 0.093 found at epoch: 4
