Active: ImageLevelloss True True True 2 
Active: Adjacencyloss True True 30 0.0001 
Active: OneHotloss True 20 
Active: MinSizeBackgroundloss True 1 

Test Scores: [0.234, 0.268, 0.291, 0.295, 0.295, 0.289, 0.28, 0.29, 0.29, 0.254, 0.238, 0.205, 0.186, 0.193, 0.186, 0.192, 0.207, 0.221, 0.212, 0.192, 0.198, 0.21, 0.201, 0.214, 0.208, 0.204, 0.202, 0.208, 0.202, 0.204, 0.206, 0.203, 0.206, 0.214, 0.207, 0.212, 0.219, 0.207, 0.209, 0.21, 0.217, 0.214, 0.216, 0.2, 0.21, 0.223, 0.226, 0.206, 0.21, 0.226, 0.199, 0.193, 0.202, 0.194, 0.183, 0.18, 0.191, 0.203, 0.189, 0.185, 0.186, 0.199, 0.206, 0.194, 0.205, 0.206, 0.209, 0.208, 0.216, 0.201, 0.203, 0.196, 0.203, 0.202, 0.217, 0.228, 0.218, 0.205, 0.206, 0.197, 0.189, 0.189, 0.197, 0.2, 0.2, 0.202, 0.197, 0.201, 0.202, 0.207, 0.21, 0.209, 0.201, 0.195, 0.203, 0.217, 0.22, 0.195, 0.206, 0.2, 0.183, 0.183, 0.182, 0.181, 0.208, 0.208, 0.202, 0.198, 0.189, 0.199, 0.201, 0.185, 0.189, 0.189, 0.196, 0.198, 0.193, 0.199, 0.206, 0.21, 0.211, 0.209, 0.212, 0.205, 0.202, 0.199, 0.196, 0.189, 0.19, 0.182, 0.177, 0.181, 0.178, 0.181, 0.181, 0.182, 0.184, 0.185, 0.185, 0.183, 0.179, 0.181, 0.182, 0.183, 0.184, 0.191, 0.193, 0.2, 0.202, 0.199, 0.199, 0.203, 0.2, 0.2, 0.199, 0.205, 0.216, 0.214, 0.206, 0.217, 0.217, 0.213, 0.213, 0.215, 0.217, 0.219, 0.211, 0.22, 0.207, 0.213, 0.212, 0.215, 0.212, 0.21, 0.206, 0.192, 0.187, 0.173, 0.189, 0.198, 0.2, 0.196, 0.206, 0.194, 0.202, 0.21, 0.206, 0.211, 0.205, 0.206, 0.203, 0.195, 0.197, 0.203, 0.195, 0.198, 0.195, 0.201, 0.201, 0.201, 0.2, 0.195, 0.198, 0.188, 0.18, 0.184, 0.178, 0.178, 0.174, 0.174, 0.176, 0.169, 0.172, 0.177, 0.179, 0.184, 0.179, 0.178, 0.175, 0.183, 0.195, 0.199, 0.203, 0.205, 0.215, 0.214, 0.221, 0.221, 0.219, 0.212, 0.205, 0.212, 0.209, 0.219, 0.208, 0.219, 0.22, 0.209, 0.204, 0.194, 0.194, 0.192, 0.195, 0.198, 0.198, 0.205, 0.201, 0.202, 0.203, 0.2, 0.208, 0.21, 0.211, 0.199, 0.201, 0.195, 0.192, 0.207, 0.213, 0.21, 0.218, 0.215, 0.215, 0.224, 0.21, 0.192, 0.205, 0.205, 0.196, 0.202, 0.213, 0.207, 0.211, 0.21, 0.209, 0.21, 0.216, 0.221, 0.223, 0.219, 0.202, 0.212, 0.217, 0.215, 0.213, 0.198, 0.199, 0.207, 0.204, 0.212, 0.215, 0.228, 0.239, 0.225, 0.23, 0.23, 0.226, 0.219, 0.216, 0.228]
Test Scores w/o background: [0.042, 0.062, 0.085, 0.092, 0.089, 0.081, 0.064, 0.072, 0.07, 0.041, 0.03, 0.014, 0.003, 0.009, 0.007, 0.008, 0.015, 0.028, 0.018, 0.013, 0.014, 0.018, 0.017, 0.02, 0.02, 0.018, 0.02, 0.022, 0.018, 0.013, 0.022, 0.014, 0.024, 0.026, 0.025, 0.026, 0.028, 0.025, 0.021, 0.025, 0.032, 0.019, 0.027, 0.018, 0.024, 0.037, 0.041, 0.028, 0.028, 0.037, 0.019, 0.014, 0.018, 0.014, 0.008, 0.008, 0.015, 0.022, 0.014, 0.006, 0.004, 0.013, 0.018, 0.01, 0.017, 0.023, 0.028, 0.02, 0.021, 0.019, 0.016, 0.009, 0.016, 0.015, 0.024, 0.035, 0.022, 0.015, 0.019, 0.012, 0.012, 0.009, 0.011, 0.01, 0.011, 0.011, 0.007, 0.007, 0.009, 0.014, 0.021, 0.018, 0.015, 0.017, 0.024, 0.033, 0.042, 0.032, 0.036, 0.032, 0.02, 0.016, 0.015, 0.017, 0.029, 0.028, 0.024, 0.024, 0.021, 0.02, 0.019, 0.015, 0.012, 0.011, 0.013, 0.011, 0.014, 0.016, 0.019, 0.02, 0.023, 0.025, 0.025, 0.016, 0.012, 0.011, 0.012, 0.009, 0.008, 0.007, 0.006, 0.004, 0.002, 0.003, 0.008, 0.009, 0.009, 0.009, 0.007, 0.011, 0.013, 0.011, 0.012, 0.011, 0.012, 0.011, 0.013, 0.015, 0.018, 0.02, 0.02, 0.022, 0.025, 0.025, 0.027, 0.03, 0.036, 0.039, 0.041, 0.043, 0.042, 0.042, 0.038, 0.038, 0.034, 0.033, 0.029, 0.038, 0.029, 0.033, 0.034, 0.035, 0.035, 0.032, 0.025, 0.014, 0.012, 0.01, 0.015, 0.019, 0.021, 0.02, 0.028, 0.021, 0.027, 0.031, 0.03, 0.031, 0.028, 0.029, 0.028, 0.024, 0.024, 0.025, 0.024, 0.027, 0.027, 0.027, 0.031, 0.03, 0.021, 0.019, 0.021, 0.014, 0.011, 0.01, 0.008, 0.009, 0.006, 0.004, 0.004, 0.01, 0.008, 0.01, 0.011, 0.012, 0.009, 0.01, 0.005, 0.01, 0.021, 0.031, 0.035, 0.034, 0.048, 0.042, 0.043, 0.043, 0.047, 0.039, 0.032, 0.037, 0.036, 0.045, 0.037, 0.045, 0.048, 0.04, 0.037, 0.025, 0.021, 0.019, 0.022, 0.024, 0.028, 0.032, 0.03, 0.033, 0.033, 0.032, 0.035, 0.038, 0.039, 0.031, 0.034, 0.03, 0.03, 0.033, 0.038, 0.038, 0.044, 0.044, 0.044, 0.049, 0.039, 0.03, 0.035, 0.036, 0.033, 0.037, 0.044, 0.042, 0.044, 0.041, 0.042, 0.043, 0.048, 0.05, 0.049, 0.045, 0.039, 0.04, 0.044, 0.042, 0.042, 0.032, 0.03, 0.039, 0.038, 0.044, 0.049, 0.06, 0.068, 0.061, 0.063, 0.065, 0.066, 0.054, 0.063, 0.059]
Train Scores: [0.243, 0.28, 0.298, 0.303, 0.301, 0.296, 0.287, 0.29, 0.294, 0.262, 0.241, 0.206, 0.189, 0.197, 0.19, 0.194, 0.207, 0.216, 0.21, 0.194, 0.198, 0.211, 0.2, 0.214, 0.208, 0.205, 0.203, 0.207, 0.203, 0.205, 0.205, 0.202, 0.206, 0.212, 0.205, 0.211, 0.219, 0.208, 0.206, 0.208, 0.22, 0.215, 0.221, 0.198, 0.211, 0.223, 0.225, 0.206, 0.209, 0.229, 0.203, 0.198, 0.206, 0.198, 0.187, 0.185, 0.196, 0.209, 0.194, 0.19, 0.188, 0.203, 0.211, 0.199, 0.21, 0.211, 0.214, 0.213, 0.223, 0.206, 0.209, 0.202, 0.21, 0.211, 0.226, 0.237, 0.229, 0.21, 0.211, 0.202, 0.192, 0.193, 0.201, 0.206, 0.204, 0.207, 0.202, 0.206, 0.207, 0.213, 0.217, 0.216, 0.207, 0.202, 0.211, 0.229, 0.229, 0.211, 0.218, 0.214, 0.197, 0.198, 0.197, 0.196, 0.219, 0.219, 0.211, 0.203, 0.193, 0.204, 0.208, 0.191, 0.195, 0.193, 0.198, 0.199, 0.195, 0.203, 0.214, 0.22, 0.22, 0.219, 0.221, 0.214, 0.21, 0.205, 0.2, 0.192, 0.193, 0.184, 0.179, 0.182, 0.181, 0.185, 0.184, 0.186, 0.189, 0.19, 0.189, 0.186, 0.182, 0.183, 0.185, 0.186, 0.188, 0.195, 0.198, 0.205, 0.207, 0.203, 0.204, 0.208, 0.206, 0.208, 0.204, 0.216, 0.227, 0.227, 0.214, 0.227, 0.225, 0.22, 0.22, 0.22, 0.222, 0.225, 0.219, 0.226, 0.21, 0.221, 0.219, 0.223, 0.216, 0.223, 0.219, 0.199, 0.193, 0.179, 0.198, 0.207, 0.211, 0.206, 0.22, 0.204, 0.214, 0.223, 0.216, 0.219, 0.21, 0.211, 0.209, 0.203, 0.204, 0.212, 0.205, 0.207, 0.203, 0.209, 0.208, 0.21, 0.209, 0.203, 0.207, 0.195, 0.184, 0.186, 0.179, 0.18, 0.175, 0.175, 0.177, 0.168, 0.173, 0.178, 0.181, 0.186, 0.181, 0.179, 0.179, 0.189, 0.202, 0.204, 0.209, 0.213, 0.221, 0.222, 0.231, 0.227, 0.226, 0.218, 0.21, 0.221, 0.217, 0.225, 0.217, 0.23, 0.23, 0.216, 0.213, 0.202, 0.2, 0.198, 0.202, 0.206, 0.206, 0.213, 0.206, 0.208, 0.21, 0.209, 0.216, 0.217, 0.216, 0.206, 0.207, 0.2, 0.197, 0.211, 0.214, 0.211, 0.218, 0.216, 0.217, 0.225, 0.215, 0.196, 0.208, 0.207, 0.199, 0.205, 0.216, 0.21, 0.214, 0.215, 0.214, 0.217, 0.222, 0.226, 0.229, 0.223, 0.207, 0.217, 0.22, 0.218, 0.216, 0.202, 0.203, 0.207, 0.203, 0.21, 0.211, 0.218, 0.229, 0.216, 0.218, 0.217, 0.213, 0.218, 0.211, 0.226]
Train Scores w/o background: [0.054, 0.078, 0.094, 0.103, 0.097, 0.09, 0.073, 0.073, 0.076, 0.05, 0.036, 0.016, 0.006, 0.013, 0.01, 0.008, 0.014, 0.024, 0.017, 0.015, 0.015, 0.021, 0.017, 0.022, 0.021, 0.019, 0.021, 0.022, 0.02, 0.015, 0.023, 0.016, 0.026, 0.026, 0.026, 0.029, 0.031, 0.029, 0.02, 0.023, 0.037, 0.022, 0.034, 0.019, 0.026, 0.039, 0.039, 0.027, 0.026, 0.04, 0.023, 0.02, 0.025, 0.019, 0.011, 0.012, 0.021, 0.029, 0.02, 0.011, 0.005, 0.02, 0.025, 0.016, 0.024, 0.03, 0.034, 0.026, 0.03, 0.024, 0.022, 0.014, 0.022, 0.024, 0.034, 0.046, 0.035, 0.02, 0.023, 0.017, 0.014, 0.012, 0.015, 0.016, 0.017, 0.017, 0.012, 0.012, 0.012, 0.018, 0.028, 0.025, 0.02, 0.022, 0.033, 0.045, 0.047, 0.042, 0.044, 0.043, 0.033, 0.03, 0.031, 0.033, 0.043, 0.042, 0.035, 0.031, 0.028, 0.027, 0.028, 0.025, 0.021, 0.018, 0.017, 0.014, 0.02, 0.024, 0.03, 0.034, 0.035, 0.04, 0.039, 0.03, 0.025, 0.021, 0.019, 0.014, 0.014, 0.012, 0.01, 0.008, 0.007, 0.008, 0.013, 0.015, 0.015, 0.015, 0.013, 0.015, 0.017, 0.015, 0.016, 0.014, 0.016, 0.016, 0.02, 0.022, 0.024, 0.027, 0.027, 0.028, 0.032, 0.034, 0.034, 0.043, 0.049, 0.053, 0.051, 0.055, 0.053, 0.052, 0.048, 0.046, 0.04, 0.04, 0.039, 0.046, 0.034, 0.043, 0.043, 0.045, 0.04, 0.046, 0.039, 0.021, 0.018, 0.016, 0.023, 0.028, 0.032, 0.031, 0.043, 0.031, 0.039, 0.046, 0.042, 0.041, 0.035, 0.036, 0.036, 0.033, 0.029, 0.033, 0.031, 0.034, 0.033, 0.035, 0.04, 0.042, 0.031, 0.027, 0.031, 0.021, 0.017, 0.016, 0.014, 0.014, 0.011, 0.008, 0.009, 0.012, 0.01, 0.011, 0.012, 0.013, 0.011, 0.011, 0.009, 0.016, 0.029, 0.035, 0.039, 0.04, 0.052, 0.05, 0.054, 0.05, 0.056, 0.047, 0.04, 0.049, 0.048, 0.053, 0.048, 0.058, 0.06, 0.049, 0.049, 0.036, 0.029, 0.027, 0.031, 0.034, 0.038, 0.042, 0.037, 0.039, 0.04, 0.041, 0.041, 0.043, 0.042, 0.036, 0.035, 0.03, 0.03, 0.034, 0.036, 0.035, 0.041, 0.041, 0.043, 0.047, 0.042, 0.03, 0.034, 0.035, 0.032, 0.037, 0.044, 0.041, 0.044, 0.042, 0.043, 0.047, 0.052, 0.054, 0.053, 0.047, 0.039, 0.042, 0.045, 0.043, 0.041, 0.033, 0.03, 0.035, 0.034, 0.038, 0.041, 0.044, 0.053, 0.046, 0.046, 0.048, 0.05, 0.052, 0.057, 0.055]
Train Loss: [59.917, 45.483, 39.018, 33.94, 29.166, 24.451, 19.575, 14.58, 10.042, 7.889, 6.524, 5.589, 4.893, 4.21, 3.646, 3.236, 2.967, 2.812, 2.654, 2.447, 2.305, 2.224, 2.056, 1.93, 1.768, 1.616, 1.391, 1.256, 1.202, 1.108, 1.034, 0.9, 0.735, 0.684, 0.679, 0.57, 0.459, 0.403, 0.427, 0.383, 0.438, 0.369, 0.303, 0.297, 0.296, 0.218, 0.177, 0.225, 0.255, 0.165, 0.157, 0.195, 0.154, 0.187, 0.116, 0.121, 0.132, 0.098, 0.06, 0.061, 0.163, 0.076, 0.059, 0.104, 0.115, 0.079, 0.072, 0.053, 0.049, 0.065, 0.072, 0.104, 0.078, 0.06, 0.052, 0.076, 0.098, 0.174, 0.082, 0.036, 0.035, 0.026, 0.029, 0.024, 0.051, 0.079, 0.054, 0.079, 0.061, 0.036, 0.061, 0.077, 0.069, 0.069, 0.042, 0.036, 0.119, 0.085, 0.144, 0.09, 0.05, 0.073, 0.033, 0.029, 0.056, 0.065, 0.045, 0.043, 0.057, 0.042, 0.038, 0.046, 0.053, 0.038, 0.033, 0.043, 0.036, 0.071, 0.059, 0.073, 0.058, 0.057, 0.061, 0.05, 0.047, 0.1, 0.152, 0.207, 0.171, 0.124, 0.057, 0.236, 0.194, 0.124, 0.089, 0.05, 0.051, 0.289, 0.077, 0.063, 0.048, 0.044, 0.031, 0.025, 0.05, 0.097, 0.043, 0.032, 0.029, 0.061, 0.025, 0.027, 0.027, 0.037, 0.035, 0.045, 0.03, 0.028, 0.038, 0.04, 0.036, 0.041, 0.035, 0.064, 0.056, 0.094, 0.069, 0.057, 0.054, 0.065, 0.049, 0.032, 0.049, 0.029, 0.023, 0.039, 0.054, 0.037, 0.042, 0.025, 0.033, 0.023, 0.035, 0.029, 0.038, 0.04, 0.024, 0.062, 0.049, 0.027, 0.022, 0.019, 0.028, 0.018, 0.017, 0.02, 0.024, 0.017, 0.024, 0.025, 0.017, 0.02, 0.024, 0.019, 0.025, 0.04, 0.039, 0.034, 0.02, 0.028, 0.033, 0.026, 0.03, 0.047, 0.042, 0.025, 0.02, 0.02, 0.02, 0.018, 0.019, 0.018, 0.018, 0.018, 0.016, 0.022, 0.019, 0.047, 0.024, 0.073, 0.026, 0.028, 0.033, 0.037, 0.057, 0.025, 0.016, 0.019, 0.026, 0.027, 0.018, 0.016, 0.016, 0.016, 0.019, 0.017, 0.02, 0.026, 0.026, 0.02, 0.031, 0.063, 0.04, 0.033, 0.032, 0.029, 0.019, 0.016, 0.02, 0.022, 0.021, 0.02, 0.019, 0.023, 0.03, 0.03, 0.029, 0.025, 0.034, 0.019, 0.018, 0.02, 0.021, 0.017, 0.017, 0.019, 0.044, 0.039, 0.023, 0.017, 0.018, 0.018, 0.023, 0.027, 0.037, 0.033, 0.038, 0.04, 0.022, 0.03, 0.027, 0.024, 0.032, 0.038, 0.031, 0.018, 0.018, 0.017, 0.017, 0.027]
Test Loss: [60.392, 45.659, 39.137, 34.04, 29.265, 24.556, 19.696, 14.732, 10.251, 8.355, 7.302, 6.677, 6.022, 5.196, 4.5, 3.682, 3.36, 3.211, 3.134, 2.905, 2.925, 2.872, 2.618, 2.635, 2.38, 2.325, 1.927, 2.009, 1.987, 1.86, 1.99, 1.789, 1.255, 1.445, 1.344, 1.434, 1.182, 0.872, 1.029, 0.969, 0.687, 0.698, 0.517, 0.417, 0.455, 0.316, 0.293, 0.519, 0.624, 0.406, 0.433, 0.541, 0.294, 0.383, 0.258, 0.329, 0.221, 0.136, 0.184, 0.361, 0.637, 0.459, 0.196, 0.272, 0.482, 0.32, 0.169, 0.286, 0.348, 0.303, 0.234, 0.397, 0.418, 0.199, 0.187, 0.135, 0.144, 0.375, 0.24, 0.165, 0.096, 0.056, 0.028, 0.098, 0.158, 0.145, 0.179, 0.313, 0.225, 0.157, 0.098, 0.084, 0.071, 0.047, 0.036, 0.024, 0.037, 0.086, 0.079, 0.06, 0.086, 0.111, 0.078, 0.052, 0.184, 0.082, 0.038, 0.089, 0.095, 0.038, 0.091, 0.085, 0.042, 0.056, 0.126, 0.263, 0.209, 0.168, 0.162, 0.152, 0.114, 0.076, 0.083, 0.191, 0.226, 0.294, 0.586, 1.085, 0.684, 0.553, 0.518, 0.788, 0.961, 0.674, 0.165, 0.024, 0.025, 0.204, 0.054, 0.033, 0.034, 0.046, 0.09, 0.088, 0.154, 0.263, 0.242, 0.154, 0.076, 0.084, 0.018, 0.021, 0.024, 0.029, 0.052, 0.05, 0.107, 0.145, 0.042, 0.033, 0.043, 0.029, 0.065, 0.095, 0.234, 0.455, 0.543, 0.488, 0.492, 0.497, 0.322, 0.18, 0.122, 0.087, 0.206, 0.427, 0.568, 0.373, 0.213, 0.204, 0.082, 0.065, 0.041, 0.03, 0.04, 0.031, 0.032, 0.055, 0.034, 0.047, 0.019, 0.018, 0.053, 0.029, 0.042, 0.058, 0.073, 0.07, 0.081, 0.129, 0.133, 0.138, 0.143, 0.13, 0.086, 0.063, 0.068, 0.093, 0.077, 0.092, 0.086, 0.068, 0.028, 0.039, 0.057, 0.02, 0.018, 0.023, 0.017, 0.019, 0.022, 0.017, 0.02, 0.017, 0.017, 0.023, 0.018, 0.05, 0.018, 0.094, 0.024, 0.015, 0.023, 0.022, 0.046, 0.027, 0.017, 0.024, 0.032, 0.029, 0.014, 0.014, 0.017, 0.014, 0.02, 0.014, 0.016, 0.027, 0.016, 0.023, 0.022, 0.064, 0.024, 0.026, 0.037, 0.072, 0.057, 0.047, 0.065, 0.047, 0.047, 0.026, 0.025, 0.024, 0.043, 0.055, 0.055, 0.035, 0.025, 0.015, 0.038, 0.047, 0.053, 0.039, 0.033, 0.029, 0.086, 0.066, 0.037, 0.018, 0.018, 0.014, 0.039, 0.039, 0.023, 0.016, 0.016, 0.029, 0.018, 0.014, 0.016, 0.014, 0.014, 0.013, 0.014, 0.014, 0.02, 0.019, 0.019, 0.03]
Max test score: 0.295 found at epoch: 5
Max test score shapes: 0.092 found at epoch: 4
