seed 100
percentFullySupervised 0.2
domainLossMultiplier 0.001
Active: Adjacencyloss True True 30 0.0001 False False 
Active: Relationsloss True 2 True 0.1 False True False 
Active: OneHotloss True 20 
Active: MinSizeShapesloss True 1 0.5 0.0035 0.015 
Active: MaxSizeShapesloss True 1 0.98 0.2 0.42 

Test Scores: [0.311, 0.321, 0.283, 0.299, 0.332, 0.332, 0.335, 0.331, 0.28, 0.357, 0.325, 0.264, 0.287, 0.249, 0.269, 0.244, 0.234, 0.232, 0.231, 0.246, 0.277, 0.3, 0.321, 0.302, 0.313, 0.345, 0.343, 0.347, 0.353, 0.325, 0.29, 0.275, 0.285, 0.286, 0.255, 0.24, 0.245, 0.262, 0.264, 0.27, 0.272, 0.276, 0.273, 0.256, 0.268, 0.275, 0.275, 0.276, 0.277, 0.278, 0.27, 0.272, 0.264, 0.261, 0.258, 0.271, 0.278, 0.283, 0.282, 0.272, 0.271, 0.269, 0.265, 0.26, 0.26, 0.256, 0.261, 0.261, 0.262, 0.261, 0.267, 0.266, 0.263, 0.265, 0.268, 0.267, 0.268, 0.27, 0.273, 0.278, 0.275, 0.276, 0.279, 0.282, 0.302, 0.307, 0.301, 0.319, 0.31, 0.305, 0.295, 0.284, 0.292, 0.286, 0.295, 0.287, 0.289, 0.286, 0.295, 0.311]
Test Scores w/o background: [0.148, 0.152, 0.131, 0.124, 0.145, 0.135, 0.144, 0.135, 0.081, 0.158, 0.1, 0.034, 0.09, 0.054, 0.072, 0.037, 0.027, 0.032, 0.03, 0.034, 0.051, 0.075, 0.104, 0.087, 0.095, 0.132, 0.129, 0.13, 0.14, 0.101, 0.067, 0.043, 0.069, 0.062, 0.016, 0.009, 0.011, 0.023, 0.023, 0.015, 0.038, 0.028, 0.034, 0.018, 0.03, 0.033, 0.034, 0.035, 0.033, 0.027, 0.017, 0.018, 0.017, 0.013, 0.014, 0.035, 0.037, 0.037, 0.034, 0.016, 0.014, 0.01, 0.007, 0.008, 0.005, 0.008, 0.006, 0.006, 0.007, 0.006, 0.007, 0.011, 0.011, 0.009, 0.012, 0.013, 0.013, 0.013, 0.013, 0.026, 0.018, 0.021, 0.026, 0.027, 0.053, 0.056, 0.044, 0.075, 0.062, 0.058, 0.045, 0.029, 0.047, 0.035, 0.045, 0.041, 0.047, 0.037, 0.042, 0.068]
Train Scores: [0.299, 0.308, 0.278, 0.317, 0.357, 0.333, 0.328, 0.341, 0.283, 0.372, 0.372, 0.262, 0.279, 0.234, 0.247, 0.234, 0.231, 0.219, 0.232, 0.243, 0.272, 0.291, 0.331, 0.31, 0.321, 0.36, 0.364, 0.38, 0.386, 0.35, 0.293, 0.277, 0.27, 0.283, 0.257, 0.251, 0.259, 0.268, 0.273, 0.282, 0.289, 0.292, 0.28, 0.258, 0.264, 0.275, 0.273, 0.273, 0.276, 0.276, 0.268, 0.267, 0.266, 0.263, 0.261, 0.268, 0.274, 0.281, 0.28, 0.276, 0.278, 0.276, 0.272, 0.267, 0.269, 0.265, 0.268, 0.267, 0.268, 0.268, 0.274, 0.273, 0.269, 0.269, 0.271, 0.266, 0.273, 0.27, 0.275, 0.293, 0.291, 0.29, 0.292, 0.293, 0.313, 0.322, 0.321, 0.346, 0.34, 0.33, 0.321, 0.311, 0.322, 0.321, 0.295, 0.284, 0.286, 0.285, 0.289, 0.322]
Train Scores w/o background: [0.149, 0.136, 0.124, 0.131, 0.157, 0.139, 0.13, 0.133, 0.074, 0.153, 0.135, 0.02, 0.072, 0.045, 0.051, 0.027, 0.018, 0.016, 0.019, 0.018, 0.031, 0.049, 0.113, 0.094, 0.099, 0.143, 0.149, 0.157, 0.166, 0.123, 0.065, 0.038, 0.061, 0.054, 0.01, 0.002, 0.005, 0.015, 0.016, 0.015, 0.032, 0.034, 0.028, 0.014, 0.024, 0.029, 0.027, 0.026, 0.024, 0.019, 0.011, 0.011, 0.012, 0.011, 0.015, 0.024, 0.021, 0.026, 0.026, 0.015, 0.017, 0.011, 0.006, 0.004, 0.004, 0.006, 0.006, 0.003, 0.004, 0.002, 0.001, 0.008, 0.008, 0.003, 0.003, 0.005, 0.004, 0.009, 0.006, 0.038, 0.033, 0.035, 0.036, 0.036, 0.06, 0.068, 0.059, 0.099, 0.09, 0.082, 0.069, 0.053, 0.075, 0.071, 0.044, 0.04, 0.039, 0.023, 0.022, 0.067]
Train Loss: [0.057, 0.012, 0.006, 0.002, 0.001, 0.001, 0.001, 0.001, 0.0, 0.0, 0.0, 0.001, 0.002, 0.002, 0.0, 0.0, 0.001, 0.0, 0.0, 0.006, 0.002, 0.001, 0.001, 0.0, 0.0, 0.0, 0.0, 0.0, 0.0, 0.0, 0.001, 0.0, 0.0, 0.001, 0.0, 0.0, 0.0, 0.0, 0.0, 0.0, 0.0, 0.0, 0.001, 0.001, 0.0, 0.0, 0.0, 0.0, 0.0, 0.0, 0.0, 0.001, 0.002, 0.0, 0.0, 0.0, 0.0, 0.0, 0.0, 0.0, 0.0, 0.0, 0.0, 0.0, 0.0, 0.0, 0.001, 0.0, inf, 0.0, 0.001, 0.0, 0.0, 0.0, 0.0, 0.0, 0.0, 0.0, 0.0, 0.0, 0.001, 0.001, 0.0, 0.0, 0.0, 0.0, 0.0, 0.0, 0.0, 0.0, 0.0, 0.0, 0.0, 0.0, 0.0, 0.0, 0.0, 0.0, 0.0, 0.0]
Max test score: 0.357 found at epoch: 10
Max test score shapes: 0.158 found at epoch: 10
Avg generalisation ratio: 1.374
Avg generalisation diff: -0.0