percentFullySupervised0.2
domainLossMultiplier0.001
Active: OneHotloss True 20 
Active: Smoothnessloss True 100 
Active: MinSizeShapesloss True 1 0.5 0.0035 0.015 
Active: MaxSizeShapesloss True 1 0.98 0.2 0.42 

Test Scores: [0.218, 0.163, 0.312, 0.31, 0.29, 0.325, 0.302, 0.319, 0.286, 0.28, 0.287, 0.266, 0.275, 0.337, 0.315, 0.325, 0.325, 0.28, 0.238, 0.224, 0.239, 0.246, 0.238, 0.233, 0.237, 0.258, 0.28, 0.288, 0.253, 0.264, 0.262, 0.247, 0.253, 0.241, 0.236, 0.229, 0.238, 0.253, 0.27, 0.24, 0.239, 0.239, 0.234, 0.231, 0.238, 0.234, 0.242, 0.255, 0.276, 0.306, 0.306, 0.299, 0.313, 0.314, 0.297, 0.294, 0.28, 0.29, 0.273, 0.268, 0.268, 0.269, 0.267, 0.267, 0.263, 0.266, 0.269, 0.262, 0.242, 0.245, 0.238, 0.248, 0.252, 0.239, 0.239, 0.231, 0.243, 0.252, 0.255, 0.251, 0.235, 0.25, 0.25, 0.255, 0.266, 0.281, 0.292, 0.296, 0.306, 0.298, 0.279, 0.271, 0.262, 0.264, 0.264, 0.263, 0.264, 0.259, 0.256, 0.258, 0.259, 0.272, 0.289, 0.291, 0.273, 0.269, 0.265, 0.272, 0.274, 0.269, 0.272, 0.275, 0.267, 0.261, 0.267, 0.272, 0.274, 0.273, 0.276, 0.267]
Test Scores w/o background: [0.096, 0.075, 0.128, 0.124, 0.105, 0.141, 0.133, 0.142, 0.113, 0.082, 0.082, 0.069, 0.108, 0.144, 0.141, 0.123, 0.116, 0.071, 0.019, 0.026, 0.02, 0.024, 0.017, 0.013, 0.015, 0.03, 0.083, 0.077, 0.056, 0.046, 0.054, 0.058, 0.042, 0.03, 0.011, 0.019, 0.024, 0.053, 0.061, 0.038, 0.007, 0.013, 0.019, 0.019, 0.022, 0.009, 0.018, 0.017, 0.026, 0.071, 0.077, 0.065, 0.082, 0.087, 0.056, 0.053, 0.035, 0.046, 0.021, 0.017, 0.014, 0.01, 0.01, 0.009, 0.007, 0.01, 0.017, 0.013, 0.016, 0.011, 0.012, 0.027, 0.02, 0.013, 0.012, 0.011, 0.008, 0.0, 0.002, 0.008, 0.014, 0.001, 0.003, 0.008, 0.005, 0.029, 0.045, 0.044, 0.06, 0.048, 0.016, 0.006, 0.005, 0.013, 0.018, 0.014, 0.009, 0.013, 0.017, 0.024, 0.016, 0.05, 0.046, 0.064, 0.066, 0.029, 0.033, 0.025, 0.036, 0.048, 0.08, 0.054, 0.056, 0.055, 0.049, 0.051, 0.032, 0.037, 0.031, 0.025]
Train Scores: [0.215, 0.164, 0.327, 0.328, 0.302, 0.338, 0.315, 0.312, 0.284, 0.278, 0.285, 0.249, 0.281, 0.351, 0.312, 0.327, 0.337, 0.282, 0.234, 0.223, 0.243, 0.239, 0.232, 0.221, 0.228, 0.255, 0.275, 0.291, 0.268, 0.269, 0.264, 0.257, 0.261, 0.237, 0.233, 0.226, 0.225, 0.24, 0.263, 0.239, 0.245, 0.24, 0.232, 0.225, 0.237, 0.234, 0.236, 0.251, 0.268, 0.314, 0.325, 0.316, 0.343, 0.343, 0.319, 0.318, 0.296, 0.297, 0.285, 0.286, 0.278, 0.281, 0.278, 0.274, 0.265, 0.264, 0.264, 0.26, 0.24, 0.242, 0.239, 0.25, 0.247, 0.236, 0.235, 0.229, 0.239, 0.253, 0.255, 0.246, 0.235, 0.251, 0.253, 0.257, 0.265, 0.28, 0.288, 0.294, 0.306, 0.298, 0.283, 0.275, 0.266, 0.265, 0.265, 0.266, 0.263, 0.256, 0.252, 0.249, 0.251, 0.264, 0.296, 0.307, 0.281, 0.266, 0.261, 0.266, 0.276, 0.266, 0.262, 0.279, 0.265, 0.254, 0.264, 0.273, 0.276, 0.276, 0.289, 0.278]
Train Scores w/o background: [0.092, 0.074, 0.143, 0.14, 0.116, 0.148, 0.143, 0.135, 0.11, 0.08, 0.074, 0.048, 0.115, 0.155, 0.137, 0.13, 0.134, 0.074, 0.013, 0.017, 0.012, 0.016, 0.015, 0.01, 0.012, 0.03, 0.083, 0.083, 0.069, 0.054, 0.066, 0.066, 0.045, 0.019, 0.003, 0.009, 0.012, 0.047, 0.054, 0.032, 0.005, 0.009, 0.013, 0.018, 0.018, 0.015, 0.013, 0.012, 0.019, 0.079, 0.099, 0.084, 0.115, 0.117, 0.079, 0.078, 0.05, 0.055, 0.034, 0.037, 0.028, 0.024, 0.023, 0.02, 0.008, 0.008, 0.005, 0.002, 0.007, 0.003, 0.004, 0.021, 0.015, 0.006, 0.003, 0.004, 0.001, 0.0, 0.0, 0.001, 0.012, 0.003, 0.011, 0.012, 0.006, 0.027, 0.035, 0.039, 0.058, 0.045, 0.02, 0.01, 0.004, 0.005, 0.01, 0.011, 0.006, 0.007, 0.009, 0.011, 0.009, 0.043, 0.058, 0.088, 0.08, 0.034, 0.032, 0.025, 0.043, 0.045, 0.075, 0.067, 0.058, 0.045, 0.045, 0.054, 0.039, 0.042, 0.045, 0.033]
Train Loss: [0.081, 0.018, 0.01, 0.004, 0.001, 0.001, 0.0, 0.001, 0.001, 0.001, 0.0, 0.0, 0.0, 0.0, 0.0, 0.0, 0.004, 0.005, 0.001, 0.001, 0.001, 0.0, 0.0, 0.001, 0.0, 0.001, 0.002, 0.003, 0.0, 0.0, 0.001, 0.003, 0.001, 0.0, 0.0, 0.0, 0.001, 0.008, 0.009, 0.001, 0.001, 0.001, 0.001, 0.001, 0.0, 0.0, 0.001, 0.001, 0.001, 0.001, 0.002, 0.001, 0.0, 0.001, 0.0, 0.0, 0.0, 0.0, 0.0, 0.0, 0.001, 0.0, 0.0, 0.001, 0.0, 0.001, 0.001, 0.0, 0.001, 0.001, 0.001, 0.001, 0.001, 0.001, 0.001, 0.002, 0.002, 0.0, 0.0, 0.0, 0.0, 0.0, 0.001, 0.003, 0.002, 0.0, 0.0, 0.0, 0.0, 0.001, 0.0, 0.0, 0.001, 0.001, 0.0, 0.0, 0.0, 0.0, 0.001, 0.001, 0.0, 0.001, 0.001, 0.001, 0.002, 0.001, 0.0, 0.0, 0.0, 0.0, 0.0, 0.003, 0.005, 0.003, 0.002, 0.002, 0.001, 0.001, 0.001, 0.0]
Max test score: 0.337 found at epoch: 14
Max test score shapes: 0.144 found at epoch: 14
