percentFullySupervised0.2
domainLossMultiplier0.001
Active: MinSizeShapesloss True 1 0.5 0.0035 0.015 
Active: MaxSizeShapesloss True 1 0.98 0.2 0.42 

Test Scores: [0.216, 0.16, 0.16, 0.311, 0.306, 0.297, 0.279, 0.258, 0.263, 0.252, 0.276, 0.323, 0.293, 0.273, 0.297, 0.292, 0.314, 0.283, 0.306, 0.291, 0.312, 0.305, 0.318, 0.346, 0.344, 0.342, 0.327, 0.33, 0.32, 0.325, 0.26, 0.26, 0.249, 0.241, 0.248, 0.249, 0.258, 0.259, 0.262, 0.252, 0.255, 0.288, 0.291, 0.281, 0.296, 0.302, 0.283, 0.283, 0.304, 0.311, 0.314, 0.318, 0.317, 0.328, 0.321, 0.311, 0.322, 0.275, 0.283, 0.321, 0.32, 0.287, 0.287, 0.271, 0.268, 0.326, 0.27, 0.27, 0.272, 0.269, 0.269, 0.269, 0.269, 0.269, 0.269, 0.269, 0.269, 0.269, 0.269, 0.269, 0.269, 0.269, 0.269, 0.269, 0.269, 0.269, 0.269, 0.269, 0.269, 0.269, 0.269, 0.269, 0.269, 0.269, 0.269, 0.269, 0.269, 0.269, 0.269, 0.269, 0.269, 0.269, 0.269, 0.269, 0.269, 0.269, 0.269, 0.269, 0.269, 0.269, 0.269, 0.269, 0.269, 0.269, 0.269, 0.269, 0.269, 0.269, 0.269, 0.269]
Test Scores w/o background: [0.092, 0.07, 0.068, 0.089, 0.069, 0.049, 0.026, 0.05, 0.016, 0.03, 0.045, 0.127, 0.056, 0.042, 0.082, 0.068, 0.09, 0.07, 0.084, 0.078, 0.09, 0.088, 0.107, 0.145, 0.128, 0.135, 0.108, 0.105, 0.084, 0.092, 0.032, 0.003, 0.013, 0.01, 0.008, 0.012, 0.007, 0.004, 0.021, 0.02, 0.014, 0.049, 0.046, 0.039, 0.059, 0.087, 0.071, 0.063, 0.099, 0.084, 0.087, 0.098, 0.101, 0.116, 0.093, 0.091, 0.082, 0.01, 0.027, 0.076, 0.074, 0.026, 0.028, 0.002, 0.006, 0.093, 0.0, 0.002, 0.011, 0.0, 0.0, 0.0, 0.0, 0.0, 0.0, 0.0, 0.0, 0.0, 0.0, 0.0, 0.0, 0.0, 0.0, 0.0, 0.0, 0.0, 0.0, 0.0, 0.0, 0.0, 0.0, 0.0, 0.0, 0.0, 0.0, 0.0, 0.0, 0.0, 0.0, 0.0, 0.0, 0.0, 0.0, 0.0, 0.0, 0.0, 0.0, 0.0, 0.0, 0.0, 0.0, 0.0, 0.0, 0.0, 0.0, 0.0, 0.0, 0.0, 0.0, 0.0]
Train Scores: [0.216, 0.151, 0.153, 0.321, 0.323, 0.304, 0.276, 0.259, 0.263, 0.249, 0.283, 0.335, 0.301, 0.275, 0.299, 0.296, 0.321, 0.292, 0.316, 0.303, 0.321, 0.314, 0.333, 0.344, 0.366, 0.362, 0.347, 0.356, 0.342, 0.338, 0.254, 0.259, 0.24, 0.236, 0.242, 0.247, 0.257, 0.26, 0.257, 0.241, 0.25, 0.304, 0.3, 0.292, 0.307, 0.31, 0.288, 0.296, 0.327, 0.334, 0.334, 0.344, 0.341, 0.347, 0.341, 0.319, 0.338, 0.281, 0.285, 0.328, 0.336, 0.301, 0.302, 0.273, 0.266, 0.347, 0.272, 0.274, 0.274, 0.272, 0.272, 0.272, 0.272, 0.272, 0.272, 0.272, 0.272, 0.272, 0.272, 0.272, 0.272, 0.272, 0.272, 0.272, 0.272, 0.272, 0.272, 0.272, 0.272, 0.272, 0.272, 0.272, 0.272, 0.272, 0.272, 0.272, 0.272, 0.272, 0.272, 0.272, 0.272, 0.272, 0.272, 0.272, 0.272, 0.272, 0.272, 0.272, 0.272, 0.272, 0.272, 0.272, 0.272, 0.272, 0.272, 0.272, 0.272, 0.272, 0.272, 0.272]
Train Scores w/o background: [0.09, 0.06, 0.062, 0.098, 0.084, 0.051, 0.018, 0.055, 0.02, 0.024, 0.051, 0.137, 0.061, 0.041, 0.082, 0.071, 0.096, 0.079, 0.095, 0.089, 0.099, 0.095, 0.121, 0.142, 0.151, 0.155, 0.128, 0.132, 0.107, 0.105, 0.025, 0.002, 0.01, 0.003, 0.002, 0.005, 0.002, 0.003, 0.016, 0.013, 0.013, 0.068, 0.051, 0.051, 0.064, 0.088, 0.064, 0.069, 0.114, 0.104, 0.105, 0.122, 0.125, 0.137, 0.115, 0.1, 0.097, 0.015, 0.026, 0.08, 0.091, 0.041, 0.045, 0.002, 0.006, 0.117, 0.0, 0.005, 0.008, 0.0, 0.0, 0.0, 0.0, 0.0, 0.0, 0.0, 0.0, 0.0, 0.0, 0.0, 0.0, 0.0, 0.0, 0.0, 0.0, 0.0, 0.0, 0.0, 0.0, 0.0, 0.0, 0.0, 0.0, 0.0, 0.0, 0.0, 0.0, 0.0, 0.0, 0.0, 0.0, 0.0, 0.0, 0.0, 0.0, 0.0, 0.0, 0.0, 0.0, 0.0, 0.0, 0.0, 0.0, 0.0, 0.0, 0.0, 0.0, 0.0, 0.0, 0.0]
Train Loss: [0.065, 0.004, 0.0, 0.0, 0.0, 0.0, 0.0, 0.0, 0.0, 0.0, 0.0, 0.0, 0.0, 0.0, 0.0, 0.0, 0.0, 0.0, 0.0, 0.0, 0.0, 0.0, 0.0, 0.0, 0.0, 0.0, 0.0, 0.0, 0.0, 0.0, 0.0, 0.0, 0.0, 0.0, 0.0, 0.0, 0.0, 0.0, 0.0, 0.0, 0.0, 0.0, 0.0, 0.0, 0.0, 0.0, 0.0, 0.0, 0.0, 0.0, 0.0, 0.0, 0.0, 0.0, 0.0, 0.0, 0.0, 0.0, 0.0, 0.0, 0.0, 0.0, 0.0, 0.0, 0.0, 0.0, 0.0, 0.0, 0.0, 0.0, 0.0, 0.0, 0.0, 0.0, 0.0, 0.0, 0.0, 0.0, 0.0, 0.0, 0.0, 0.0, 0.0, 0.0, 0.0, 0.0, 0.0, 0.0, 0.0, 0.0, 0.0, 0.0, 0.0, 0.0, 0.0, 0.0, 0.0, 0.0, 0.0, 0.0, 0.0, 0.0, 0.0, 0.0, 0.0, 0.0, 0.0, 0.0, 0.0, 0.0, 0.0, 0.0, 0.0, 0.0, 0.0, 0.0, 0.0, 0.0, 0.0, 0.0]
Max test score: 0.346 found at epoch: 24
Max test score shapes: 0.145 found at epoch: 24
