percentFullySupervised0.2
domainLossMultiplier0.001
Active: Adjacencyloss True True 30 0.0001 True False 
Active: Relationsloss True 2 True 0.1 False True 
Active: OneHotloss True 35 
Active: Smoothnessloss True 100 
Active: MinSizeShapesloss True 1 0.6 0.0035 0.015 
Active: MaxSizeShapesloss True 1 0.98 0.2 0.42 
 
zero images fully supervised!

Test Scores: [0.142, 0.219, 0.203, 0.159, 0.17, 0.183, 0.338, 0.379, 0.336, 0.314, 0.349, 0.332, 0.313, 0.24, 0.245, 0.273, 0.271, 0.293, 0.292, 0.258, 0.27, 0.317, 0.321, 0.286, 0.283, 0.266, 0.265, 0.258, 0.247, 0.243, 0.257, 0.295, 0.31, 0.324, 0.335, 0.319, 0.314, 0.292, 0.287, 0.286, 0.263, 0.24, 0.244, 0.244, 0.251, 0.257, 0.249, 0.251, 0.237, 0.232, 0.226, 0.222, 0.234, 0.232, 0.234, 0.252, 0.265, 0.269, 0.281, 0.293, 0.267, 0.257, 0.246, 0.232, 0.241, 0.24, 0.234, 0.239, 0.225, 0.241, 0.245, 0.237, 0.241, 0.242, 0.24, 0.236, 0.241, 0.246, 0.23, 0.241, 0.23, 0.23, 0.232, 0.232, 0.228, 0.231, 0.238, 0.247, 0.252, 0.255, 0.257, 0.238, 0.238, 0.225, 0.209, 0.212, 0.202, 0.209, 0.21, 0.217, 0.216, 0.224, 0.225, 0.225, 0.231, 0.238, 0.233, 0.24, 0.23, 0.228, 0.231, 0.246, 0.243, 0.248, 0.242, 0.266, 0.281, 0.28, 0.286, 0.281]
Test Scores w/o background: [0.079, 0.123, 0.096, 0.047, 0.049, 0.06, 0.107, 0.162, 0.149, 0.142, 0.161, 0.158, 0.139, 0.066, 0.077, 0.102, 0.096, 0.097, 0.103, 0.07, 0.092, 0.137, 0.148, 0.131, 0.108, 0.107, 0.081, 0.066, 0.066, 0.033, 0.071, 0.098, 0.109, 0.133, 0.145, 0.137, 0.118, 0.119, 0.099, 0.098, 0.063, 0.053, 0.055, 0.057, 0.065, 0.072, 0.064, 0.06, 0.065, 0.047, 0.035, 0.027, 0.033, 0.05, 0.05, 0.06, 0.061, 0.088, 0.088, 0.095, 0.081, 0.066, 0.053, 0.049, 0.04, 0.039, 0.048, 0.044, 0.057, 0.036, 0.035, 0.041, 0.043, 0.041, 0.039, 0.04, 0.029, 0.025, 0.03, 0.031, 0.041, 0.029, 0.024, 0.04, 0.044, 0.039, 0.049, 0.065, 0.061, 0.068, 0.067, 0.044, 0.047, 0.072, 0.039, 0.025, 0.036, 0.034, 0.037, 0.042, 0.042, 0.048, 0.075, 0.069, 0.052, 0.056, 0.068, 0.058, 0.06, 0.04, 0.046, 0.057, 0.066, 0.06, 0.079, 0.089, 0.078, 0.087, 0.084, 0.098]
Train Scores: [0.138, 0.209, 0.183, 0.151, 0.164, 0.184, 0.371, 0.396, 0.353, 0.322, 0.363, 0.334, 0.311, 0.239, 0.246, 0.273, 0.276, 0.305, 0.302, 0.257, 0.277, 0.326, 0.331, 0.282, 0.262, 0.247, 0.245, 0.244, 0.237, 0.246, 0.269, 0.311, 0.328, 0.341, 0.342, 0.322, 0.321, 0.295, 0.296, 0.297, 0.275, 0.251, 0.255, 0.25, 0.257, 0.267, 0.257, 0.26, 0.244, 0.245, 0.231, 0.222, 0.239, 0.239, 0.243, 0.265, 0.273, 0.283, 0.29, 0.294, 0.268, 0.253, 0.24, 0.231, 0.239, 0.239, 0.227, 0.234, 0.222, 0.237, 0.239, 0.231, 0.232, 0.233, 0.23, 0.228, 0.235, 0.242, 0.231, 0.246, 0.234, 0.233, 0.237, 0.237, 0.231, 0.237, 0.247, 0.261, 0.27, 0.273, 0.278, 0.258, 0.255, 0.237, 0.213, 0.214, 0.204, 0.21, 0.212, 0.222, 0.221, 0.232, 0.231, 0.232, 0.238, 0.244, 0.241, 0.247, 0.238, 0.238, 0.24, 0.249, 0.248, 0.251, 0.246, 0.264, 0.274, 0.278, 0.28, 0.277]
Train Scores w/o background: [0.07, 0.102, 0.076, 0.045, 0.044, 0.061, 0.143, 0.181, 0.164, 0.145, 0.172, 0.157, 0.132, 0.065, 0.083, 0.109, 0.109, 0.117, 0.123, 0.079, 0.102, 0.144, 0.158, 0.129, 0.091, 0.088, 0.06, 0.049, 0.052, 0.026, 0.076, 0.113, 0.132, 0.155, 0.159, 0.146, 0.124, 0.121, 0.106, 0.107, 0.075, 0.065, 0.069, 0.064, 0.073, 0.083, 0.074, 0.07, 0.073, 0.06, 0.038, 0.024, 0.036, 0.056, 0.06, 0.073, 0.065, 0.099, 0.093, 0.092, 0.076, 0.054, 0.038, 0.038, 0.03, 0.029, 0.037, 0.035, 0.05, 0.028, 0.026, 0.031, 0.031, 0.029, 0.025, 0.026, 0.018, 0.017, 0.023, 0.031, 0.038, 0.028, 0.027, 0.043, 0.044, 0.041, 0.056, 0.08, 0.08, 0.086, 0.089, 0.063, 0.064, 0.082, 0.04, 0.023, 0.033, 0.032, 0.037, 0.045, 0.046, 0.056, 0.078, 0.074, 0.056, 0.06, 0.071, 0.061, 0.064, 0.046, 0.052, 0.06, 0.069, 0.064, 0.077, 0.086, 0.073, 0.086, 0.081, 0.093]
Train Loss: [0.075, 0.031, 0.022, 0.016, 0.012, 0.01, 0.008, 0.007, 0.005, 0.003, 0.002, 0.001, 0.002, 0.002, 0.001, 0.001, 0.001, 0.0, 0.0, 0.0, 0.0, 0.0, 0.0, 0.001, 0.001, 0.0, 0.0, 0.0, 0.0, 0.0, 0.0, 0.0, 0.0, 0.0, 0.0, 0.0, 0.0, 0.0, 0.0, 0.0, 0.0, 0.0, 0.0, 0.0, 0.0, 0.0, 0.0, 0.0, 0.0, 0.0, 0.0, 0.001, 0.0, 0.0, 0.0, 0.0, 0.0, 0.0, 0.0, 0.0, 0.0, 0.0, 0.0, 0.001, 0.0, 0.0, 0.0, 0.0, 0.0, 0.0, 0.001, 0.0, 0.0, 0.0, 0.0, 0.0, 0.0, 0.0, 0.0, 0.0, 0.0, 0.0, 0.0, 0.0, 0.0, 0.0, 0.0, 0.0, 0.0, 0.0, 0.0, 0.0, 0.0, 0.0, 0.0, 0.0, 0.001, 0.001, 0.0, 0.001, 0.0, 0.0, 0.0, 0.0, 0.0, 0.0, 0.0, 0.0, 0.0, 0.0, 0.0, 0.0, 0.0, 0.0, 0.001, 0.0, 0.0, 0.0, 0.0, 0.0]
Max test score: 0.379 found at epoch: 8
Max test score shapes: 0.162 found at epoch: 8
