percentFullySupervised0.2
domainLossMultiplier0.001
Active: Adjacencyloss True True 30 0.0001 True False 
Active: Relationsloss True 2 True 0.1 False True 
Active: MinSizeShapesloss True 1 0.6 0.0035 0.015 
Active: MaxSizeShapesloss True 1 0.98 0.2 0.42 

Test Scores: [0.142, 0.212, 0.187, 0.162, 0.173, 0.18, 0.288, 0.299, 0.291, 0.294, 0.29, 0.311, 0.287, 0.273, 0.262, 0.275, 0.306, 0.301, 0.301, 0.3, 0.301, 0.297, 0.301, 0.278, 0.26, 0.258, 0.259, 0.26, 0.262, 0.265, 0.264, 0.263, 0.261, 0.26, 0.259, 0.258, 0.26, 0.262, 0.259, 0.256, 0.259, 0.256, 0.257, 0.255, 0.256, 0.258, 0.257, 0.259, 0.257, 0.258, 0.259, 0.256, 0.264, 0.265, 0.268, 0.268, 0.268, 0.269, 0.27, 0.275, 0.271, 0.263, 0.266, 0.264, 0.276, 0.298, 0.288, 0.293, 0.293, 0.293, 0.275, 0.273, 0.269, 0.268, 0.268, 0.268, 0.267, 0.265, 0.26, 0.257, 0.258, 0.259, 0.258, 0.257, 0.259, 0.261, 0.263, 0.259, 0.262, 0.259, 0.259, 0.264, 0.26, 0.258, 0.262, 0.27, 0.279, 0.27, 0.261, 0.262, 0.27, 0.266, 0.276, 0.261, 0.254, 0.256, 0.267, 0.276, 0.273, 0.259, 0.261, 0.272, 0.273, 0.273, 0.271, 0.267, 0.268, 0.268, 0.27, 0.272]
Test Scores w/o background: [0.081, 0.119, 0.058, 0.041, 0.046, 0.049, 0.032, 0.047, 0.034, 0.046, 0.033, 0.088, 0.042, 0.017, 0.03, 0.037, 0.069, 0.073, 0.071, 0.075, 0.077, 0.071, 0.085, 0.046, 0.018, 0.012, 0.008, 0.009, 0.009, 0.01, 0.012, 0.016, 0.009, 0.011, 0.007, 0.008, 0.005, 0.006, 0.006, 0.006, 0.004, 0.007, 0.005, 0.007, 0.006, 0.006, 0.006, 0.009, 0.008, 0.007, 0.007, 0.009, 0.005, 0.005, 0.002, 0.002, 0.001, 0.005, 0.017, 0.035, 0.037, 0.022, 0.027, 0.024, 0.043, 0.072, 0.055, 0.059, 0.063, 0.062, 0.027, 0.024, 0.016, 0.014, 0.013, 0.013, 0.013, 0.012, 0.01, 0.008, 0.01, 0.007, 0.015, 0.009, 0.008, 0.005, 0.003, 0.006, 0.006, 0.005, 0.006, 0.01, 0.005, 0.013, 0.019, 0.021, 0.034, 0.029, 0.029, 0.031, 0.039, 0.031, 0.051, 0.026, 0.026, 0.026, 0.034, 0.044, 0.056, 0.04, 0.039, 0.03, 0.038, 0.025, 0.016, 0.008, 0.004, 0.005, 0.005, 0.013]
Train Scores: [0.139, 0.204, 0.177, 0.154, 0.162, 0.172, 0.307, 0.323, 0.318, 0.317, 0.299, 0.309, 0.299, 0.284, 0.266, 0.283, 0.312, 0.306, 0.31, 0.312, 0.312, 0.31, 0.317, 0.282, 0.261, 0.259, 0.261, 0.262, 0.264, 0.267, 0.266, 0.265, 0.263, 0.262, 0.261, 0.26, 0.262, 0.264, 0.262, 0.259, 0.262, 0.259, 0.26, 0.259, 0.26, 0.263, 0.261, 0.262, 0.26, 0.261, 0.262, 0.26, 0.268, 0.269, 0.271, 0.27, 0.271, 0.27, 0.268, 0.27, 0.264, 0.26, 0.263, 0.264, 0.271, 0.303, 0.296, 0.301, 0.298, 0.298, 0.285, 0.283, 0.271, 0.27, 0.27, 0.27, 0.268, 0.266, 0.258, 0.257, 0.257, 0.26, 0.256, 0.256, 0.259, 0.262, 0.266, 0.258, 0.262, 0.258, 0.256, 0.262, 0.258, 0.252, 0.254, 0.266, 0.282, 0.272, 0.255, 0.263, 0.269, 0.271, 0.276, 0.265, 0.253, 0.253, 0.256, 0.266, 0.263, 0.262, 0.266, 0.273, 0.278, 0.275, 0.271, 0.268, 0.27, 0.27, 0.271, 0.272]
Train Scores w/o background: [0.072, 0.101, 0.052, 0.039, 0.038, 0.043, 0.054, 0.074, 0.067, 0.071, 0.045, 0.081, 0.053, 0.027, 0.032, 0.047, 0.075, 0.077, 0.082, 0.087, 0.089, 0.085, 0.102, 0.047, 0.014, 0.009, 0.006, 0.007, 0.008, 0.008, 0.01, 0.013, 0.008, 0.009, 0.006, 0.007, 0.005, 0.005, 0.005, 0.005, 0.004, 0.006, 0.005, 0.007, 0.006, 0.006, 0.006, 0.008, 0.008, 0.006, 0.008, 0.009, 0.006, 0.006, 0.002, 0.001, 0.001, 0.004, 0.012, 0.027, 0.026, 0.015, 0.018, 0.019, 0.03, 0.073, 0.06, 0.065, 0.066, 0.065, 0.036, 0.033, 0.015, 0.015, 0.013, 0.012, 0.011, 0.009, 0.006, 0.005, 0.007, 0.005, 0.007, 0.005, 0.005, 0.002, 0.002, 0.003, 0.003, 0.002, 0.002, 0.003, 0.004, 0.01, 0.012, 0.016, 0.033, 0.027, 0.015, 0.026, 0.034, 0.035, 0.05, 0.031, 0.027, 0.028, 0.027, 0.037, 0.046, 0.041, 0.039, 0.027, 0.041, 0.024, 0.013, 0.006, 0.003, 0.004, 0.004, 0.013]
Train Loss: [0.065, 0.022, 0.013, 0.008, 0.005, 0.003, 0.002, 0.001, 0.001, 0.0, 0.0, 0.0, 0.0, 0.0, 0.0, 0.0, 0.0, 0.0, 0.0, 0.0, 0.0, 0.0, 0.0, 0.0, 0.0, 0.0, 0.0, 0.0, 0.0, 0.0, 0.0, 0.0, 0.0, 0.0, 0.0, 0.0, 0.0, 0.0, 0.0, 0.0, 0.0, 0.0, 0.0, 0.0, 0.0, 0.0, 0.0, 0.0, 0.0, 0.0, 0.0, 0.0, 0.0, 0.0, 0.0, 0.0, 0.0, 0.0, 0.0, 0.0, 0.0, 0.0, 0.0, 0.0, 0.0, 0.0, 0.0, 0.0, 0.0, 0.0, 0.0, 0.0, 0.0, 0.0, 0.0, 0.0, 0.0, 0.0, 0.0, 0.0, 0.0, 0.0, 0.0, 0.0, 0.0, 0.0, 0.0, 0.0, 0.0, 0.0, 0.0, 0.0, 0.0, 0.0, 0.0, 0.0, 0.0, 0.0, 0.0, 0.0, 0.0, 0.0, 0.0, 0.0, 0.0, 0.0, 0.0, 0.0, 0.0, 0.0, 0.0, 0.0, 0.0, 0.0, 0.0, 0.0, 0.0, 0.0, 0.0, 0.0]
Max test score: 0.311 found at epoch: 12
Max test score shapes: 0.119 found at epoch: 2
