percentFullySupervised0.2
domainLossMultiplier0.001
Active: Adjacencyloss True True 30 0.0001 True False 
Active: Relationsloss True 2 True 0.1 False True 
Active: OneHotloss True 10 
Active: MinSizeShapesloss True 1 0.6 0.0035 0.015 
Active: MaxSizeShapesloss True 1 0.98 0.2 0.42 
 
zero images fully supervised!

Test Scores: [0.142, 0.216, 0.204, 0.16, 0.171, 0.175, 0.293, 0.317, 0.325, 0.369, 0.364, 0.341, 0.353, 0.354, 0.335, 0.321, 0.324, 0.349, 0.323, 0.318, 0.314, 0.34, 0.343, 0.336, 0.314, 0.259, 0.242, 0.248, 0.252, 0.26, 0.27, 0.277, 0.284, 0.288, 0.282, 0.285, 0.278, 0.272, 0.284, 0.292, 0.298, 0.3, 0.307, 0.297, 0.299, 0.308, 0.297, 0.297, 0.306, 0.289, 0.304, 0.287, 0.275, 0.272, 0.259, 0.254, 0.258, 0.258, 0.258, 0.247, 0.239, 0.23, 0.27, 0.31, 0.342, 0.328, 0.344, 0.334, 0.323, 0.323, 0.322, 0.32, 0.321, 0.308, 0.308, 0.287, 0.274, 0.294, 0.307, 0.301, 0.324, 0.309, 0.311, 0.302, 0.295, 0.297, 0.294, 0.298, 0.302, 0.301, 0.302, 0.296, 0.284, 0.271, 0.269, 0.267, 0.268, 0.277, 0.283, 0.3, 0.309, 0.297, 0.305, 0.306, 0.304, 0.304, 0.296, 0.302, 0.313, 0.307, 0.304, 0.294, 0.306, 0.295, 0.317, 0.313, 0.303, 0.31, 0.31, 0.329]
Test Scores w/o background: [0.079, 0.12, 0.08, 0.043, 0.048, 0.046, 0.071, 0.079, 0.091, 0.16, 0.167, 0.157, 0.162, 0.163, 0.154, 0.137, 0.15, 0.153, 0.119, 0.122, 0.114, 0.141, 0.156, 0.152, 0.119, 0.071, 0.047, 0.056, 0.066, 0.054, 0.071, 0.058, 0.089, 0.087, 0.09, 0.085, 0.065, 0.054, 0.077, 0.094, 0.103, 0.111, 0.112, 0.119, 0.122, 0.122, 0.12, 0.123, 0.126, 0.122, 0.118, 0.104, 0.089, 0.083, 0.066, 0.062, 0.059, 0.066, 0.064, 0.057, 0.041, 0.043, 0.073, 0.121, 0.147, 0.152, 0.148, 0.145, 0.135, 0.14, 0.135, 0.128, 0.126, 0.128, 0.12, 0.093, 0.085, 0.102, 0.109, 0.12, 0.116, 0.129, 0.115, 0.111, 0.103, 0.104, 0.115, 0.111, 0.125, 0.112, 0.103, 0.097, 0.084, 0.061, 0.065, 0.057, 0.064, 0.076, 0.098, 0.104, 0.109, 0.112, 0.126, 0.111, 0.116, 0.118, 0.127, 0.12, 0.121, 0.12, 0.108, 0.069, 0.104, 0.075, 0.114, 0.105, 0.081, 0.101, 0.085, 0.119]
Train Scores: [0.138, 0.205, 0.192, 0.153, 0.164, 0.167, 0.303, 0.342, 0.344, 0.387, 0.378, 0.355, 0.369, 0.367, 0.339, 0.328, 0.324, 0.353, 0.311, 0.305, 0.304, 0.337, 0.344, 0.34, 0.309, 0.25, 0.23, 0.244, 0.241, 0.261, 0.267, 0.286, 0.283, 0.293, 0.277, 0.279, 0.271, 0.27, 0.287, 0.299, 0.303, 0.308, 0.314, 0.303, 0.3, 0.307, 0.293, 0.292, 0.303, 0.29, 0.304, 0.287, 0.282, 0.277, 0.272, 0.267, 0.266, 0.258, 0.255, 0.246, 0.227, 0.226, 0.263, 0.306, 0.345, 0.336, 0.356, 0.339, 0.332, 0.324, 0.327, 0.327, 0.328, 0.313, 0.315, 0.297, 0.272, 0.283, 0.302, 0.298, 0.32, 0.308, 0.31, 0.302, 0.3, 0.301, 0.307, 0.311, 0.307, 0.301, 0.303, 0.293, 0.277, 0.264, 0.26, 0.259, 0.259, 0.267, 0.279, 0.296, 0.315, 0.312, 0.318, 0.323, 0.317, 0.316, 0.301, 0.309, 0.314, 0.298, 0.293, 0.278, 0.291, 0.283, 0.306, 0.302, 0.297, 0.298, 0.304, 0.324]
Train Scores w/o background: [0.071, 0.1, 0.072, 0.041, 0.042, 0.039, 0.08, 0.109, 0.109, 0.176, 0.177, 0.164, 0.174, 0.173, 0.158, 0.144, 0.151, 0.158, 0.107, 0.107, 0.1, 0.135, 0.15, 0.15, 0.108, 0.055, 0.036, 0.053, 0.059, 0.055, 0.068, 0.065, 0.083, 0.082, 0.079, 0.073, 0.051, 0.044, 0.076, 0.1, 0.109, 0.118, 0.117, 0.124, 0.125, 0.126, 0.122, 0.123, 0.123, 0.123, 0.116, 0.103, 0.096, 0.088, 0.076, 0.071, 0.064, 0.063, 0.061, 0.056, 0.024, 0.032, 0.062, 0.12, 0.15, 0.159, 0.16, 0.151, 0.143, 0.141, 0.141, 0.138, 0.137, 0.134, 0.13, 0.104, 0.082, 0.091, 0.102, 0.117, 0.111, 0.126, 0.112, 0.108, 0.106, 0.105, 0.127, 0.121, 0.127, 0.112, 0.103, 0.088, 0.073, 0.047, 0.049, 0.043, 0.048, 0.062, 0.089, 0.098, 0.112, 0.128, 0.14, 0.132, 0.134, 0.134, 0.136, 0.13, 0.12, 0.11, 0.095, 0.051, 0.087, 0.061, 0.101, 0.092, 0.072, 0.088, 0.078, 0.114]
Train Loss: [0.067, 0.024, 0.015, 0.009, 0.006, 0.004, 0.004, 0.003, 0.002, 0.002, 0.001, 0.001, 0.0, 0.0, 0.0, 0.0, 0.001, 0.0, 0.0, 0.0, 0.0, 0.0, 0.0, 0.0, 0.0, 0.0, 0.001, 0.0, 0.0, 0.0, 0.0, 0.0, 0.0, 0.0, 0.0, 0.0, 0.0, 0.0, 0.0, 0.0, 0.0, 0.0, 0.0, 0.0, 0.0, 0.001, 0.001, 0.0, 0.0, 0.0, 0.0, 0.0, 0.0, 0.0, 0.0, 0.0, 0.0, 0.0, 0.0, 0.0, 0.0, 0.002, 0.0, 0.0, 0.0, 0.0, 0.0, 0.0, 0.0, 0.0, 0.0, 0.0, 0.0, 0.0, 0.0, 0.0, 0.0, 0.001, 0.0, 0.0, 0.0, 0.0, 0.0, 0.0, 0.0, 0.0, 0.0, 0.0, 0.0, 0.0, 0.0, 0.0, 0.0, 0.0, 0.0, 0.0, 0.0, 0.0, 0.0, 0.0, 0.0, 0.0, 0.0, 0.0, 0.0, 0.001, 0.001, 0.0, 0.001, 0.002, 0.0, 0.0, 0.0, 0.0, 0.0, 0.0, 0.0, 0.0, 0.0, 0.0]
Max test score: 0.369 found at epoch: 10
Max test score shapes: 0.167 found at epoch: 11
