percentFullySupervised0.2
domainLossMultiplier0.001
Active: Adjacencyloss True True 30 0.0001 True False 
Active: Relationsloss True 2 True 0.1 False True 
Active: OneHotloss True 35 
Active: MinSizeShapesloss True 1 0.42 0.0035 0.015 
Active: MaxSizeShapesloss True 1 0.98 0.2 0.3 

Test Scores: [0.144, 0.22, 0.198, 0.21, 0.22, 0.239, 0.224, 0.238, 0.254, 0.272, 0.331, 0.315, 0.293, 0.261, 0.27, 0.318, 0.34, 0.319, 0.272, 0.202, 0.201, 0.201, 0.22, 0.232, 0.251, 0.269, 0.268, 0.245, 0.232, 0.265, 0.27, 0.283, 0.318, 0.274, 0.244, 0.226, 0.219, 0.226, 0.228, 0.236, 0.244, 0.251, 0.258, 0.248, 0.244, 0.237, 0.234, 0.222, 0.226, 0.231, 0.231, 0.241, 0.244, 0.241, 0.24, 0.232, 0.234, 0.229, 0.222, 0.225, 0.224, 0.253, 0.254, 0.259, 0.278, 0.294, 0.301, 0.315, 0.311, 0.314, 0.302, 0.303, 0.305, 0.298, 0.285, 0.275, 0.269, 0.253, 0.247, 0.241, 0.239, 0.237, 0.235, 0.237, 0.246, 0.243, 0.244, 0.254, 0.259, 0.267, 0.267, 0.266, 0.273, 0.262, 0.261, 0.256, 0.25, 0.248, 0.25, 0.246, 0.247, 0.244, 0.246, 0.252, 0.262, 0.266, 0.274, 0.281, 0.286, 0.303, 0.317, 0.353, 0.352, 0.34, 0.324, 0.316, 0.314, 0.288, 0.285, 0.28]
Test Scores w/o background: [0.071, 0.121, 0.093, 0.095, 0.1, 0.11, 0.077, 0.076, 0.079, 0.092, 0.162, 0.151, 0.131, 0.101, 0.097, 0.157, 0.15, 0.152, 0.113, 0.062, 0.071, 0.057, 0.029, 0.043, 0.053, 0.042, 0.06, 0.057, 0.051, 0.069, 0.111, 0.119, 0.145, 0.102, 0.083, 0.073, 0.057, 0.032, 0.068, 0.073, 0.062, 0.079, 0.085, 0.077, 0.07, 0.043, 0.065, 0.051, 0.056, 0.063, 0.061, 0.076, 0.062, 0.046, 0.072, 0.059, 0.059, 0.052, 0.056, 0.046, 0.042, 0.06, 0.058, 0.068, 0.09, 0.125, 0.109, 0.125, 0.122, 0.126, 0.109, 0.1, 0.09, 0.088, 0.076, 0.056, 0.065, 0.056, 0.064, 0.038, 0.05, 0.044, 0.052, 0.048, 0.025, 0.049, 0.039, 0.043, 0.027, 0.05, 0.045, 0.063, 0.063, 0.029, 0.047, 0.031, 0.018, 0.019, 0.011, 0.008, 0.007, 0.014, 0.017, 0.024, 0.031, 0.039, 0.047, 0.045, 0.059, 0.093, 0.105, 0.146, 0.141, 0.134, 0.123, 0.101, 0.114, 0.089, 0.067, 0.057]
Train Scores: [0.14, 0.208, 0.178, 0.201, 0.21, 0.234, 0.224, 0.231, 0.246, 0.271, 0.313, 0.299, 0.281, 0.251, 0.265, 0.308, 0.347, 0.312, 0.247, 0.186, 0.191, 0.194, 0.216, 0.231, 0.253, 0.27, 0.271, 0.245, 0.228, 0.27, 0.271, 0.279, 0.304, 0.258, 0.228, 0.21, 0.204, 0.218, 0.21, 0.217, 0.226, 0.229, 0.236, 0.227, 0.224, 0.223, 0.215, 0.207, 0.209, 0.212, 0.213, 0.226, 0.229, 0.229, 0.227, 0.218, 0.222, 0.221, 0.214, 0.218, 0.215, 0.244, 0.244, 0.252, 0.274, 0.29, 0.313, 0.327, 0.322, 0.318, 0.309, 0.305, 0.309, 0.298, 0.282, 0.271, 0.262, 0.248, 0.236, 0.236, 0.23, 0.227, 0.222, 0.226, 0.242, 0.233, 0.237, 0.255, 0.269, 0.268, 0.271, 0.268, 0.277, 0.268, 0.266, 0.261, 0.254, 0.252, 0.255, 0.254, 0.256, 0.252, 0.254, 0.259, 0.265, 0.27, 0.28, 0.284, 0.289, 0.307, 0.317, 0.354, 0.351, 0.339, 0.325, 0.322, 0.323, 0.298, 0.299, 0.294]
Train Scores w/o background: [0.062, 0.099, 0.066, 0.096, 0.1, 0.098, 0.067, 0.061, 0.068, 0.093, 0.138, 0.128, 0.11, 0.092, 0.102, 0.153, 0.169, 0.15, 0.083, 0.043, 0.06, 0.048, 0.022, 0.037, 0.055, 0.042, 0.065, 0.055, 0.044, 0.076, 0.112, 0.109, 0.126, 0.078, 0.058, 0.049, 0.034, 0.016, 0.043, 0.049, 0.036, 0.051, 0.057, 0.05, 0.044, 0.021, 0.039, 0.027, 0.032, 0.038, 0.037, 0.06, 0.044, 0.03, 0.057, 0.041, 0.043, 0.039, 0.042, 0.032, 0.027, 0.046, 0.04, 0.055, 0.08, 0.114, 0.12, 0.135, 0.132, 0.128, 0.117, 0.099, 0.091, 0.083, 0.067, 0.047, 0.051, 0.044, 0.045, 0.025, 0.036, 0.029, 0.034, 0.032, 0.015, 0.034, 0.029, 0.044, 0.037, 0.047, 0.05, 0.065, 0.068, 0.037, 0.055, 0.04, 0.025, 0.025, 0.016, 0.014, 0.013, 0.017, 0.02, 0.024, 0.028, 0.038, 0.047, 0.041, 0.055, 0.088, 0.098, 0.139, 0.128, 0.121, 0.112, 0.099, 0.116, 0.092, 0.079, 0.069]
Train Loss: [0.068, 0.022, 0.014, 0.011, 0.009, 0.008, 0.006, 0.005, 0.003, 0.002, 0.001, 0.001, 0.001, 0.001, 0.0, 0.0, 0.0, 0.0, 0.0, 0.0, 0.001, 0.003, 0.001, 0.0, 0.0, 0.0, 0.0, 0.0, 0.0, 0.0, 0.0, 0.0, 0.0, 0.0, 0.0, 0.0, 0.0, 0.0, 0.0, 0.0, 0.0, 0.0, 0.0, 0.0, 0.0, 0.0, 0.0, 0.0, 0.0, 0.0, 0.0, 0.0, 0.0, 0.0, 0.0, 0.0, 0.0, 0.0, 0.0, 0.0, 0.0, 0.001, 0.001, inf, 0.0, 0.0, 0.0, 0.0, 0.002, 0.0, 0.0, 0.0, 0.0, 0.0, 0.0, 0.0, 0.0, 0.0, 0.0, 0.0, 0.0, 0.0, 0.001, 0.001, 0.0, 0.0, 0.0, 0.0, 0.0, 0.0, 0.0, 0.001, 0.0, 0.0, 0.001, 0.001, 0.0, 0.0, 0.0, 0.0, 0.0, 0.0, 0.0, 0.0, 0.0, 0.0, 0.0, 0.0, 0.0, 0.0, 0.0, 0.0, 0.0, 0.001, 0.0, 0.0, 0.001, 0.001, 0.0, 0.0]
Max test score: 0.353 found at epoch: 112
Max test score shapes: 0.162 found at epoch: 11
