percentFullySupervised0.2
domainLossMultiplier0.001
Active: Adjacencyloss True True 30 0.0001 True False 
Active: Relationsloss True 2 True 0.1 False True 
Active: OneHotloss True 10 
Active: MinSizeShapesloss True 1 0.6 0.0035 0.015 
Active: MaxSizeShapesloss True 1 0.98 0.2 0.42 

Test Scores: [0.141, 0.215, 0.201, 0.158, 0.17, 0.177, 0.292, 0.32, 0.298, 0.374, 0.371, 0.329, 0.341, 0.356, 0.341, 0.334, 0.326, 0.327, 0.326, 0.338, 0.315, 0.269, 0.248, 0.276, 0.29, 0.296, 0.317, 0.331, 0.333, 0.31, 0.306, 0.286, 0.293, 0.267, 0.249, 0.223, 0.249, 0.273, 0.304, 0.328, 0.323, 0.303, 0.272, 0.234, 0.243, 0.247, 0.268, 0.302, 0.3, 0.264, 0.229, 0.238, 0.252, 0.254, 0.236, 0.235, 0.245, 0.238, 0.242, 0.252, 0.272, 0.252, 0.252, 0.241, 0.23, 0.245, 0.218, 0.237, 0.244, 0.27, 0.26, 0.265, 0.269, 0.278, 0.28, 0.275, 0.269, 0.272, 0.264, 0.253, 0.264, 0.258, 0.266, 0.267, 0.258, 0.261, 0.257, 0.257, 0.257, 0.268, 0.275, 0.274, 0.274, 0.265, 0.263, 0.259, 0.259, 0.264, 0.277, 0.289, 0.302, 0.3, 0.293, 0.274, 0.265, 0.261, 0.261, 0.267, 0.27, 0.264, 0.277, 0.277, 0.273, 0.274, 0.277, 0.279, 0.279, 0.273, 0.273, 0.27]
Test Scores w/o background: [0.079, 0.12, 0.08, 0.042, 0.043, 0.044, 0.061, 0.079, 0.042, 0.161, 0.161, 0.14, 0.151, 0.161, 0.154, 0.133, 0.136, 0.138, 0.138, 0.142, 0.122, 0.085, 0.062, 0.081, 0.095, 0.098, 0.119, 0.137, 0.136, 0.128, 0.115, 0.103, 0.082, 0.088, 0.067, 0.057, 0.034, 0.051, 0.082, 0.126, 0.129, 0.098, 0.075, 0.063, 0.047, 0.055, 0.084, 0.102, 0.099, 0.051, 0.05, 0.048, 0.054, 0.078, 0.063, 0.055, 0.028, 0.042, 0.05, 0.066, 0.083, 0.054, 0.072, 0.048, 0.048, 0.019, 0.02, 0.027, 0.047, 0.055, 0.056, 0.051, 0.048, 0.055, 0.055, 0.054, 0.052, 0.08, 0.066, 0.076, 0.061, 0.068, 0.08, 0.068, 0.069, 0.06, 0.058, 0.063, 0.055, 0.079, 0.072, 0.078, 0.045, 0.049, 0.054, 0.047, 0.048, 0.06, 0.076, 0.093, 0.096, 0.096, 0.086, 0.056, 0.047, 0.037, 0.034, 0.045, 0.054, 0.041, 0.064, 0.061, 0.05, 0.066, 0.061, 0.061, 0.065, 0.051, 0.05, 0.05]
Train Scores: [0.138, 0.202, 0.189, 0.15, 0.157, 0.166, 0.306, 0.344, 0.315, 0.401, 0.397, 0.336, 0.354, 0.374, 0.35, 0.321, 0.323, 0.327, 0.334, 0.353, 0.326, 0.263, 0.239, 0.269, 0.288, 0.296, 0.322, 0.331, 0.337, 0.316, 0.319, 0.3, 0.299, 0.285, 0.253, 0.218, 0.243, 0.266, 0.314, 0.347, 0.341, 0.305, 0.269, 0.226, 0.232, 0.237, 0.261, 0.313, 0.32, 0.276, 0.239, 0.247, 0.266, 0.264, 0.245, 0.243, 0.245, 0.237, 0.243, 0.253, 0.267, 0.254, 0.249, 0.238, 0.227, 0.24, 0.219, 0.24, 0.248, 0.273, 0.265, 0.268, 0.27, 0.284, 0.285, 0.281, 0.275, 0.258, 0.261, 0.243, 0.255, 0.251, 0.258, 0.258, 0.254, 0.259, 0.256, 0.256, 0.257, 0.267, 0.279, 0.268, 0.265, 0.258, 0.254, 0.249, 0.249, 0.252, 0.263, 0.275, 0.287, 0.303, 0.291, 0.277, 0.267, 0.26, 0.258, 0.262, 0.263, 0.257, 0.275, 0.273, 0.273, 0.272, 0.277, 0.276, 0.276, 0.268, 0.268, 0.263]
Train Scores w/o background: [0.07, 0.099, 0.07, 0.038, 0.034, 0.036, 0.075, 0.11, 0.065, 0.188, 0.185, 0.142, 0.162, 0.176, 0.159, 0.12, 0.135, 0.143, 0.148, 0.159, 0.132, 0.075, 0.047, 0.07, 0.087, 0.09, 0.122, 0.14, 0.144, 0.136, 0.133, 0.121, 0.092, 0.105, 0.066, 0.048, 0.023, 0.041, 0.095, 0.146, 0.148, 0.101, 0.073, 0.056, 0.039, 0.048, 0.076, 0.114, 0.119, 0.06, 0.057, 0.054, 0.065, 0.083, 0.068, 0.059, 0.027, 0.041, 0.051, 0.068, 0.08, 0.057, 0.069, 0.045, 0.044, 0.012, 0.016, 0.023, 0.043, 0.05, 0.054, 0.046, 0.043, 0.056, 0.055, 0.052, 0.05, 0.057, 0.06, 0.059, 0.054, 0.061, 0.07, 0.057, 0.062, 0.058, 0.055, 0.061, 0.058, 0.079, 0.079, 0.071, 0.036, 0.04, 0.043, 0.032, 0.033, 0.042, 0.056, 0.074, 0.077, 0.087, 0.081, 0.055, 0.047, 0.034, 0.032, 0.039, 0.047, 0.036, 0.063, 0.055, 0.049, 0.062, 0.061, 0.055, 0.058, 0.045, 0.043, 0.041]
Train Loss: [0.067, 0.024, 0.015, 0.009, 0.006, 0.004, 0.004, 0.003, 0.002, 0.002, 0.001, 0.001, 0.0, 0.0, 0.0, 0.0, 0.0, 0.0, 0.0, 0.001, 0.002, 0.0, 0.0, 0.0, 0.0, 0.0, 0.0, 0.0, 0.0, 0.0, 0.0, 0.0, 0.0, 0.002, 0.006, 0.002, 0.0, 0.0, 0.0, 0.0, 0.0, 0.0, 0.0, 0.001, 0.0, 0.0, 0.0, 0.0, 0.0, 0.0, 0.0, 0.0, 0.0, 0.0, 0.0, 0.0, 0.0, 0.0, 0.0, 0.0, 0.0, 0.0, 0.0, 0.0, 0.0, 0.001, 0.001, 0.0, 0.0, 0.0, 0.0, 0.0, 0.0, 0.0, 0.001, 0.0, 0.0, 0.0, 0.0, 0.0, 0.0, 0.0, 0.0, 0.001, 0.001, 0.0, 0.0, 0.0, 0.0, 0.0, 0.0, 0.0, 0.0, 0.0, 0.0, 0.001, 0.0, 0.0, 0.0, 0.0, 0.0, 0.0, 0.0, 0.0, 0.0, 0.0, 0.0, 0.0, 0.0, 0.0, 0.0, 0.0, 0.0, 0.0, 0.0, 0.0, 0.0, 0.0, 0.0, 0.0]
Max test score: 0.374 found at epoch: 10
Max test score shapes: 0.161 found at epoch: 11
