percentFullySupervised0.2
domainLossMultiplier0.001
Active: Adjacencyloss True True 30 0.0001 False False 
Active: Relationsloss True 2 True 0.1 False True False 
Active: OneHotloss True 20 
Active: Smoothnessloss True 100 
Active: MinSizeShapesloss True 1 0.5 0.0035 0.015 
Active: MaxSizeShapesloss True 1 0.98 0.2 0.42 

Test Scores: [0.224, 0.229, 0.257, 0.304, 0.328, 0.331, 0.28, 0.277, 0.283, 0.29, 0.309, 0.292, 0.295, 0.295, 0.276, 0.278, 0.272, 0.284, 0.286, 0.299, 0.29, 0.283, 0.303, 0.313, 0.316, 0.315, 0.304, 0.266, 0.243, 0.263, 0.28, 0.308, 0.316, 0.325, 0.336, 0.347, 0.374, 0.369, 0.353, 0.345, 0.316, 0.312, 0.352, 0.312, 0.295, 0.295, 0.309, 0.324, 0.302, 0.297, 0.282, 0.272, 0.279, 0.286, 0.291, 0.287, 0.266, 0.255, 0.25, 0.246, 0.25, 0.259, 0.281, 0.281, 0.304, 0.332, 0.284, 0.262, 0.257, 0.256, 0.25, 0.251, 0.254, 0.258, 0.252, 0.253, 0.256, 0.254, 0.254, 0.259, 0.257, 0.253, 0.249, 0.257, 0.252, 0.256, 0.256, 0.252, 0.253, 0.251, 0.249, 0.247, 0.247, 0.249, 0.244, 0.253, 0.268, 0.254, 0.255, 0.25, 0.255, 0.252, 0.255, 0.257, 0.26, 0.26, 0.26, 0.256, 0.255, 0.251, 0.253, 0.256, 0.252, 0.253, 0.251, 0.252, 0.253, 0.252, 0.256, 0.262]
Test Scores w/o background: [0.114, 0.095, 0.111, 0.128, 0.143, 0.144, 0.108, 0.117, 0.102, 0.114, 0.126, 0.116, 0.121, 0.122, 0.12, 0.1, 0.115, 0.13, 0.129, 0.129, 0.12, 0.108, 0.118, 0.134, 0.135, 0.142, 0.117, 0.069, 0.039, 0.076, 0.09, 0.114, 0.097, 0.113, 0.13, 0.137, 0.17, 0.173, 0.138, 0.129, 0.095, 0.091, 0.134, 0.077, 0.06, 0.059, 0.095, 0.12, 0.11, 0.055, 0.064, 0.028, 0.03, 0.059, 0.064, 0.06, 0.03, 0.011, 0.016, 0.02, 0.017, 0.03, 0.059, 0.025, 0.06, 0.103, 0.025, 0.007, 0.002, 0.006, 0.006, 0.006, 0.004, 0.004, 0.004, 0.003, 0.002, 0.001, 0.001, 0.001, 0.001, 0.002, 0.003, 0.003, 0.005, 0.006, 0.011, 0.007, 0.006, 0.005, 0.005, 0.004, 0.005, 0.006, 0.007, 0.007, 0.024, 0.003, 0.004, 0.005, 0.006, 0.006, 0.007, 0.007, 0.01, 0.012, 0.01, 0.014, 0.009, 0.009, 0.009, 0.007, 0.006, 0.004, 0.003, 0.004, 0.004, 0.007, 0.007, 0.008]
Train Scores: [0.207, 0.243, 0.258, 0.305, 0.336, 0.339, 0.279, 0.284, 0.281, 0.289, 0.308, 0.296, 0.293, 0.294, 0.276, 0.269, 0.262, 0.281, 0.294, 0.301, 0.294, 0.292, 0.315, 0.32, 0.324, 0.332, 0.311, 0.272, 0.245, 0.264, 0.289, 0.319, 0.34, 0.343, 0.356, 0.375, 0.406, 0.398, 0.394, 0.379, 0.35, 0.343, 0.387, 0.341, 0.331, 0.325, 0.351, 0.357, 0.328, 0.309, 0.297, 0.278, 0.289, 0.314, 0.314, 0.297, 0.268, 0.252, 0.241, 0.24, 0.249, 0.256, 0.291, 0.295, 0.323, 0.344, 0.307, 0.274, 0.259, 0.261, 0.255, 0.254, 0.257, 0.263, 0.259, 0.258, 0.26, 0.256, 0.255, 0.259, 0.257, 0.254, 0.251, 0.257, 0.255, 0.259, 0.265, 0.259, 0.258, 0.256, 0.254, 0.25, 0.25, 0.253, 0.249, 0.258, 0.279, 0.255, 0.257, 0.252, 0.258, 0.257, 0.26, 0.264, 0.266, 0.265, 0.264, 0.26, 0.261, 0.259, 0.261, 0.262, 0.26, 0.259, 0.257, 0.259, 0.26, 0.26, 0.263, 0.268]
Train Scores w/o background: [0.089, 0.102, 0.114, 0.12, 0.145, 0.148, 0.099, 0.121, 0.099, 0.113, 0.131, 0.125, 0.125, 0.126, 0.123, 0.095, 0.116, 0.135, 0.139, 0.134, 0.128, 0.12, 0.134, 0.144, 0.149, 0.158, 0.128, 0.079, 0.04, 0.084, 0.103, 0.129, 0.127, 0.135, 0.152, 0.167, 0.205, 0.203, 0.187, 0.169, 0.134, 0.133, 0.177, 0.115, 0.106, 0.096, 0.143, 0.155, 0.131, 0.069, 0.081, 0.037, 0.044, 0.092, 0.089, 0.069, 0.031, 0.009, 0.01, 0.015, 0.013, 0.028, 0.07, 0.041, 0.084, 0.118, 0.055, 0.021, 0.003, 0.007, 0.007, 0.006, 0.006, 0.008, 0.008, 0.005, 0.005, 0.004, 0.003, 0.002, 0.003, 0.004, 0.004, 0.003, 0.005, 0.006, 0.016, 0.01, 0.006, 0.005, 0.005, 0.004, 0.005, 0.007, 0.009, 0.007, 0.036, 0.003, 0.006, 0.007, 0.009, 0.009, 0.011, 0.014, 0.012, 0.011, 0.011, 0.01, 0.009, 0.01, 0.009, 0.005, 0.008, 0.007, 0.007, 0.007, 0.007, 0.01, 0.011, 0.009]
Train Loss: [0.1, 0.024, 0.015, 0.007, 0.004, 0.002, 0.001, 0.006, 0.001, 0.001, 0.001, 0.001, 0.001, 0.0, 0.0, 0.0, 0.0, 0.0, 0.001, 0.0, 0.0, 0.0, 0.0, 0.0, 0.0, 0.0, 0.0, 0.0, 0.001, 0.001, 0.0, 0.0, 0.0, 0.0, 0.0, 0.001, 0.0, 0.0, 0.0, 0.0, 0.001, 0.001, 0.0, 0.0, 0.0, 0.001, 0.0, 0.0, 0.0, 0.002, 0.0, 0.0, 0.0, 0.0, 0.0, 0.0, 0.0, 0.0, 0.0, 0.0, 0.0, 0.0, 0.0, inf, 0.0, 0.0, 0.0, 0.001, 0.003, 0.0, 0.0, 0.0, 0.0, 0.0, 0.0, 0.0, 0.0, 0.0, 0.0, 0.001, 0.003, 0.0, 0.001, 0.002, 0.0, 0.0, 0.0, 0.0, 0.0, 0.0, 0.0, 0.0, 0.0, 0.0, 0.0, 0.0, 0.001, 0.001, 0.0, 0.0, 0.0, 0.0, 0.0, 0.0, 0.0, 0.0, 0.0, 0.001, 0.001, inf, 0.0, 0.0, 0.002, 0.0, 0.001, 0.0, 0.0, 0.0, 0.0, 0.0]
Max test score: 0.374 found at epoch: 37
Max test score shapes: 0.173 found at epoch: 38
