seed 234
percentFullySupervised 0.2
domainLossMultiplier 0.001
Active: Adjacencyloss True True 30 0.0001 False False 
Active: Relationsloss True 2 True 0.1 False True False 
Active: OneHotloss True 20 
Active: MinSizeShapesloss True 1 0.5 0.0035 0.015 
Active: MaxSizeShapesloss True 1 0.98 0.2 0.42 

Test Scores: [0.225, 0.328, 0.269, 0.32, 0.318, 0.319, 0.276, 0.328, 0.325, 0.307, 0.332, 0.326, 0.307, 0.32, 0.311, 0.276, 0.238, 0.251, 0.261, 0.27, 0.263, 0.273, 0.294, 0.298, 0.3, 0.277, 0.236, 0.226, 0.239, 0.243, 0.265, 0.28, 0.293, 0.285, 0.244, 0.239, 0.211, 0.236, 0.236, 0.237, 0.252, 0.278, 0.31, 0.281, 0.27, 0.258, 0.253, 0.243, 0.241, 0.245, 0.263, 0.276, 0.285, 0.278, 0.273, 0.304, 0.325, 0.297, 0.292, 0.3, 0.334, 0.303, 0.322, 0.328, 0.306, 0.295, 0.27, 0.277, 0.267, 0.264, 0.257, 0.259, 0.256, 0.262, 0.262, 0.255, 0.248, 0.241, 0.259, 0.256, 0.254, 0.246, 0.262, 0.262, 0.263, 0.264, 0.265, 0.281, 0.283, 0.259, 0.273, 0.279, 0.282, 0.273, 0.276, 0.272, 0.261, 0.26, 0.265, 0.263]
Test Scores w/o background: [0.058, 0.148, 0.11, 0.132, 0.14, 0.146, 0.093, 0.141, 0.134, 0.11, 0.144, 0.144, 0.131, 0.145, 0.142, 0.112, 0.079, 0.083, 0.058, 0.075, 0.077, 0.088, 0.122, 0.107, 0.117, 0.1, 0.055, 0.04, 0.072, 0.075, 0.105, 0.11, 0.114, 0.091, 0.048, 0.037, 0.037, 0.022, 0.019, 0.021, 0.036, 0.062, 0.091, 0.048, 0.042, 0.033, 0.028, 0.038, 0.026, 0.048, 0.053, 0.084, 0.074, 0.057, 0.043, 0.095, 0.103, 0.076, 0.081, 0.076, 0.122, 0.073, 0.105, 0.108, 0.072, 0.071, 0.05, 0.053, 0.039, 0.027, 0.029, 0.03, 0.026, 0.024, 0.03, 0.019, 0.017, 0.021, 0.012, 0.02, 0.02, 0.036, 0.025, 0.023, 0.039, 0.021, 0.027, 0.052, 0.055, 0.034, 0.046, 0.035, 0.054, 0.035, 0.044, 0.05, 0.038, 0.02, 0.027, 0.013]
Train Scores: [0.221, 0.326, 0.284, 0.331, 0.321, 0.301, 0.247, 0.305, 0.323, 0.336, 0.342, 0.313, 0.284, 0.307, 0.31, 0.271, 0.215, 0.236, 0.252, 0.261, 0.251, 0.265, 0.274, 0.277, 0.282, 0.272, 0.226, 0.217, 0.234, 0.239, 0.249, 0.259, 0.284, 0.306, 0.265, 0.238, 0.206, 0.243, 0.246, 0.247, 0.262, 0.269, 0.322, 0.293, 0.273, 0.251, 0.25, 0.244, 0.248, 0.256, 0.266, 0.266, 0.28, 0.256, 0.26, 0.307, 0.346, 0.285, 0.291, 0.285, 0.324, 0.317, 0.341, 0.333, 0.31, 0.287, 0.272, 0.273, 0.269, 0.271, 0.272, 0.27, 0.269, 0.279, 0.276, 0.262, 0.255, 0.258, 0.258, 0.26, 0.261, 0.249, 0.263, 0.268, 0.251, 0.257, 0.256, 0.269, 0.263, 0.243, 0.252, 0.258, 0.259, 0.27, 0.253, 0.249, 0.237, 0.248, 0.256, 0.271]
Train Scores w/o background: [0.063, 0.141, 0.119, 0.142, 0.145, 0.128, 0.073, 0.125, 0.128, 0.114, 0.141, 0.128, 0.111, 0.128, 0.132, 0.096, 0.061, 0.067, 0.045, 0.078, 0.071, 0.079, 0.111, 0.1, 0.111, 0.081, 0.042, 0.028, 0.063, 0.068, 0.09, 0.092, 0.104, 0.086, 0.041, 0.033, 0.028, 0.015, 0.008, 0.014, 0.034, 0.064, 0.101, 0.056, 0.043, 0.023, 0.021, 0.035, 0.027, 0.058, 0.075, 0.094, 0.072, 0.032, 0.024, 0.087, 0.113, 0.061, 0.078, 0.065, 0.116, 0.085, 0.114, 0.103, 0.072, 0.046, 0.026, 0.037, 0.015, 0.018, 0.022, 0.022, 0.012, 0.019, 0.023, 0.015, 0.012, 0.016, 0.007, 0.008, 0.012, 0.018, 0.006, 0.008, 0.03, 0.015, 0.018, 0.037, 0.036, 0.031, 0.044, 0.022, 0.046, 0.024, 0.037, 0.044, 0.025, 0.014, 0.018, 0.011]
Train Loss: [0.068, 0.014, 0.007, 0.003, 0.001, 0.001, 0.001, 0.0, 0.0, 0.0, 0.0, 0.0, 0.0, 0.001, 0.0, 0.001, 0.004, 0.0, 0.0, 0.0, 0.0, 0.0, 0.001, 0.0, 0.0, 0.0, 0.0, inf, inf, 0.0, 0.0, 0.0, 0.0, 0.0, 0.001, 0.0, 0.001, 0.0, 0.001, 0.0, 0.0, 0.0, 0.001, 0.0, 0.0, 0.0, 0.0, 0.001, 0.001, 0.0, 0.0, 0.0, 0.0, 0.0, 0.0, 0.0, 0.0, 0.0, 0.0, 0.0, 0.0, 0.0, 0.0, 0.0, 0.0, 0.0, 0.001, 0.0, 0.0, 0.001, 0.0, 0.0, 0.0, 0.0, 0.0, 0.0, 0.0, 0.0, 0.001, 0.0, 0.0, 0.0, 0.0, 0.0, 0.0, 0.001, 0.0, 0.0, 0.0, 0.0, 0.0, 0.001, 0.0, 0.0, 0.0, 0.0, 0.0, 0.0, 0.001, 0.0]
Max test score: 0.334 found at epoch: 61
Max test score shapes: 0.148 found at epoch: 2
Avg generalisation ratio: 1.307
Avg generalisation diff: -0.007