percentFullySupervised0.2
domainLossMultiplier0.005
Active: Adjacencyloss True True 30 0.0001 True False 
Active: Relationsloss True 2 True 0.1 False True 
Active: OneHotloss True 35 
Active: MinSizeShapesloss True 1 0.6 0.0035 0.015 
Active: MaxSizeShapesloss True 1 0.98 0.2 0.42
 
zero images fully supervised!

Test Scores: [0.138, 0.248, 0.202, 0.191, 0.188, 0.218, 0.249, 0.309, 0.341, 0.342, 0.351, 0.355, 0.329, 0.329, 0.3, 0.3, 0.299, 0.285, 0.312, 0.335, 0.308, 0.33, 0.34, 0.338, 0.33, 0.32, 0.311, 0.336, 0.321, 0.318, 0.352, 0.349, 0.33, 0.262, 0.26, 0.251, 0.263, 0.267, 0.287, 0.319, 0.367, 0.376, 0.368, 0.344, 0.296, 0.25, 0.24, 0.227, 0.232, 0.222, 0.213, 0.215, 0.222, 0.24, 0.236, 0.235, 0.249, 0.244, 0.24, 0.24, 0.237, 0.237, 0.237, 0.229, 0.236, 0.244, 0.238, 0.236, 0.23, 0.24, 0.232, 0.235, 0.235, 0.237, 0.246, 0.245, 0.254, 0.258, 0.279, 0.284, 0.289, 0.293, 0.292, 0.295, 0.272, 0.268, 0.256, 0.249, 0.265, 0.279, 0.282, 0.287, 0.293, 0.29, 0.291, 0.293, 0.28, 0.275, 0.271, 0.276, 0.266, 0.268, 0.258, 0.248, 0.247, 0.252, 0.256, 0.258, 0.26, 0.263, 0.275, 0.28, 0.288, 0.292, 0.284, 0.277, 0.28, 0.294, 0.293, 0.289]
Test Scores w/o background: [0.075, 0.138, 0.094, 0.054, 0.05, 0.076, 0.098, 0.127, 0.147, 0.151, 0.154, 0.165, 0.152, 0.139, 0.129, 0.122, 0.118, 0.103, 0.133, 0.148, 0.134, 0.146, 0.153, 0.146, 0.13, 0.126, 0.116, 0.136, 0.142, 0.148, 0.155, 0.155, 0.115, 0.047, 0.041, 0.044, 0.049, 0.052, 0.064, 0.1, 0.149, 0.164, 0.151, 0.119, 0.063, 0.024, 0.016, 0.016, 0.021, 0.017, 0.018, 0.02, 0.017, 0.011, 0.018, 0.014, 0.011, 0.013, 0.012, 0.01, 0.011, 0.012, 0.011, 0.014, 0.011, 0.007, 0.01, 0.009, 0.012, 0.007, 0.015, 0.016, 0.021, 0.019, 0.022, 0.034, 0.036, 0.032, 0.062, 0.041, 0.06, 0.066, 0.067, 0.069, 0.039, 0.045, 0.023, 0.026, 0.041, 0.042, 0.048, 0.046, 0.065, 0.046, 0.045, 0.056, 0.05, 0.056, 0.059, 0.053, 0.047, 0.045, 0.016, 0.026, 0.027, 0.023, 0.022, 0.029, 0.029, 0.032, 0.037, 0.036, 0.056, 0.054, 0.036, 0.031, 0.037, 0.063, 0.053, 0.035]
Train Scores: [0.133, 0.23, 0.191, 0.182, 0.171, 0.212, 0.254, 0.329, 0.354, 0.355, 0.368, 0.36, 0.336, 0.338, 0.31, 0.311, 0.312, 0.297, 0.32, 0.337, 0.304, 0.333, 0.347, 0.342, 0.328, 0.313, 0.309, 0.343, 0.335, 0.33, 0.364, 0.359, 0.334, 0.257, 0.259, 0.245, 0.254, 0.259, 0.289, 0.329, 0.39, 0.397, 0.39, 0.37, 0.313, 0.253, 0.24, 0.223, 0.225, 0.213, 0.203, 0.204, 0.211, 0.233, 0.225, 0.222, 0.24, 0.233, 0.227, 0.229, 0.226, 0.231, 0.232, 0.221, 0.226, 0.241, 0.23, 0.228, 0.221, 0.237, 0.223, 0.227, 0.228, 0.233, 0.24, 0.239, 0.244, 0.248, 0.263, 0.275, 0.28, 0.278, 0.28, 0.281, 0.257, 0.249, 0.245, 0.239, 0.252, 0.271, 0.28, 0.296, 0.299, 0.292, 0.292, 0.29, 0.27, 0.262, 0.256, 0.265, 0.256, 0.255, 0.261, 0.243, 0.24, 0.246, 0.25, 0.25, 0.253, 0.26, 0.27, 0.281, 0.291, 0.298, 0.294, 0.288, 0.288, 0.298, 0.302, 0.305]
Train Scores w/o background: [0.065, 0.109, 0.086, 0.056, 0.041, 0.073, 0.103, 0.14, 0.159, 0.166, 0.17, 0.169, 0.155, 0.145, 0.136, 0.131, 0.13, 0.115, 0.14, 0.15, 0.129, 0.145, 0.155, 0.146, 0.124, 0.115, 0.108, 0.138, 0.155, 0.155, 0.166, 0.163, 0.118, 0.04, 0.039, 0.036, 0.041, 0.044, 0.066, 0.113, 0.176, 0.187, 0.176, 0.147, 0.083, 0.029, 0.013, 0.008, 0.009, 0.006, 0.006, 0.008, 0.006, 0.003, 0.007, 0.005, 0.004, 0.006, 0.004, 0.004, 0.004, 0.004, 0.004, 0.006, 0.005, 0.005, 0.004, 0.002, 0.002, 0.002, 0.004, 0.005, 0.009, 0.009, 0.012, 0.024, 0.023, 0.02, 0.042, 0.028, 0.047, 0.049, 0.054, 0.054, 0.02, 0.024, 0.01, 0.012, 0.023, 0.03, 0.041, 0.052, 0.067, 0.046, 0.043, 0.049, 0.036, 0.037, 0.037, 0.037, 0.033, 0.026, 0.018, 0.017, 0.016, 0.013, 0.014, 0.018, 0.02, 0.028, 0.033, 0.039, 0.063, 0.065, 0.051, 0.047, 0.052, 0.073, 0.068, 0.055]
Train Loss: [0.368, 0.137, 0.087, 0.061, 0.045, 0.038, 0.031, 0.023, 0.013, 0.008, 0.005, 0.004, 0.003, 0.002, 0.002, 0.002, 0.001, 0.001, 0.003, 0.006, 0.011, 0.001, 0.001, 0.001, 0.001, 0.001, 0.001, 0.001, 0.003, 0.006, 0.001, 0.0, 0.001, 0.001, 0.001, 0.003, 0.004, 0.0, 0.0, 0.0, 0.0, 0.003, 0.005, 0.0, 0.0, 0.0, 0.002, 0.0, 0.001, 0.0, 0.001, 0.004, 0.0, 0.001, 0.001, 0.001, 0.0, 0.0, 0.0, 0.0, 0.004, 0.0, 0.0, 0.0, 0.0, 0.002, 0.0, 0.001, 0.004, 0.002, 0.0, 0.0, 0.001, 0.002, 0.002, 0.0, 0.001, 0.001, 0.0, 0.003, 0.003, 0.0, 0.001, 0.0, 0.0, 0.002, 0.001, 0.0, 0.003, 0.0, 0.0, 0.001, 0.0, 0.0, 0.003, 0.009, 0.003, 0.0, 0.002, 0.003, 0.001, 0.001, 0.001, 0.004, 0.006, 0.004, 0.005, 0.002, 0.0, 0.001, 0.0, 0.001, 0.0, 0.0, 0.001, 0.0, 0.0, 0.0, 0.0, 0.0]
Max test score: 0.376 found at epoch: 42
Max test score shapes: 0.165 found at epoch: 12
