percentFullySupervised0.2
domainLossMultiplier0.001
Active: Adjacencyloss True True 30 0.0001 True False 
Active: Relationsloss True 2 True 0.1 False True 
Active: OneHotloss True 35 
Active: MinSizeShapesloss True 1 0.6 0.015 0.015 
Active: MaxSizeShapesloss True 1 0.98 0.2 0.3 
 
zero images fully supervised!

Test Scores: [0.144, 0.221, 0.206, 0.179, 0.17, 0.18, 0.218, 0.246, 0.285, 0.281, 0.302, 0.31, 0.296, 0.31, 0.318, 0.321, 0.337, 0.316, 0.314, 0.308, 0.299, 0.282, 0.292, 0.32, 0.323, 0.335, 0.343, 0.317, 0.32, 0.322, 0.301, 0.315, 0.308, 0.288, 0.301, 0.303, 0.302, 0.297, 0.305, 0.316, 0.307, 0.319, 0.31, 0.305, 0.326, 0.342, 0.341, 0.334, 0.313, 0.307, 0.307, 0.306, 0.312, 0.321, 0.302, 0.3, 0.305, 0.307, 0.324, 0.341, 0.345, 0.335, 0.354, 0.308, 0.31, 0.339, 0.306, 0.299, 0.293, 0.286, 0.268, 0.266, 0.273, 0.288, 0.321, 0.296, 0.296, 0.334, 0.302, 0.298, 0.287, 0.285, 0.306, 0.299, 0.293, 0.295, 0.293, 0.321, 0.308, 0.29, 0.303, 0.288, 0.292, 0.307, 0.293, 0.297, 0.31, 0.314, 0.315, 0.336, 0.319, 0.312, 0.327, 0.302, 0.328, 0.33, 0.316, 0.31, 0.293, 0.297, 0.286, 0.293, 0.281, 0.277, 0.27, 0.252, 0.242, 0.235, 0.229, 0.226]
Test Scores w/o background: [0.071, 0.122, 0.097, 0.069, 0.047, 0.054, 0.09, 0.087, 0.096, 0.085, 0.088, 0.079, 0.067, 0.071, 0.089, 0.092, 0.107, 0.071, 0.073, 0.064, 0.068, 0.059, 0.066, 0.081, 0.076, 0.093, 0.105, 0.071, 0.079, 0.082, 0.058, 0.089, 0.065, 0.046, 0.061, 0.06, 0.067, 0.068, 0.061, 0.072, 0.061, 0.078, 0.066, 0.055, 0.084, 0.116, 0.108, 0.107, 0.089, 0.075, 0.072, 0.072, 0.078, 0.093, 0.054, 0.053, 0.056, 0.06, 0.082, 0.11, 0.112, 0.103, 0.143, 0.071, 0.077, 0.134, 0.092, 0.067, 0.089, 0.068, 0.031, 0.045, 0.052, 0.054, 0.082, 0.041, 0.041, 0.099, 0.049, 0.045, 0.028, 0.024, 0.055, 0.044, 0.035, 0.038, 0.036, 0.078, 0.058, 0.032, 0.053, 0.028, 0.035, 0.062, 0.038, 0.047, 0.072, 0.079, 0.073, 0.109, 0.077, 0.065, 0.088, 0.051, 0.088, 0.092, 0.07, 0.062, 0.035, 0.045, 0.03, 0.046, 0.026, 0.023, 0.017, 0.007, 0.006, 0.006, 0.007, 0.011]
Train Scores: [0.141, 0.208, 0.183, 0.182, 0.177, 0.188, 0.214, 0.241, 0.276, 0.277, 0.303, 0.313, 0.296, 0.313, 0.315, 0.322, 0.335, 0.318, 0.314, 0.312, 0.294, 0.278, 0.29, 0.32, 0.332, 0.341, 0.35, 0.321, 0.319, 0.325, 0.303, 0.315, 0.309, 0.29, 0.303, 0.305, 0.303, 0.301, 0.308, 0.31, 0.298, 0.321, 0.315, 0.309, 0.329, 0.341, 0.344, 0.341, 0.326, 0.321, 0.316, 0.312, 0.317, 0.32, 0.314, 0.307, 0.308, 0.312, 0.328, 0.347, 0.344, 0.345, 0.362, 0.324, 0.323, 0.345, 0.304, 0.3, 0.285, 0.282, 0.27, 0.266, 0.271, 0.29, 0.327, 0.315, 0.319, 0.346, 0.327, 0.326, 0.308, 0.302, 0.329, 0.319, 0.317, 0.316, 0.316, 0.333, 0.327, 0.318, 0.314, 0.29, 0.295, 0.317, 0.299, 0.301, 0.32, 0.327, 0.326, 0.353, 0.339, 0.332, 0.343, 0.329, 0.356, 0.356, 0.342, 0.334, 0.312, 0.32, 0.308, 0.311, 0.296, 0.289, 0.283, 0.258, 0.241, 0.234, 0.228, 0.224]
Train Scores w/o background: [0.062, 0.101, 0.075, 0.087, 0.064, 0.071, 0.087, 0.075, 0.079, 0.07, 0.084, 0.071, 0.056, 0.067, 0.081, 0.087, 0.097, 0.075, 0.076, 0.063, 0.057, 0.047, 0.056, 0.069, 0.081, 0.094, 0.105, 0.073, 0.077, 0.081, 0.061, 0.082, 0.058, 0.04, 0.055, 0.055, 0.058, 0.063, 0.057, 0.063, 0.047, 0.073, 0.063, 0.052, 0.079, 0.104, 0.102, 0.104, 0.089, 0.079, 0.073, 0.07, 0.075, 0.082, 0.062, 0.055, 0.055, 0.062, 0.085, 0.113, 0.11, 0.111, 0.144, 0.086, 0.086, 0.127, 0.085, 0.063, 0.08, 0.066, 0.031, 0.048, 0.052, 0.057, 0.102, 0.072, 0.079, 0.125, 0.092, 0.09, 0.061, 0.05, 0.09, 0.074, 0.071, 0.069, 0.071, 0.099, 0.084, 0.07, 0.067, 0.031, 0.039, 0.073, 0.044, 0.05, 0.08, 0.089, 0.084, 0.125, 0.104, 0.093, 0.111, 0.089, 0.13, 0.132, 0.109, 0.096, 0.063, 0.077, 0.06, 0.072, 0.047, 0.039, 0.033, 0.011, 0.004, 0.004, 0.005, 0.006]
Train Loss: [0.074, 0.029, 0.02, 0.014, 0.01, 0.008, 0.007, 0.006, 0.005, 0.004, 0.003, 0.002, 0.001, 0.001, 0.001, 0.0, 0.001, 0.0, 0.0, 0.0, 0.0, 0.0, 0.0, 0.0, 0.0, 0.0, 0.0, 0.0, 0.0, 0.0, 0.0, 0.0, 0.0, 0.0, 0.0, 0.001, 0.0, 0.0, 0.0, 0.0, 0.0, 0.0, 0.0, 0.0, 0.0, 0.0, 0.0, 0.0, 0.0, 0.0, 0.0, 0.0, 0.0, 0.0, 0.0, 0.0, 0.0, 0.0, 0.0, 0.0, 0.0, 0.0, 0.0, 0.0, 0.0, 0.0, 0.0, 0.0, 0.0, 0.0, 0.0, 0.0, 0.0, 0.0, 0.001, 0.0, 0.0, 0.0, 0.0, 0.0, 0.0, 0.0, 0.0, 0.0, 0.0, 0.0, 0.0, 0.0, 0.0, 0.0, 0.0, 0.0, 0.0, 0.0, 0.0, 0.0, 0.0, 0.0, 0.0, 0.0, 0.0, 0.0, 0.0, 0.0, 0.0, 0.0, 0.0, 0.0, 0.0, 0.0, 0.0, 0.0, 0.0, 0.0, 0.0, 0.0, 0.0, 0.0, 0.001, 0.0]
Max test score: 0.354 found at epoch: 63
Max test score shapes: 0.143 found at epoch: 63
