percentFullySupervised0.2
domainLossMultiplier0.001
Active: OneHotloss True 20 
Active: MinSizeShapesloss True 1 0.5 0.0035 0.015 
Active: MaxSizeShapesloss True 1 0.98 0.2 0.42 

Test Scores: [0.23, 0.177, 0.288, 0.301, 0.28, 0.312, 0.285, 0.26, 0.338, 0.315, 0.343, 0.346, 0.293, 0.288, 0.275, 0.26, 0.256, 0.253, 0.241, 0.252, 0.247, 0.217, 0.23, 0.252, 0.25, 0.216, 0.206, 0.199, 0.192, 0.216, 0.201, 0.202, 0.189, 0.205, 0.209, 0.204, 0.204, 0.219, 0.18, 0.197, 0.227, 0.233, 0.259, 0.306, 0.288, 0.278, 0.282, 0.276, 0.272, 0.277, 0.282, 0.286, 0.305, 0.288, 0.277, 0.293, 0.299, 0.297, 0.292, 0.291, 0.289, 0.287, 0.299, 0.286, 0.273, 0.25, 0.251, 0.269, 0.284, 0.283, 0.28, 0.284, 0.277, 0.279, 0.274, 0.274, 0.269, 0.266, 0.277, 0.276, 0.275, 0.276, 0.273, 0.269, 0.269, 0.275, 0.29, 0.292, 0.283, 0.26, 0.249, 0.234, 0.25, 0.256, 0.252, 0.253, 0.26, 0.267, 0.265, 0.275, 0.284, 0.277, 0.283, 0.285, 0.286, 0.289, 0.281, 0.28, 0.284, 0.293, 0.289, 0.296, 0.279, 0.274, 0.27, 0.272, 0.27, 0.272, 0.274, 0.276]
Test Scores w/o background: [0.099, 0.078, 0.128, 0.132, 0.094, 0.122, 0.113, 0.092, 0.144, 0.119, 0.14, 0.147, 0.102, 0.084, 0.087, 0.086, 0.084, 0.094, 0.077, 0.069, 0.084, 0.034, 0.034, 0.046, 0.065, 0.027, 0.022, 0.022, 0.035, 0.02, 0.039, 0.045, 0.051, 0.045, 0.049, 0.048, 0.042, 0.024, 0.044, 0.04, 0.041, 0.052, 0.065, 0.078, 0.055, 0.048, 0.033, 0.041, 0.019, 0.023, 0.026, 0.027, 0.057, 0.042, 0.017, 0.049, 0.054, 0.051, 0.044, 0.04, 0.039, 0.033, 0.053, 0.031, 0.021, 0.033, 0.037, 0.013, 0.036, 0.032, 0.023, 0.03, 0.027, 0.027, 0.02, 0.018, 0.005, 0.009, 0.023, 0.022, 0.017, 0.026, 0.022, 0.039, 0.04, 0.037, 0.058, 0.049, 0.03, 0.012, 0.013, 0.03, 0.015, 0.021, 0.021, 0.024, 0.024, 0.029, 0.01, 0.028, 0.034, 0.02, 0.042, 0.029, 0.032, 0.042, 0.027, 0.022, 0.026, 0.041, 0.032, 0.051, 0.022, 0.017, 0.017, 0.017, 0.016, 0.017, 0.024, 0.026]
Train Scores: [0.231, 0.175, 0.294, 0.317, 0.297, 0.334, 0.278, 0.249, 0.351, 0.327, 0.358, 0.361, 0.262, 0.271, 0.271, 0.269, 0.256, 0.251, 0.245, 0.26, 0.252, 0.211, 0.227, 0.252, 0.263, 0.214, 0.201, 0.195, 0.185, 0.209, 0.19, 0.19, 0.177, 0.195, 0.197, 0.191, 0.193, 0.214, 0.171, 0.188, 0.218, 0.224, 0.253, 0.319, 0.309, 0.303, 0.294, 0.297, 0.28, 0.283, 0.29, 0.293, 0.31, 0.292, 0.279, 0.298, 0.308, 0.305, 0.299, 0.296, 0.294, 0.292, 0.308, 0.292, 0.279, 0.258, 0.246, 0.27, 0.28, 0.28, 0.28, 0.281, 0.274, 0.276, 0.273, 0.273, 0.271, 0.266, 0.278, 0.284, 0.284, 0.286, 0.278, 0.276, 0.277, 0.285, 0.299, 0.295, 0.291, 0.264, 0.248, 0.23, 0.25, 0.26, 0.252, 0.251, 0.255, 0.265, 0.267, 0.273, 0.289, 0.281, 0.296, 0.289, 0.285, 0.294, 0.283, 0.284, 0.289, 0.301, 0.296, 0.303, 0.281, 0.277, 0.28, 0.281, 0.28, 0.281, 0.288, 0.29]
Train Scores w/o background: [0.095, 0.078, 0.135, 0.144, 0.095, 0.139, 0.113, 0.084, 0.153, 0.132, 0.155, 0.161, 0.065, 0.064, 0.082, 0.096, 0.088, 0.094, 0.081, 0.073, 0.081, 0.024, 0.028, 0.044, 0.075, 0.022, 0.015, 0.015, 0.024, 0.011, 0.022, 0.027, 0.035, 0.028, 0.031, 0.029, 0.024, 0.009, 0.025, 0.021, 0.023, 0.035, 0.052, 0.097, 0.08, 0.077, 0.047, 0.065, 0.028, 0.031, 0.035, 0.034, 0.061, 0.049, 0.021, 0.055, 0.061, 0.057, 0.047, 0.042, 0.04, 0.033, 0.063, 0.038, 0.035, 0.039, 0.027, 0.011, 0.029, 0.026, 0.02, 0.024, 0.021, 0.022, 0.018, 0.016, 0.005, 0.01, 0.027, 0.034, 0.027, 0.036, 0.022, 0.045, 0.049, 0.044, 0.066, 0.051, 0.037, 0.014, 0.009, 0.026, 0.012, 0.018, 0.02, 0.024, 0.024, 0.029, 0.014, 0.029, 0.036, 0.019, 0.053, 0.031, 0.026, 0.044, 0.023, 0.023, 0.029, 0.048, 0.041, 0.056, 0.021, 0.018, 0.026, 0.026, 0.025, 0.026, 0.039, 0.041]
Train Loss: [0.076, 0.013, 0.006, 0.002, 0.001, 0.0, 0.0, 0.0, 0.0, 0.0, 0.001, 0.0, 0.0, 0.0, 0.0, 0.003, 0.001, 0.001, 0.001, 0.0, 0.0, 0.0, 0.0, 0.0, 0.0, 0.001, 0.0, 0.001, 0.0, 0.0, 0.0, 0.0, 0.0, 0.0, 0.0, 0.0, 0.0, 0.0, 0.003, 0.011, 0.0, 0.0, 0.0, 0.001, 0.005, 0.004, 0.001, 0.0, 0.0, 0.0, 0.0, 0.0, 0.0, 0.0, 0.0, 0.0, 0.0, 0.001, 0.0, 0.0, 0.0, 0.0, 0.0, 0.0, 0.001, 0.001, 0.005, 0.003, 0.001, 0.0, 0.0, 0.0, 0.0, 0.0, 0.0, 0.0, 0.0, 0.0, 0.0, 0.0, 0.0, 0.0, 0.0, 0.0, 0.001, 0.003, 0.0, 0.0, 0.0, 0.0, 0.0, 0.0, 0.0, 0.0, 0.0, 0.0, 0.0, 0.0, 0.0, 0.0, 0.0, 0.0, 0.001, 0.0, 0.001, 0.004, 0.001, 0.0, 0.0, 0.0, 0.0, 0.0, 0.0, 0.0, 0.0, 0.0, 0.001, 0.001, 0.0, 0.0]
Max test score: 0.346 found at epoch: 12
Max test score shapes: 0.147 found at epoch: 12
