seed 123
percentFullySupervised 0.2
domainLossMultiplier 0.001
Active: Adjacencyloss True True 30 0.0001 False False 
Active: Relationsloss True 2 True 0.1 False True False 
Active: OneHotloss True 20 
Active: MinSizeShapesloss True 1 0.5 0.0035 0.015 
Active: MaxSizeShapesloss True 1 0.98 0.2 0.42 

Test Scores: [0.194, 0.298, 0.305, 0.312, 0.291, 0.254, 0.316, 0.327, 0.321, 0.307, 0.293, 0.264, 0.25, 0.307, 0.332, 0.314, 0.307, 0.326, 0.317, 0.286, 0.261, 0.274, 0.269, 0.284, 0.274, 0.263, 0.279, 0.307, 0.281, 0.276, 0.289, 0.3, 0.296, 0.275, 0.264, 0.275, 0.276, 0.275, 0.272, 0.28, 0.278, 0.274, 0.264, 0.258, 0.26, 0.257, 0.259, 0.248, 0.258, 0.27, 0.272, 0.284, 0.314, 0.302, 0.291, 0.295, 0.274, 0.269, 0.271, 0.283, 0.299, 0.288, 0.286, 0.293, 0.286, 0.286, 0.267, 0.289, 0.298, 0.279, 0.29, 0.271, 0.254, 0.262, 0.257, 0.262, 0.24, 0.24, 0.269, 0.301, 0.303, 0.31, 0.295, 0.288, 0.275, 0.259, 0.248, 0.258, 0.263, 0.259, 0.256, 0.257, 0.262, 0.27, 0.266, 0.263, 0.255, 0.255, 0.258, 0.256]
Test Scores w/o background: [0.055, 0.114, 0.129, 0.127, 0.132, 0.079, 0.127, 0.129, 0.141, 0.125, 0.09, 0.049, 0.063, 0.098, 0.111, 0.098, 0.111, 0.117, 0.097, 0.053, 0.041, 0.045, 0.047, 0.072, 0.057, 0.081, 0.071, 0.094, 0.06, 0.068, 0.084, 0.096, 0.107, 0.064, 0.071, 0.05, 0.07, 0.055, 0.049, 0.075, 0.063, 0.053, 0.037, 0.024, 0.022, 0.032, 0.037, 0.024, 0.036, 0.044, 0.045, 0.056, 0.113, 0.081, 0.055, 0.06, 0.029, 0.023, 0.032, 0.051, 0.065, 0.055, 0.045, 0.049, 0.04, 0.048, 0.016, 0.046, 0.056, 0.027, 0.043, 0.034, 0.038, 0.037, 0.05, 0.043, 0.03, 0.025, 0.026, 0.067, 0.074, 0.1, 0.071, 0.056, 0.047, 0.019, 0.026, 0.017, 0.008, 0.012, 0.015, 0.015, 0.029, 0.017, 0.024, 0.023, 0.029, 0.022, 0.029, 0.009]
Train Scores: [0.196, 0.308, 0.356, 0.321, 0.286, 0.238, 0.32, 0.361, 0.34, 0.291, 0.264, 0.23, 0.238, 0.315, 0.316, 0.307, 0.278, 0.327, 0.33, 0.284, 0.243, 0.258, 0.25, 0.273, 0.255, 0.244, 0.25, 0.292, 0.288, 0.297, 0.315, 0.329, 0.313, 0.292, 0.275, 0.294, 0.292, 0.29, 0.279, 0.296, 0.282, 0.281, 0.278, 0.272, 0.278, 0.276, 0.247, 0.225, 0.268, 0.287, 0.29, 0.312, 0.326, 0.331, 0.305, 0.308, 0.281, 0.282, 0.282, 0.289, 0.326, 0.305, 0.31, 0.327, 0.308, 0.294, 0.283, 0.313, 0.325, 0.306, 0.323, 0.326, 0.285, 0.294, 0.286, 0.285, 0.241, 0.244, 0.265, 0.317, 0.331, 0.334, 0.319, 0.298, 0.256, 0.25, 0.228, 0.272, 0.272, 0.271, 0.267, 0.258, 0.258, 0.265, 0.258, 0.258, 0.248, 0.255, 0.247, 0.253]
Train Scores w/o background: [0.032, 0.117, 0.158, 0.138, 0.123, 0.057, 0.121, 0.143, 0.134, 0.11, 0.082, 0.046, 0.048, 0.098, 0.097, 0.094, 0.097, 0.131, 0.109, 0.046, 0.029, 0.039, 0.036, 0.068, 0.044, 0.081, 0.055, 0.086, 0.059, 0.077, 0.101, 0.122, 0.119, 0.082, 0.075, 0.068, 0.054, 0.05, 0.03, 0.06, 0.046, 0.039, 0.012, 0.014, 0.004, 0.011, 0.053, 0.033, 0.054, 0.059, 0.057, 0.074, 0.116, 0.102, 0.061, 0.071, 0.05, 0.043, 0.048, 0.061, 0.095, 0.078, 0.078, 0.091, 0.075, 0.071, 0.037, 0.073, 0.084, 0.056, 0.078, 0.085, 0.05, 0.052, 0.065, 0.054, 0.011, 0.017, 0.024, 0.072, 0.09, 0.111, 0.087, 0.055, 0.026, 0.009, 0.015, 0.006, 0.002, 0.004, 0.004, 0.004, 0.014, 0.004, 0.009, 0.009, 0.015, 0.015, 0.022, 0.009]
Train Loss: [0.069, 0.015, 0.007, 0.002, 0.001, 0.001, 0.001, 0.0, 0.0, 0.001, 0.001, 0.0, 0.001, 0.001, 0.0, 0.0, 0.001, 0.001, 0.0, 0.0, 0.0, 0.0, 0.0, 0.0, 0.0, 0.0, 0.001, 0.0, 0.003, 0.001, 0.0, 0.0, 0.0, 0.0, 0.0, 0.0, 0.0, 0.0, 0.0, 0.0, 0.001, 0.0, 0.0, 0.0, 0.0, 0.0, 0.001, 0.003, 0.0, 0.0, 0.0, 0.001, 0.001, 0.0, 0.0, 0.001, 0.001, 0.001, 0.001, 0.0, 0.0, 0.0, 0.0, 0.0, 0.0, 0.001, 0.002, 0.001, 0.0, 0.0, 0.0, 0.0, 0.001, 0.0, 0.0, 0.001, 0.0, 0.0, 0.001, 0.0, 0.0, 0.0, 0.0, 0.0, 0.0, 0.0, 0.0, 0.0, 0.0, 0.0, 0.0, 0.0, 0.0, 0.0, 0.0, 0.0, 0.0, 0.001, 0.001, 0.0]
Max test score: 0.332 found at epoch: 15
Max test score shapes: 0.141 found at epoch: 9
Avg generalisation ratio: 1.299
Avg generalisation diff: 0.003