percentFullySupervised0.2
domainLossMultiplier0.001
Active: OneHotloss True 20 
Active: MinSizeShapesloss True 1 0.6 0.0035 0.015 
Active: MaxSizeShapesloss True 1 0.98 0.2 0.42 

Test Scores: [0.12, 0.233, 0.214, 0.251, 0.259, 0.251, 0.239, 0.297, 0.309, 0.303, 0.316, 0.303, 0.308, 0.32, 0.313, 0.305, 0.29, 0.283, 0.264, 0.254, 0.237, 0.254, 0.266, 0.267, 0.252, 0.24, 0.272, 0.282, 0.252, 0.253, 0.294, 0.32, 0.318, 0.304, 0.28, 0.277, 0.232, 0.231, 0.247, 0.268, 0.279, 0.305, 0.331, 0.351, 0.355, 0.33, 0.347, 0.33, 0.358, 0.351, 0.338, 0.335, 0.314, 0.32, 0.33, 0.285, 0.273, 0.276, 0.275, 0.276, 0.275, 0.256, 0.237, 0.247, 0.241, 0.254, 0.248, 0.255, 0.234, 0.27, 0.273, 0.274, 0.273, 0.272, 0.267, 0.264, 0.256, 0.237, 0.24, 0.249, 0.246, 0.244, 0.242, 0.244, 0.246, 0.246, 0.246, 0.249, 0.251, 0.24, 0.237, 0.253, 0.248, 0.251, 0.246, 0.25, 0.256, 0.25, 0.252, 0.246, 0.246, 0.246, 0.241, 0.241, 0.238, 0.239, 0.236, 0.246, 0.236, 0.239, 0.249, 0.274, 0.291, 0.302, 0.319, 0.296, 0.295, 0.317, 0.306, 0.301]
Test Scores w/o background: [0.078, 0.112, 0.092, 0.101, 0.092, 0.098, 0.107, 0.108, 0.137, 0.132, 0.13, 0.138, 0.133, 0.119, 0.132, 0.118, 0.104, 0.079, 0.084, 0.068, 0.08, 0.08, 0.101, 0.074, 0.057, 0.055, 0.083, 0.084, 0.086, 0.099, 0.11, 0.129, 0.104, 0.119, 0.1, 0.078, 0.056, 0.03, 0.051, 0.056, 0.069, 0.097, 0.129, 0.134, 0.149, 0.149, 0.147, 0.138, 0.144, 0.154, 0.123, 0.124, 0.114, 0.118, 0.115, 0.061, 0.042, 0.045, 0.052, 0.043, 0.048, 0.029, 0.032, 0.03, 0.025, 0.023, 0.023, 0.028, 0.033, 0.03, 0.036, 0.025, 0.03, 0.023, 0.017, 0.011, 0.009, 0.013, 0.012, 0.01, 0.012, 0.009, 0.007, 0.006, 0.005, 0.005, 0.004, 0.005, 0.006, 0.007, 0.007, 0.007, 0.005, 0.007, 0.011, 0.009, 0.008, 0.006, 0.005, 0.005, 0.005, 0.008, 0.007, 0.008, 0.007, 0.009, 0.008, 0.008, 0.013, 0.009, 0.019, 0.039, 0.061, 0.056, 0.085, 0.043, 0.041, 0.075, 0.059, 0.052]
Train Scores: [0.125, 0.244, 0.229, 0.251, 0.254, 0.25, 0.241, 0.309, 0.312, 0.31, 0.336, 0.311, 0.317, 0.347, 0.335, 0.322, 0.306, 0.301, 0.28, 0.275, 0.259, 0.272, 0.28, 0.285, 0.266, 0.252, 0.283, 0.292, 0.268, 0.268, 0.315, 0.335, 0.343, 0.315, 0.298, 0.279, 0.227, 0.223, 0.232, 0.259, 0.28, 0.324, 0.347, 0.372, 0.38, 0.353, 0.37, 0.356, 0.376, 0.362, 0.357, 0.354, 0.333, 0.337, 0.344, 0.282, 0.268, 0.275, 0.277, 0.28, 0.279, 0.253, 0.23, 0.241, 0.23, 0.25, 0.242, 0.248, 0.231, 0.269, 0.269, 0.271, 0.269, 0.27, 0.264, 0.262, 0.254, 0.233, 0.238, 0.249, 0.246, 0.244, 0.243, 0.246, 0.249, 0.248, 0.247, 0.25, 0.249, 0.238, 0.235, 0.244, 0.244, 0.245, 0.237, 0.242, 0.25, 0.243, 0.247, 0.242, 0.242, 0.237, 0.235, 0.234, 0.232, 0.232, 0.229, 0.237, 0.229, 0.234, 0.246, 0.27, 0.311, 0.308, 0.327, 0.306, 0.302, 0.322, 0.31, 0.303]
Train Scores w/o background: [0.085, 0.127, 0.1, 0.101, 0.09, 0.098, 0.108, 0.125, 0.142, 0.14, 0.146, 0.144, 0.141, 0.146, 0.152, 0.136, 0.12, 0.1, 0.096, 0.081, 0.089, 0.089, 0.108, 0.09, 0.071, 0.063, 0.092, 0.092, 0.099, 0.112, 0.132, 0.148, 0.133, 0.135, 0.12, 0.084, 0.053, 0.026, 0.047, 0.059, 0.083, 0.124, 0.147, 0.157, 0.177, 0.169, 0.171, 0.164, 0.162, 0.169, 0.147, 0.146, 0.131, 0.132, 0.125, 0.051, 0.035, 0.043, 0.053, 0.044, 0.051, 0.025, 0.026, 0.022, 0.016, 0.022, 0.015, 0.022, 0.028, 0.029, 0.03, 0.02, 0.024, 0.018, 0.011, 0.006, 0.004, 0.005, 0.003, 0.002, 0.002, 0.002, 0.003, 0.002, 0.001, 0.002, 0.001, 0.001, 0.001, 0.002, 0.003, 0.004, 0.001, 0.002, 0.008, 0.007, 0.006, 0.003, 0.002, 0.002, 0.002, 0.005, 0.004, 0.005, 0.005, 0.007, 0.007, 0.008, 0.011, 0.008, 0.021, 0.04, 0.079, 0.061, 0.091, 0.054, 0.047, 0.079, 0.061, 0.05]
Train Loss: [0.054, 0.022, 0.014, 0.009, 0.006, 0.004, 0.003, 0.002, 0.001, 0.001, 0.0, 0.0, 0.0, 0.0, 0.0, 0.0, 0.0, 0.0, 0.0, 0.0, 0.0, 0.0, 0.0, 0.0, 0.0, 0.0, 0.0, 0.0, 0.0, 0.0, 0.0, 0.0, 0.0, 0.0, 0.0, 0.0, 0.0, 0.0, 0.0, 0.0, 0.0, 0.0, 0.0, 0.0, 0.0, 0.0, 0.0, 0.0, 0.0, 0.0, 0.0, 0.0, 0.0, 0.0, 0.0, 0.0, 0.001, 0.001, 0.0, 0.0, 0.0, 0.0, 0.0, 0.0, 0.0, 0.0, 0.0, 0.0, 0.0, 0.0, 0.0, 0.0, 0.0, 0.0, 0.0, 0.0, 0.0, 0.0, 0.0, 0.0, 0.0, 0.0, 0.0, 0.0, 0.0, 0.0, 0.0, 0.0, 0.0, 0.0, 0.0, 0.0, 0.0, 0.0, 0.0, 0.0, 0.0, 0.0, 0.0, 0.0, 0.0, 0.001, 0.0, 0.0, 0.0, 0.0, 0.0, 0.0, 0.0, 0.0, 0.0, 0.0, 0.0, 0.0, 0.0, 0.0, 0.0, 0.0, 0.0, 0.0]
Max test score: 0.358 found at epoch: 49
Max test score shapes: 0.154 found at epoch: 50
