seed 42
percentFullySupervised 0.2
domainLossMultiplier 0.001
Active: Adjacencyloss True True 30 0.0001 False False 
Active: Relationsloss True 2 True 0.1 False True False 
Active: OneHotloss True 20 
Active: MinSizeShapesloss True 1 0.5 0.0035 0.015 
Active: MaxSizeShapesloss True 1 0.98 0.2 0.42 

Test Scores: [0.245, 0.343, 0.304, 0.293, 0.328, 0.304, 0.32, 0.294, 0.273, 0.257, 0.28, 0.293, 0.325, 0.329, 0.303, 0.263, 0.304, 0.333, 0.311, 0.293, 0.279, 0.259, 0.253, 0.256, 0.256, 0.249, 0.252, 0.242, 0.243, 0.25, 0.327, 0.29, 0.317, 0.354, 0.359, 0.297, 0.229, 0.26, 0.289, 0.254, 0.249, 0.247, 0.239, 0.242, 0.227, 0.217, 0.229, 0.237, 0.289, 0.353, 0.363, 0.351, 0.283, 0.255, 0.243, 0.235, 0.239, 0.248, 0.254, 0.287, 0.313, 0.295, 0.288, 0.277, 0.272, 0.277, 0.264, 0.256, 0.258, 0.26, 0.264, 0.268, 0.269, 0.268, 0.272, 0.265, 0.257, 0.245, 0.249, 0.251, 0.247, 0.25, 0.248, 0.253, 0.264, 0.261, 0.27, 0.269, 0.257, 0.264, 0.255, 0.262, 0.257, 0.253, 0.246, 0.254, 0.253, 0.256, 0.252, 0.251]
Test Scores w/o background: [0.117, 0.152, 0.117, 0.109, 0.143, 0.121, 0.133, 0.131, 0.098, 0.068, 0.088, 0.101, 0.127, 0.153, 0.096, 0.052, 0.111, 0.136, 0.098, 0.08, 0.065, 0.068, 0.063, 0.06, 0.046, 0.065, 0.072, 0.043, 0.023, 0.04, 0.12, 0.095, 0.118, 0.154, 0.153, 0.09, 0.026, 0.059, 0.073, 0.043, 0.036, 0.025, 0.027, 0.022, 0.016, 0.022, 0.026, 0.016, 0.09, 0.157, 0.159, 0.146, 0.049, 0.014, 0.009, 0.011, 0.021, 0.024, 0.03, 0.068, 0.078, 0.052, 0.051, 0.041, 0.042, 0.048, 0.04, 0.039, 0.034, 0.037, 0.032, 0.031, 0.031, 0.023, 0.035, 0.025, 0.016, 0.012, 0.006, 0.007, 0.01, 0.005, 0.014, 0.008, 0.02, 0.011, 0.02, 0.019, 0.014, 0.013, 0.021, 0.019, 0.023, 0.012, 0.01, 0.008, 0.017, 0.014, 0.011, 0.009]
Train Scores: [0.245, 0.351, 0.32, 0.308, 0.348, 0.344, 0.327, 0.294, 0.294, 0.275, 0.307, 0.325, 0.357, 0.299, 0.319, 0.262, 0.318, 0.344, 0.314, 0.308, 0.297, 0.276, 0.266, 0.277, 0.267, 0.244, 0.236, 0.225, 0.228, 0.236, 0.347, 0.305, 0.333, 0.386, 0.387, 0.323, 0.238, 0.277, 0.291, 0.23, 0.223, 0.241, 0.238, 0.23, 0.236, 0.222, 0.233, 0.237, 0.311, 0.381, 0.398, 0.383, 0.291, 0.224, 0.227, 0.239, 0.24, 0.244, 0.253, 0.29, 0.321, 0.302, 0.292, 0.28, 0.281, 0.289, 0.276, 0.253, 0.248, 0.261, 0.272, 0.296, 0.281, 0.282, 0.277, 0.27, 0.259, 0.259, 0.262, 0.261, 0.257, 0.255, 0.246, 0.248, 0.267, 0.27, 0.273, 0.271, 0.258, 0.266, 0.249, 0.257, 0.241, 0.241, 0.241, 0.25, 0.245, 0.248, 0.25, 0.253]
Train Scores w/o background: [0.11, 0.157, 0.123, 0.121, 0.144, 0.133, 0.118, 0.12, 0.104, 0.066, 0.106, 0.114, 0.143, 0.134, 0.119, 0.034, 0.105, 0.146, 0.095, 0.083, 0.064, 0.057, 0.059, 0.067, 0.043, 0.063, 0.073, 0.037, 0.016, 0.03, 0.132, 0.095, 0.125, 0.179, 0.172, 0.099, 0.013, 0.066, 0.074, 0.032, 0.023, 0.015, 0.025, 0.012, 0.011, 0.018, 0.025, 0.011, 0.095, 0.158, 0.179, 0.166, 0.052, 0.007, 0.002, 0.003, 0.011, 0.019, 0.034, 0.073, 0.086, 0.057, 0.047, 0.039, 0.044, 0.052, 0.045, 0.033, 0.025, 0.037, 0.035, 0.045, 0.039, 0.03, 0.032, 0.02, 0.009, 0.006, 0.003, 0.004, 0.005, 0.003, 0.01, 0.008, 0.017, 0.012, 0.016, 0.016, 0.012, 0.013, 0.016, 0.016, 0.017, 0.005, 0.011, 0.007, 0.018, 0.014, 0.012, 0.01]
Train Loss: [0.089, 0.017, 0.008, 0.003, 0.001, 0.001, 0.001, 0.001, 0.0, 0.001, 0.0, 0.0, 0.0, 0.001, 0.001, 0.001, 0.0, 0.0, 0.0, 0.0, 0.0, 0.0, 0.0, 0.002, 0.0, 0.0, 0.0, 0.001, 0.001, 0.0, 0.0, 0.002, 0.002, 0.0, 0.002, 0.0, 0.001, 0.002, 0.0, 0.0, 0.001, 0.0, 0.0, 0.0, 0.0, 0.001, inf, 0.0, 0.0, 0.0, 0.0, 0.0, 0.003, inf, 0.005, 0.0, 0.001, 0.0, 0.0, 0.0, 0.0, 0.001, 0.001, 0.0, 0.0, 0.0, 0.0, 0.0, 0.0, 0.0, 0.0, 0.0, 0.0, 0.0, 0.0, 0.0, 0.0, 0.0, 0.0, 0.0, 0.0, 0.0, 0.0, inf, 0.001, 0.0, 0.0, 0.0, 0.0, 0.0, 0.001, 0.0, 0.0, 0.0, 0.0, 0.0, 0.0, 0.0, 0.0, 0.0]
Max test score: 0.363 found at epoch: 51
Max test score shapes: 0.159 found at epoch: 51
Avg generalisation ratio: 1.212
Avg generalisation diff: 0.0