percentFullySupervised0.2
domainLossMultiplier0.001
Active: Adjacencyloss True True 30 0.0001 False False 
Active: Relationsloss True 2 True 0.1 False True True 
Active: OneHotloss True 20 
Active: Smoothnessloss True 100 
Active: MinSizeShapesloss True 1 0.5 0.0035 0.015 
Active: MaxSizeShapesloss True 1 0.98 0.2 0.42 

Test Scores: [0.219, 0.227, 0.277, 0.33, 0.321, 0.341, 0.294, 0.295, 0.335, 0.328, 0.323, 0.321, 0.27, 0.252, 0.297, 0.302, 0.295, 0.289, 0.307, 0.313, 0.275, 0.293, 0.255, 0.254, 0.24, 0.247, 0.256, 0.279, 0.298, 0.296, 0.253, 0.241, 0.251, 0.293, 0.316, 0.275, 0.266, 0.266, 0.269, 0.256, 0.241, 0.245, 0.236, 0.227, 0.23, 0.241, 0.272, 0.286, 0.286, 0.299, 0.263, 0.248, 0.263, 0.262, 0.276, 0.272, 0.272, 0.274, 0.293, 0.312, 0.31, 0.285, 0.284, 0.269, 0.243, 0.253, 0.257, 0.265, 0.28, 0.27, 0.267, 0.295, 0.325, 0.327, 0.307, 0.283, 0.263, 0.233, 0.244, 0.245, 0.262, 0.274, 0.283, 0.277, 0.264, 0.248, 0.268, 0.236, 0.241, 0.274, 0.262, 0.229, 0.246, 0.26, 0.259, 0.267, 0.279, 0.287, 0.3, 0.33, 0.319, 0.34, 0.305, 0.308, 0.295, 0.298, 0.292, 0.282, 0.28, 0.273, 0.265, 0.266, 0.271, 0.277, 0.29, 0.294, 0.296, 0.297, 0.294, 0.303]
Test Scores w/o background: [0.095, 0.107, 0.14, 0.15, 0.12, 0.161, 0.125, 0.12, 0.161, 0.16, 0.136, 0.124, 0.071, 0.079, 0.119, 0.122, 0.121, 0.107, 0.135, 0.148, 0.114, 0.132, 0.104, 0.071, 0.074, 0.062, 0.09, 0.121, 0.138, 0.156, 0.079, 0.047, 0.072, 0.089, 0.124, 0.079, 0.094, 0.066, 0.089, 0.079, 0.072, 0.077, 0.075, 0.065, 0.067, 0.057, 0.091, 0.081, 0.094, 0.099, 0.053, 0.047, 0.061, 0.084, 0.102, 0.086, 0.094, 0.092, 0.11, 0.129, 0.135, 0.119, 0.111, 0.074, 0.061, 0.047, 0.079, 0.076, 0.094, 0.07, 0.089, 0.12, 0.138, 0.146, 0.138, 0.13, 0.098, 0.055, 0.072, 0.051, 0.075, 0.085, 0.107, 0.095, 0.072, 0.043, 0.084, 0.054, 0.045, 0.1, 0.068, 0.042, 0.048, 0.071, 0.049, 0.058, 0.072, 0.078, 0.086, 0.126, 0.106, 0.14, 0.091, 0.1, 0.089, 0.082, 0.088, 0.056, 0.068, 0.067, 0.066, 0.046, 0.068, 0.064, 0.082, 0.089, 0.091, 0.098, 0.1, 0.117]
Train Scores: [0.199, 0.223, 0.28, 0.338, 0.327, 0.346, 0.297, 0.294, 0.341, 0.337, 0.336, 0.327, 0.274, 0.25, 0.311, 0.309, 0.298, 0.29, 0.317, 0.311, 0.258, 0.294, 0.269, 0.274, 0.255, 0.259, 0.255, 0.277, 0.294, 0.303, 0.259, 0.235, 0.248, 0.291, 0.328, 0.302, 0.279, 0.264, 0.283, 0.251, 0.238, 0.237, 0.224, 0.216, 0.224, 0.228, 0.271, 0.287, 0.29, 0.306, 0.262, 0.243, 0.257, 0.259, 0.274, 0.273, 0.272, 0.268, 0.289, 0.314, 0.315, 0.288, 0.283, 0.258, 0.243, 0.248, 0.251, 0.256, 0.272, 0.261, 0.261, 0.289, 0.316, 0.313, 0.297, 0.273, 0.258, 0.224, 0.233, 0.235, 0.256, 0.271, 0.282, 0.267, 0.259, 0.254, 0.279, 0.253, 0.24, 0.29, 0.266, 0.235, 0.253, 0.269, 0.266, 0.278, 0.294, 0.306, 0.318, 0.335, 0.321, 0.352, 0.305, 0.31, 0.297, 0.3, 0.294, 0.279, 0.273, 0.265, 0.265, 0.261, 0.266, 0.279, 0.303, 0.305, 0.309, 0.301, 0.289, 0.3]
Train Scores w/o background: [0.067, 0.105, 0.146, 0.155, 0.127, 0.165, 0.125, 0.113, 0.164, 0.168, 0.147, 0.13, 0.079, 0.072, 0.137, 0.133, 0.124, 0.104, 0.138, 0.142, 0.091, 0.13, 0.117, 0.088, 0.083, 0.075, 0.097, 0.121, 0.137, 0.17, 0.084, 0.039, 0.06, 0.08, 0.134, 0.098, 0.096, 0.054, 0.095, 0.074, 0.072, 0.069, 0.064, 0.052, 0.054, 0.041, 0.089, 0.082, 0.094, 0.101, 0.049, 0.039, 0.049, 0.069, 0.09, 0.081, 0.091, 0.088, 0.108, 0.134, 0.144, 0.122, 0.109, 0.058, 0.052, 0.037, 0.065, 0.061, 0.079, 0.056, 0.081, 0.112, 0.13, 0.131, 0.131, 0.123, 0.088, 0.046, 0.061, 0.043, 0.07, 0.081, 0.102, 0.082, 0.06, 0.043, 0.09, 0.068, 0.044, 0.111, 0.071, 0.045, 0.052, 0.075, 0.053, 0.067, 0.086, 0.094, 0.096, 0.124, 0.106, 0.148, 0.084, 0.097, 0.084, 0.077, 0.085, 0.048, 0.057, 0.054, 0.063, 0.038, 0.059, 0.064, 0.093, 0.097, 0.098, 0.098, 0.09, 0.115]
Train Loss: [0.094, 0.024, 0.014, 0.007, 0.003, 0.001, 0.001, 0.0, 0.001, 0.001, 0.001, 0.001, 0.001, 0.001, 0.0, 0.0, 0.001, 0.0, 0.002, 0.002, 0.0, 0.002, 0.001, 0.001, 0.0, 0.001, 0.001, 0.001, 0.001, 0.002, 0.007, 0.001, 0.001, 0.001, 0.0, 0.0, 0.0, 0.0, 0.0, 0.0, 0.001, 0.0, 0.0, 0.001, 0.0, 0.001, 0.0, 0.0, 0.002, 0.001, 0.001, 0.001, 0.0, 0.0, 0.0, 0.0, 0.0, 0.0, 0.0, 0.0, 0.001, 0.0, 0.0, 0.001, 0.001, 0.0, 0.0, 0.001, 0.0, 0.001, 0.0, 0.0, 0.0, 0.0, 0.0, 0.0, 0.0, 0.0, 0.0, 0.0, 0.0, 0.0, 0.0, 0.0, 0.002, 0.005, 0.003, 0.001, 0.001, 0.001, 0.001, 0.003, 0.0, 0.0, 0.0, 0.0, 0.001, 0.0, 0.001, 0.002, 0.001, 0.001, 0.001, 0.0, 0.0, 0.0, 0.002, 0.006, 0.003, 0.001, 0.001, 0.001, 0.001, 0.0, 0.0, 0.0, 0.001, 0.0, 0.002, 0.0]
Max test score: 0.341 found at epoch: 6
Max test score shapes: 0.161 found at epoch: 6
