seed 42
Active: ImageLevelloss True True False 2 
percentFullySupervised 0.2
Active:  BBox loss [True, True, 1] [True, 0.2] [False, 1] linear True False 0 
Active: Pointloss True 20 
domainLossMultiplier 0.01
Active: Adjacencyloss True True 30 0.0001 False False 
Active: Relationsloss True 2 True 0.1 False True False 
Active: OneHotloss True 20 
Active: Smoothnessloss True 100 
Active: MinSizeShapesloss True 1 0.5 0.0035 0.015 
Active: MaxSizeShapesloss True 1 0.98 0.2 0.42 

Test Scores: [0.284, 0.435, 0.439, 0.448, 0.489, 0.478, 0.489, 0.47, 0.492, 0.5, 0.559, 0.533, 0.484, 0.557, 0.56, 0.555, 0.526, 0.558, 0.527, 0.551, 0.54, 0.505, 0.546, 0.537, 0.58, 0.535, 0.532, 0.514, 0.513, 0.559, 0.494, 0.492, 0.56, 0.536, 0.542, 0.564, 0.547, 0.498, 0.521, 0.537, 0.502, 0.528, 0.532, 0.557, 0.551, 0.558, 0.543, 0.514, 0.521, 0.535, 0.541, 0.559, 0.571, 0.55, 0.566, 0.532, 0.48, 0.531, 0.561, 0.533, 0.571, 0.566, 0.527, 0.488, 0.577, 0.551, 0.557, 0.573, 0.541, 0.561, 0.498, 0.578, 0.583, 0.561, 0.559, 0.564, 0.57, 0.577, 0.554, 0.562, 0.549, 0.551, 0.574, 0.583, 0.575, 0.556, 0.567, 0.554, 0.552, 0.543, 0.555, 0.538, 0.559, 0.567, 0.56, 0.541, 0.585, 0.58, 0.561, 0.574, 0.557, 0.588, 0.568, 0.522, 0.556, 0.565, 0.583, 0.551, 0.56, 0.582, 0.561, 0.573, 0.586, 0.559, 0.558, 0.566, 0.566, 0.563, 0.57, 0.575]
Test Scores w/o background: [0.188, 0.303, 0.282, 0.259, 0.328, 0.292, 0.317, 0.279, 0.314, 0.33, 0.406, 0.368, 0.305, 0.405, 0.409, 0.397, 0.356, 0.409, 0.359, 0.397, 0.38, 0.327, 0.383, 0.37, 0.438, 0.373, 0.361, 0.34, 0.336, 0.4, 0.309, 0.305, 0.408, 0.372, 0.376, 0.409, 0.395, 0.316, 0.35, 0.372, 0.323, 0.364, 0.364, 0.401, 0.391, 0.398, 0.377, 0.337, 0.346, 0.366, 0.376, 0.402, 0.418, 0.388, 0.414, 0.361, 0.289, 0.362, 0.403, 0.361, 0.415, 0.416, 0.355, 0.301, 0.428, 0.39, 0.398, 0.42, 0.374, 0.402, 0.317, 0.432, 0.437, 0.403, 0.397, 0.408, 0.419, 0.426, 0.394, 0.41, 0.389, 0.39, 0.423, 0.438, 0.423, 0.395, 0.411, 0.39, 0.39, 0.376, 0.393, 0.37, 0.401, 0.413, 0.402, 0.375, 0.44, 0.431, 0.405, 0.423, 0.397, 0.442, 0.411, 0.35, 0.395, 0.407, 0.436, 0.389, 0.409, 0.436, 0.403, 0.419, 0.438, 0.399, 0.397, 0.41, 0.409, 0.404, 0.416, 0.423]
Train Scores: [0.299, 0.44, 0.479, 0.488, 0.519, 0.505, 0.531, 0.494, 0.504, 0.542, 0.557, 0.556, 0.509, 0.575, 0.57, 0.587, 0.552, 0.57, 0.543, 0.556, 0.564, 0.542, 0.554, 0.558, 0.598, 0.564, 0.54, 0.538, 0.537, 0.587, 0.522, 0.515, 0.599, 0.569, 0.568, 0.596, 0.562, 0.537, 0.538, 0.563, 0.53, 0.556, 0.57, 0.568, 0.555, 0.569, 0.563, 0.531, 0.537, 0.542, 0.559, 0.584, 0.587, 0.575, 0.59, 0.56, 0.508, 0.56, 0.586, 0.552, 0.595, 0.603, 0.546, 0.516, 0.596, 0.571, 0.579, 0.593, 0.565, 0.564, 0.534, 0.611, 0.605, 0.583, 0.577, 0.587, 0.602, 0.603, 0.579, 0.597, 0.574, 0.577, 0.602, 0.611, 0.603, 0.579, 0.588, 0.573, 0.577, 0.566, 0.584, 0.562, 0.584, 0.593, 0.586, 0.572, 0.618, 0.61, 0.592, 0.604, 0.592, 0.617, 0.59, 0.558, 0.582, 0.58, 0.606, 0.577, 0.585, 0.601, 0.586, 0.606, 0.611, 0.577, 0.583, 0.582, 0.59, 0.589, 0.604, 0.606]
Train Scores w/o background: [0.209, 0.307, 0.322, 0.305, 0.355, 0.324, 0.363, 0.308, 0.325, 0.379, 0.398, 0.393, 0.333, 0.423, 0.414, 0.436, 0.384, 0.424, 0.377, 0.395, 0.406, 0.37, 0.39, 0.395, 0.457, 0.405, 0.366, 0.364, 0.361, 0.433, 0.342, 0.334, 0.455, 0.411, 0.403, 0.445, 0.409, 0.363, 0.365, 0.4, 0.357, 0.397, 0.41, 0.411, 0.391, 0.408, 0.398, 0.354, 0.363, 0.372, 0.395, 0.432, 0.435, 0.414, 0.445, 0.395, 0.323, 0.395, 0.432, 0.381, 0.445, 0.46, 0.376, 0.332, 0.447, 0.411, 0.424, 0.444, 0.403, 0.402, 0.363, 0.472, 0.463, 0.427, 0.417, 0.433, 0.456, 0.457, 0.422, 0.451, 0.418, 0.42, 0.457, 0.47, 0.457, 0.421, 0.436, 0.411, 0.419, 0.403, 0.428, 0.399, 0.429, 0.444, 0.432, 0.411, 0.478, 0.465, 0.442, 0.461, 0.44, 0.476, 0.436, 0.392, 0.425, 0.423, 0.463, 0.421, 0.44, 0.458, 0.431, 0.46, 0.467, 0.417, 0.426, 0.426, 0.437, 0.436, 0.458, 0.461]
Train Loss: [12.035, 7.743, 5.673, 4.206, 3.141, 2.508, 2.008, 1.832, 1.594, 1.348, 1.272, 1.159, 1.159, 1.121, 1.286, 1.257, 1.291, 0.947, 1.156, 0.877, 0.942, 0.957, 0.877, 0.658, 0.596, 0.65, 0.647, 0.662, 0.605, 0.531, 0.472, 0.734, 0.46, 0.338, 0.438, 0.543, 0.395, 0.667, 0.397, 0.495, 0.476, 0.412, 0.438, 0.371, 0.667, 0.332, 0.413, 0.377, 0.324, 0.338, 0.328, 0.295, 0.294, 0.326, 0.26, 0.213, 0.225, 0.234, 0.243, 0.266, 0.28, 0.209, 0.207, 0.274, 0.232, 0.184, 0.156, 0.15, 0.162, 0.183, 0.167, 0.172, 0.178, 0.145, 0.17, 0.15, 0.167, 0.176, 0.176, 0.143, 0.136, 0.148, 0.154, 0.137, 0.134, 0.136, 0.12, 0.169, 0.174, 0.206, 0.125, 0.2, 0.127, 0.119, 0.125, 0.117, 0.103, 0.149, 0.129, 0.124, 0.133, 0.15, 0.136, 0.143, 0.13, 0.169, 0.137, 0.136, 0.167, 0.173, 0.165, 0.156, 0.171, 0.131, 0.125, 0.136, 0.127, 0.102, 0.124, 0.119]
Max test score: 0.588 found at epoch: 102
Max test score shapes: 0.442 found at epoch: 102
Avg generalisation ratio: 0.933
Avg generalisation diff: 0.027