seed 42
Active: ImageLevelloss True True False 2 
percentFullySupervised 0.2
Active: Pointloss True 20 
domainLossMultiplier 0.01
Active: Adjacencyloss True True 30 0.0001 False False 
Active: Relationsloss True 2 True 0.1 False True False 
Active: OneHotloss True 20 
Active: Smoothnessloss True 100 
Active: MinSizeShapesloss True 1 0.5 0.0035 0.015 
Active: MaxSizeShapesloss True 1 0.98 0.2 0.42 

Test Scores: [0.337, 0.411, 0.395, 0.381, 0.359, 0.391, 0.448, 0.46, 0.46, 0.468, 0.508, 0.492, 0.471, 0.502, 0.506, 0.521, 0.517, 0.499, 0.513, 0.49, 0.536, 0.526, 0.506, 0.527, 0.521, 0.51, 0.549, 0.509, 0.471, 0.543, 0.553, 0.524, 0.526, 0.527, 0.521, 0.53, 0.53, 0.495, 0.549, 0.54, 0.552, 0.563, 0.564, 0.545, 0.53, 0.56, 0.532, 0.562, 0.556, 0.542, 0.542, 0.561, 0.567, 0.565, 0.567, 0.566, 0.533, 0.56, 0.571, 0.541, 0.544, 0.562, 0.552, 0.549, 0.545, 0.525, 0.56, 0.554, 0.551, 0.545, 0.494, 0.563, 0.574, 0.568, 0.559, 0.57, 0.567, 0.574, 0.526, 0.555, 0.565, 0.57, 0.571, 0.569, 0.583, 0.552, 0.547, 0.566, 0.537, 0.556, 0.571, 0.564, 0.561, 0.579, 0.575, 0.549, 0.565, 0.555, 0.558, 0.564, 0.572, 0.582, 0.569, 0.54, 0.569, 0.557, 0.568, 0.565, 0.565, 0.581, 0.574, 0.583, 0.567, 0.578, 0.571, 0.587, 0.535, 0.575, 0.584, 0.574]
Test Scores w/o background: [0.223, 0.269, 0.216, 0.168, 0.13, 0.173, 0.254, 0.272, 0.266, 0.279, 0.339, 0.314, 0.287, 0.336, 0.333, 0.349, 0.349, 0.323, 0.34, 0.305, 0.371, 0.354, 0.327, 0.358, 0.349, 0.34, 0.389, 0.333, 0.278, 0.376, 0.39, 0.35, 0.353, 0.354, 0.348, 0.362, 0.361, 0.309, 0.389, 0.372, 0.387, 0.404, 0.407, 0.379, 0.356, 0.401, 0.364, 0.402, 0.394, 0.374, 0.375, 0.401, 0.412, 0.405, 0.408, 0.409, 0.365, 0.398, 0.415, 0.372, 0.38, 0.409, 0.389, 0.383, 0.377, 0.349, 0.399, 0.391, 0.387, 0.38, 0.309, 0.407, 0.418, 0.412, 0.396, 0.415, 0.41, 0.423, 0.352, 0.39, 0.407, 0.412, 0.414, 0.41, 0.429, 0.389, 0.38, 0.406, 0.369, 0.392, 0.417, 0.404, 0.4, 0.425, 0.418, 0.386, 0.415, 0.394, 0.397, 0.406, 0.416, 0.432, 0.41, 0.371, 0.41, 0.392, 0.412, 0.406, 0.404, 0.427, 0.417, 0.428, 0.408, 0.424, 0.414, 0.436, 0.364, 0.419, 0.432, 0.418]
Train Scores: [0.352, 0.417, 0.415, 0.39, 0.371, 0.394, 0.461, 0.477, 0.469, 0.507, 0.525, 0.49, 0.495, 0.517, 0.531, 0.538, 0.537, 0.509, 0.524, 0.507, 0.55, 0.551, 0.535, 0.541, 0.551, 0.53, 0.569, 0.535, 0.502, 0.548, 0.564, 0.532, 0.543, 0.544, 0.53, 0.556, 0.546, 0.504, 0.561, 0.559, 0.567, 0.589, 0.573, 0.553, 0.547, 0.59, 0.546, 0.565, 0.571, 0.558, 0.562, 0.572, 0.584, 0.577, 0.573, 0.579, 0.554, 0.572, 0.593, 0.549, 0.566, 0.572, 0.555, 0.557, 0.561, 0.55, 0.574, 0.553, 0.56, 0.558, 0.525, 0.589, 0.585, 0.587, 0.581, 0.58, 0.585, 0.595, 0.539, 0.569, 0.575, 0.577, 0.573, 0.58, 0.596, 0.57, 0.574, 0.576, 0.567, 0.568, 0.588, 0.575, 0.574, 0.598, 0.595, 0.573, 0.585, 0.579, 0.566, 0.589, 0.586, 0.596, 0.58, 0.543, 0.572, 0.572, 0.591, 0.576, 0.577, 0.595, 0.572, 0.575, 0.583, 0.587, 0.58, 0.599, 0.554, 0.574, 0.592, 0.581]
Train Scores w/o background: [0.231, 0.263, 0.239, 0.17, 0.14, 0.168, 0.264, 0.287, 0.272, 0.324, 0.354, 0.302, 0.313, 0.351, 0.358, 0.364, 0.371, 0.324, 0.349, 0.321, 0.382, 0.386, 0.359, 0.373, 0.382, 0.363, 0.408, 0.357, 0.314, 0.376, 0.403, 0.361, 0.373, 0.372, 0.352, 0.387, 0.378, 0.32, 0.402, 0.389, 0.402, 0.434, 0.413, 0.385, 0.373, 0.432, 0.373, 0.401, 0.41, 0.391, 0.398, 0.412, 0.428, 0.417, 0.411, 0.42, 0.386, 0.414, 0.44, 0.378, 0.403, 0.42, 0.389, 0.389, 0.396, 0.378, 0.415, 0.384, 0.396, 0.389, 0.343, 0.437, 0.428, 0.434, 0.421, 0.425, 0.429, 0.448, 0.363, 0.408, 0.418, 0.417, 0.415, 0.42, 0.443, 0.405, 0.413, 0.416, 0.402, 0.406, 0.436, 0.413, 0.414, 0.449, 0.443, 0.41, 0.438, 0.419, 0.401, 0.433, 0.43, 0.444, 0.424, 0.371, 0.412, 0.407, 0.438, 0.413, 0.416, 0.441, 0.412, 0.413, 0.422, 0.434, 0.423, 0.445, 0.384, 0.413, 0.44, 0.423]
Train Loss: [9.071, 5.647, 3.734, 2.608, 2.079, 1.618, 1.375, 0.995, 0.871, 0.76, 0.68, 0.656, 0.628, 0.47, 0.424, 0.531, 0.729, 0.402, 0.345, 0.34, 0.3, 0.346, 0.259, 0.336, 0.389, 0.675, 0.578, 0.381, 0.548, 0.454, 0.34, 0.378, 0.353, 0.211, 0.205, 0.185, 0.208, 0.369, 0.382, 0.284, 0.191, 0.229, 0.175, 0.215, 0.336, 0.333, 0.272, 0.194, 0.149, 0.134, 0.109, 0.156, 0.1, 0.138, 0.124, 0.091, 0.099, 0.123, 0.105, 0.213, 0.162, 0.131, 0.168, 0.157, 0.132, 0.19, 0.137, 0.091, 0.105, 0.108, 0.123, 0.116, 0.1, 0.094, 0.16, 0.111, 0.098, 0.08, 0.146, 0.116, 0.074, 0.123, 0.106, 0.088, 0.08, 0.119, 0.21, 0.118, 0.202, 0.159, 0.108, 0.082, 0.1, 0.151, 0.109, 0.083, 0.105, 0.103, 0.091, 0.132, 0.079, 0.058, 0.147, 0.136, 0.068, 0.068, 0.117, 0.124, 0.075, 0.064, 0.105, 0.073, 0.078, 0.099, 0.129, 0.092, 0.077, 0.058, 0.11, 0.096]
Max test score: 0.587 found at epoch: 116
Max test score shapes: 0.436 found at epoch: 116
Avg generalisation ratio: 0.963
Avg generalisation diff: 0.014