seed 42
percentFullySupervised 0.2
Active:  BBox loss [True, False, 1] [True, 0.2] [False, 1] linear True False 0 
Active: Pointloss True 20 
domainLossMultiplier 0.01
Active: Adjacencyloss True True 30 0.0001 False False 
Active: Relationsloss True 2 True 0.1 False True False 
Active: OneHotloss True 20 
Active: Smoothnessloss True 100 
Active: MinSizeShapesloss True 1 0.5 0.0035 0.015 
Active: MaxSizeShapesloss True 1 0.98 0.2 0.42 

Test Scores: [0.346, 0.448, 0.458, 0.472, 0.462, 0.474, 0.444, 0.454, 0.424, 0.444, 0.434, 0.43, 0.398, 0.485, 0.454, 0.42, 0.46, 0.476, 0.477, 0.463, 0.501, 0.427, 0.489, 0.467, 0.479, 0.449, 0.453, 0.406, 0.412, 0.468, 0.473, 0.448, 0.505, 0.421, 0.424, 0.469, 0.46, 0.408, 0.467, 0.47, 0.424, 0.454, 0.448, 0.401, 0.387, 0.441, 0.478, 0.453, 0.407, 0.424, 0.444, 0.421, 0.485, 0.473, 0.472, 0.445, 0.422, 0.402, 0.475, 0.469, 0.448, 0.505, 0.419, 0.4, 0.475, 0.455, 0.45, 0.462, 0.464, 0.434, 0.479, 0.495, 0.48, 0.49, 0.473, 0.458, 0.448, 0.46, 0.424, 0.477, 0.477, 0.469, 0.474, 0.511, 0.476, 0.443, 0.458, 0.409, 0.462, 0.474, 0.469, 0.477, 0.443, 0.502, 0.516, 0.485, 0.518, 0.484, 0.436, 0.479, 0.43, 0.493, 0.502, 0.443, 0.458, 0.431, 0.47, 0.421, 0.49, 0.523, 0.447, 0.49, 0.468, 0.408, 0.462, 0.486, 0.454, 0.486, 0.485, 0.474]
Test Scores w/o background: [0.215, 0.295, 0.303, 0.299, 0.285, 0.299, 0.252, 0.263, 0.219, 0.248, 0.235, 0.224, 0.181, 0.305, 0.262, 0.211, 0.266, 0.29, 0.295, 0.273, 0.326, 0.219, 0.307, 0.281, 0.297, 0.251, 0.255, 0.191, 0.2, 0.278, 0.287, 0.253, 0.331, 0.211, 0.217, 0.284, 0.266, 0.197, 0.275, 0.279, 0.216, 0.26, 0.251, 0.186, 0.166, 0.239, 0.293, 0.257, 0.196, 0.217, 0.246, 0.215, 0.302, 0.285, 0.283, 0.245, 0.214, 0.189, 0.29, 0.28, 0.251, 0.329, 0.209, 0.183, 0.292, 0.259, 0.254, 0.27, 0.274, 0.23, 0.295, 0.313, 0.294, 0.308, 0.285, 0.262, 0.247, 0.264, 0.213, 0.29, 0.286, 0.276, 0.286, 0.341, 0.292, 0.243, 0.263, 0.197, 0.272, 0.29, 0.278, 0.293, 0.242, 0.326, 0.346, 0.303, 0.356, 0.305, 0.236, 0.297, 0.229, 0.317, 0.325, 0.242, 0.266, 0.23, 0.286, 0.215, 0.311, 0.36, 0.252, 0.311, 0.277, 0.192, 0.269, 0.303, 0.256, 0.303, 0.297, 0.283]
Train Scores: [0.365, 0.465, 0.485, 0.493, 0.494, 0.502, 0.465, 0.478, 0.459, 0.487, 0.479, 0.465, 0.414, 0.497, 0.468, 0.446, 0.505, 0.508, 0.504, 0.476, 0.516, 0.466, 0.52, 0.488, 0.508, 0.476, 0.502, 0.441, 0.465, 0.513, 0.515, 0.5, 0.536, 0.463, 0.457, 0.507, 0.506, 0.442, 0.512, 0.504, 0.467, 0.481, 0.498, 0.426, 0.431, 0.478, 0.503, 0.496, 0.455, 0.474, 0.499, 0.463, 0.5, 0.512, 0.511, 0.497, 0.472, 0.447, 0.512, 0.51, 0.492, 0.539, 0.464, 0.437, 0.519, 0.493, 0.504, 0.48, 0.496, 0.467, 0.517, 0.531, 0.501, 0.529, 0.513, 0.5, 0.492, 0.502, 0.466, 0.524, 0.529, 0.512, 0.499, 0.555, 0.515, 0.496, 0.509, 0.462, 0.506, 0.509, 0.5, 0.518, 0.494, 0.561, 0.549, 0.518, 0.56, 0.538, 0.487, 0.532, 0.487, 0.539, 0.536, 0.466, 0.504, 0.483, 0.521, 0.448, 0.516, 0.564, 0.479, 0.523, 0.517, 0.456, 0.49, 0.508, 0.486, 0.506, 0.519, 0.517]
Train Scores w/o background: [0.237, 0.304, 0.335, 0.322, 0.326, 0.331, 0.28, 0.291, 0.268, 0.303, 0.295, 0.271, 0.203, 0.32, 0.278, 0.243, 0.327, 0.333, 0.329, 0.288, 0.346, 0.269, 0.347, 0.308, 0.333, 0.286, 0.32, 0.239, 0.271, 0.336, 0.339, 0.319, 0.37, 0.266, 0.256, 0.33, 0.326, 0.239, 0.334, 0.323, 0.274, 0.294, 0.315, 0.217, 0.222, 0.29, 0.327, 0.313, 0.258, 0.281, 0.319, 0.269, 0.321, 0.336, 0.336, 0.313, 0.28, 0.249, 0.338, 0.333, 0.309, 0.375, 0.269, 0.231, 0.347, 0.31, 0.324, 0.292, 0.316, 0.277, 0.342, 0.362, 0.322, 0.358, 0.338, 0.315, 0.306, 0.32, 0.27, 0.351, 0.354, 0.335, 0.319, 0.399, 0.344, 0.312, 0.331, 0.266, 0.327, 0.338, 0.317, 0.345, 0.311, 0.402, 0.386, 0.344, 0.41, 0.375, 0.303, 0.366, 0.304, 0.378, 0.369, 0.27, 0.326, 0.299, 0.351, 0.248, 0.34, 0.41, 0.293, 0.351, 0.342, 0.255, 0.306, 0.33, 0.298, 0.329, 0.346, 0.342]
Train Loss: [5.156, 2.514, 1.606, 1.034, 0.845, 0.869, 0.804, 0.807, 0.845, 0.806, 0.632, 0.546, 0.55, 0.592, 0.591, 0.301, 0.743, 0.513, 0.662, 0.537, 0.6, 0.52, 0.504, 0.745, 0.471, 0.634, 0.309, 0.226, 0.203, 0.348, 0.286, 0.212, 0.282, 0.207, 0.521, 0.223, 0.098, 0.358, 0.168, 0.14, 0.527, 0.377, 0.15, 0.061, 0.298, 0.262, 0.344, 0.343, 0.415, 0.372, 0.101, 0.261, 0.213, 0.11, 0.12, 0.171, 0.181, 0.134, 0.134, 0.236, 0.116, 0.273, 0.138, 0.373, 0.351, 0.3, 0.04, 0.398, 0.359, 0.142, 0.387, 0.118, 0.253, 0.007, 0.182, 0.278, 0.243, 0.151, 0.105, 0.088, 0.089, 0.659, 0.198, 0.313, 0.244, 0.328, 0.124, 0.045, 0.007, 0.062, 0.063, 0.138, 0.009, 0.105, 0.066, 0.122, 0.037, 0.195, 0.068, 0.094, 0.206, 0.166, 0.305, 0.12, 0.131, 0.292, 0.453, 0.378, 0.552, 0.109, 0.077, 0.009, 0.036, 0.077, 0.174, 0.154, 0.173, 0.087, 0.115, 0.06]
Max test score: 0.523 found at epoch: 110
Max test score shapes: 0.36 found at epoch: 110
Avg generalisation ratio: 0.844
Avg generalisation diff: 0.048