seed 42
percentFullySupervised 0.2
Active: Pointloss True 20 
domainLossMultiplier 0.01

Test Scores: [0.363, 0.348, 0.293, 0.328, 0.371, 0.313, 0.339, 0.355, 0.334, 0.32, 0.329, 0.305, 0.292, 0.256, 0.257, 0.259, 0.216, 0.217, 0.211, 0.245, 0.222, 0.237, 0.22, 0.168, 0.198, 0.211, 0.185, 0.233, 0.232, 0.181, 0.166, 0.148, 0.133, 0.167, 0.139, 0.166, 0.159, 0.187, 0.164, 0.163, 0.149, 0.113, 0.099, 0.101, 0.1, 0.104, 0.1, 0.08, 0.082, 0.076, 0.072, 0.074, 0.076, 0.079, 0.076, 0.077, 0.08, 0.079, 0.081, 0.081, 0.083, 0.081, 0.079, 0.081, 0.083, 0.081, 0.084, 0.086, 0.086, 0.087, 0.085, 0.088, 0.087, 0.086, 0.085, 0.084, 0.087, 0.083, 0.078, 0.073, 0.074, 0.079, 0.08, 0.085, 0.085, 0.083, 0.084, 0.092, 0.09, 0.086, 0.092, 0.092, 0.095, 0.095, 0.092, 0.089, 0.094, 0.092, 0.092, 0.091, 0.089, 0.085, 0.086, 0.084, 0.086, 0.089, 0.086, 0.086, 0.083, 0.087, 0.094, 0.096, 0.094, 0.088, 0.088, 0.086, 0.085, 0.087, 0.089, 0.09]
Test Scores w/o background: [0.234, 0.217, 0.148, 0.185, 0.237, 0.191, 0.194, 0.217, 0.201, 0.21, 0.219, 0.181, 0.198, 0.165, 0.162, 0.178, 0.155, 0.153, 0.154, 0.164, 0.17, 0.16, 0.157, 0.143, 0.153, 0.162, 0.159, 0.184, 0.167, 0.148, 0.145, 0.14, 0.134, 0.155, 0.144, 0.148, 0.148, 0.152, 0.15, 0.154, 0.147, 0.135, 0.129, 0.125, 0.125, 0.124, 0.119, 0.114, 0.121, 0.113, 0.108, 0.111, 0.114, 0.119, 0.113, 0.115, 0.12, 0.119, 0.122, 0.122, 0.124, 0.122, 0.119, 0.122, 0.124, 0.122, 0.127, 0.129, 0.129, 0.131, 0.128, 0.132, 0.131, 0.129, 0.127, 0.127, 0.13, 0.125, 0.116, 0.11, 0.111, 0.119, 0.121, 0.127, 0.127, 0.125, 0.127, 0.138, 0.135, 0.129, 0.138, 0.138, 0.142, 0.143, 0.138, 0.133, 0.142, 0.138, 0.138, 0.137, 0.133, 0.128, 0.129, 0.125, 0.129, 0.134, 0.128, 0.13, 0.125, 0.131, 0.141, 0.145, 0.141, 0.132, 0.132, 0.129, 0.128, 0.131, 0.133, 0.136]
Train Scores: [0.365, 0.348, 0.287, 0.337, 0.369, 0.31, 0.343, 0.37, 0.343, 0.338, 0.348, 0.31, 0.296, 0.261, 0.238, 0.234, 0.209, 0.215, 0.194, 0.228, 0.21, 0.235, 0.226, 0.175, 0.206, 0.219, 0.2, 0.24, 0.255, 0.189, 0.171, 0.159, 0.147, 0.154, 0.125, 0.154, 0.153, 0.176, 0.144, 0.148, 0.138, 0.109, 0.097, 0.098, 0.096, 0.108, 0.096, 0.08, 0.08, 0.072, 0.064, 0.068, 0.069, 0.079, 0.07, 0.071, 0.077, 0.083, 0.077, 0.074, 0.077, 0.076, 0.073, 0.077, 0.081, 0.078, 0.077, 0.081, 0.081, 0.082, 0.083, 0.086, 0.084, 0.084, 0.084, 0.074, 0.077, 0.076, 0.075, 0.074, 0.074, 0.078, 0.081, 0.086, 0.081, 0.079, 0.079, 0.083, 0.085, 0.087, 0.089, 0.088, 0.092, 0.09, 0.09, 0.082, 0.087, 0.083, 0.081, 0.08, 0.08, 0.076, 0.08, 0.08, 0.079, 0.078, 0.074, 0.074, 0.073, 0.077, 0.083, 0.084, 0.085, 0.083, 0.083, 0.082, 0.084, 0.081, 0.085, 0.08]
Train Scores w/o background: [0.235, 0.22, 0.143, 0.198, 0.224, 0.197, 0.195, 0.231, 0.204, 0.223, 0.232, 0.178, 0.194, 0.167, 0.147, 0.163, 0.151, 0.158, 0.142, 0.145, 0.163, 0.162, 0.166, 0.148, 0.156, 0.164, 0.171, 0.189, 0.185, 0.147, 0.141, 0.15, 0.149, 0.153, 0.14, 0.142, 0.15, 0.15, 0.135, 0.14, 0.135, 0.122, 0.118, 0.109, 0.111, 0.113, 0.109, 0.106, 0.117, 0.108, 0.096, 0.102, 0.103, 0.118, 0.105, 0.107, 0.116, 0.124, 0.115, 0.111, 0.116, 0.113, 0.11, 0.115, 0.122, 0.117, 0.116, 0.121, 0.122, 0.123, 0.125, 0.128, 0.125, 0.127, 0.126, 0.111, 0.115, 0.114, 0.112, 0.111, 0.11, 0.117, 0.122, 0.129, 0.122, 0.118, 0.119, 0.125, 0.127, 0.13, 0.134, 0.132, 0.138, 0.135, 0.134, 0.122, 0.13, 0.125, 0.121, 0.12, 0.119, 0.114, 0.12, 0.12, 0.118, 0.117, 0.111, 0.112, 0.11, 0.116, 0.125, 0.126, 0.127, 0.125, 0.124, 0.122, 0.126, 0.122, 0.128, 0.121]
Train Loss: [1.652, 0.728, 0.278, 0.084, 0.126, 0.136, 0.179, 0.146, 0.24, 0.162, 0.099, 0.086, 0.098, 0.304, 0.274, 0.131, 0.201, 0.086, 0.073, 0.043, 0.053, 0.136, 0.149, 0.062, 0.024, 0.149, 0.242, 0.022, 0.165, 0.044, 0.134, 0.075, 0.048, 0.084, 0.044, 0.071, 0.052, 0.04, 0.003, 0.061, 0.049, 0.015, 0.065, 0.015, 0.0, 0.003, 0.0, 0.03, 0.0, 0.0, 0.0, 0.062, 0.053, 0.01, 0.062, 0.063, 0.102, 0.17, 0.0, 0.192, 0.002, 0.01, 0.002, 0.0, 0.0, 0.001, 0.004, 0.058, 0.0, 0.0, 0.0, 0.0, 0.062, 0.062, 0.045, 0.054, 0.001, 0.015, 0.094, 0.023, 0.05, 0.0, 0.049, 0.0, 0.002, 0.019, 0.026, 0.001, 0.0, 0.038, 0.0, 0.022, 0.0, 0.0, 0.0, 0.0, 0.0, 0.0, 0.0, 0.004, 0.0, 0.062, 0.128, 0.124, 0.149, 0.006, 0.001, 0.021, 0.03, 0.0, 0.0, 0.019, 0.001, 0.019, 0.063, 0.093, 0.0, 0.0, 0.029, 0.027]
Max test score: 0.371 found at epoch: 5
Max test score shapes: 0.237 found at epoch: 5
Avg generalisation ratio: 1.049
Avg generalisation diff: -0.006