seed 42
percentFullySupervised 0.2
Active: Pointloss True 20 
domainLossMultiplier 0.01
Active: Adjacencyloss True True 30 0.0001 False False 
Active: Relationsloss True 2 True 0.1 False True False 
Active: OneHotloss True 20 
Active: Smoothnessloss True 100 
Active: MinSizeShapesloss True 1 0.5 0.0035 0.015 
Active: MaxSizeShapesloss True 1 0.98 0.2 0.42 

Test Scores: [0.24, 0.303, 0.381, 0.384, 0.387, 0.345, 0.371, 0.362, 0.397, 0.362, 0.392, 0.399, 0.386, 0.361, 0.374, 0.389, 0.405, 0.419, 0.41, 0.362, 0.355, 0.411, 0.4, 0.387, 0.392, 0.405, 0.377, 0.402, 0.411, 0.416, 0.412, 0.398, 0.344, 0.375, 0.387, 0.375, 0.344, 0.391, 0.377, 0.381, 0.41, 0.373, 0.387, 0.392, 0.372, 0.371, 0.407, 0.415, 0.403, 0.405, 0.39, 0.406, 0.349, 0.375, 0.356, 0.338, 0.354, 0.339, 0.347, 0.397, 0.275, 0.36, 0.366, 0.387, 0.376, 0.407, 0.4, 0.408, 0.413, 0.431, 0.43, 0.397, 0.411, 0.374, 0.364, 0.397, 0.393, 0.416, 0.421, 0.375, 0.365, 0.386, 0.382, 0.366, 0.382, 0.395, 0.43, 0.415, 0.401, 0.435, 0.414, 0.413, 0.422, 0.383, 0.411, 0.389, 0.387, 0.388, 0.429, 0.389, 0.404, 0.407, 0.399, 0.405, 0.426, 0.396, 0.348, 0.403, 0.375, 0.34, 0.335, 0.351, 0.357, 0.361, 0.374, 0.4, 0.397, 0.386, 0.344, 0.384]
Test Scores w/o background: [0.18, 0.193, 0.25, 0.212, 0.249, 0.203, 0.249, 0.219, 0.269, 0.217, 0.25, 0.267, 0.225, 0.21, 0.247, 0.242, 0.267, 0.267, 0.285, 0.226, 0.221, 0.271, 0.264, 0.259, 0.26, 0.274, 0.251, 0.269, 0.263, 0.285, 0.284, 0.252, 0.234, 0.245, 0.254, 0.248, 0.209, 0.256, 0.249, 0.246, 0.266, 0.246, 0.252, 0.247, 0.239, 0.239, 0.262, 0.269, 0.26, 0.259, 0.26, 0.262, 0.226, 0.247, 0.233, 0.224, 0.233, 0.228, 0.238, 0.252, 0.14, 0.228, 0.229, 0.251, 0.247, 0.272, 0.262, 0.269, 0.28, 0.292, 0.302, 0.277, 0.283, 0.259, 0.25, 0.272, 0.269, 0.287, 0.285, 0.259, 0.238, 0.25, 0.269, 0.255, 0.267, 0.274, 0.305, 0.29, 0.281, 0.299, 0.284, 0.283, 0.284, 0.268, 0.278, 0.252, 0.257, 0.271, 0.29, 0.272, 0.273, 0.266, 0.266, 0.272, 0.292, 0.274, 0.244, 0.274, 0.256, 0.233, 0.205, 0.227, 0.237, 0.232, 0.242, 0.262, 0.269, 0.26, 0.243, 0.27]
Train Scores: [0.25, 0.325, 0.377, 0.425, 0.379, 0.352, 0.375, 0.381, 0.401, 0.374, 0.403, 0.434, 0.393, 0.384, 0.389, 0.39, 0.412, 0.425, 0.421, 0.355, 0.367, 0.421, 0.406, 0.385, 0.4, 0.419, 0.381, 0.391, 0.408, 0.421, 0.422, 0.417, 0.356, 0.388, 0.401, 0.403, 0.377, 0.418, 0.395, 0.406, 0.438, 0.39, 0.407, 0.411, 0.386, 0.381, 0.399, 0.404, 0.4, 0.408, 0.379, 0.396, 0.345, 0.369, 0.356, 0.342, 0.37, 0.348, 0.35, 0.404, 0.282, 0.366, 0.385, 0.399, 0.388, 0.425, 0.419, 0.424, 0.428, 0.438, 0.449, 0.428, 0.436, 0.392, 0.374, 0.404, 0.402, 0.421, 0.42, 0.357, 0.36, 0.374, 0.372, 0.369, 0.39, 0.418, 0.448, 0.423, 0.394, 0.447, 0.411, 0.406, 0.438, 0.385, 0.429, 0.401, 0.406, 0.392, 0.438, 0.38, 0.404, 0.411, 0.405, 0.412, 0.435, 0.404, 0.354, 0.398, 0.38, 0.34, 0.344, 0.361, 0.372, 0.382, 0.393, 0.406, 0.394, 0.387, 0.355, 0.408]
Train Scores w/o background: [0.182, 0.199, 0.233, 0.252, 0.23, 0.197, 0.24, 0.235, 0.272, 0.223, 0.253, 0.29, 0.219, 0.233, 0.262, 0.233, 0.27, 0.268, 0.286, 0.21, 0.228, 0.279, 0.262, 0.253, 0.266, 0.28, 0.253, 0.255, 0.257, 0.281, 0.286, 0.265, 0.235, 0.256, 0.261, 0.263, 0.224, 0.272, 0.263, 0.267, 0.291, 0.25, 0.259, 0.256, 0.245, 0.246, 0.254, 0.257, 0.251, 0.26, 0.249, 0.251, 0.219, 0.241, 0.229, 0.225, 0.248, 0.236, 0.239, 0.261, 0.146, 0.223, 0.24, 0.251, 0.249, 0.281, 0.273, 0.277, 0.286, 0.29, 0.315, 0.303, 0.303, 0.263, 0.249, 0.27, 0.267, 0.285, 0.285, 0.247, 0.24, 0.242, 0.256, 0.255, 0.266, 0.29, 0.318, 0.292, 0.268, 0.311, 0.277, 0.271, 0.295, 0.262, 0.292, 0.257, 0.272, 0.27, 0.292, 0.259, 0.269, 0.264, 0.265, 0.268, 0.291, 0.27, 0.24, 0.261, 0.258, 0.231, 0.215, 0.234, 0.246, 0.247, 0.254, 0.26, 0.255, 0.249, 0.246, 0.285]
Train Loss: [3.472, 1.473, 0.8, 0.601, 0.577, 0.356, 0.278, 0.347, 0.438, 0.889, 0.876, 0.428, 0.522, 1.141, 1.624, 0.799, 0.778, 0.718, 0.683, 0.522, 0.516, 0.405, 0.272, 0.196, 0.259, 0.596, 0.343, 0.367, 0.29, 0.234, 0.117, 0.271, 0.442, 0.145, 0.454, 0.208, 0.63, 0.915, 0.309, 0.239, 0.395, 0.417, 0.212, 0.435, 0.081, 0.104, 0.279, 0.262, 0.133, 0.496, 0.178, 0.348, 0.297, 0.094, 0.241, 0.166, 0.41, 0.314, 0.354, 0.114, 0.751, 0.859, 0.362, 0.407, 0.215, 0.103, 0.029, 0.304, 0.234, 0.224, 0.142, 0.058, 0.11, 0.081, 0.125, 0.052, 0.123, 0.007, 0.304, 0.236, 0.5, 0.683, 0.322, 0.152, 0.386, 0.429, 0.266, 0.239, 0.212, 0.014, 0.046, 0.001, 0.049, 0.109, 0.302, 0.644, 0.637, 0.593, 0.177, 0.211, 0.28, 0.171, 0.392, 0.265, 0.425, 0.184, 0.128, 0.413, 0.299, 0.653, 1.79, 0.52, 0.489, 0.393, 0.249, 0.103, 0.149, 0.054, 0.122, 0.039]
Max test score: 0.435 found at epoch: 90
Max test score shapes: 0.305 found at epoch: 87
Avg generalisation ratio: 0.991
Avg generalisation diff: 0.003