logic loss multiplier: 0.01
150 of 478 images where trained with fully supervision, the rest only with the logic loss
Active: MinSizeBackgroundloss True 1 
Active: MaxSizeBackgroundloss True 20 
Active: MinSizeShapesloss True 30 
Active: MaxSizeShapesloss True 1 

Test Scores: [0.239, 0.288, 0.328, 0.34, 0.334, 0.329, 0.35, 0.364, 0.363, 0.375, 0.36, 0.364, 0.349, 0.385, 0.431, 0.438, 0.462, 0.482, 0.492, 0.491, 0.468, 0.507, 0.48, 0.515, 0.508, 0.544, 0.543, 0.529, 0.54, 0.547, 0.542, 0.535, 0.579, 0.557, 0.581, 0.542, 0.554, 0.58, 0.571, 0.535, 0.567, 0.599, 0.592, 0.605, 0.603, 0.598, 0.609, 0.598, 0.577, 0.57, 0.596, 0.615, 0.621, 0.587, 0.593, 0.58, 0.591, 0.604, 0.574, 0.603, 0.619, 0.595, 0.566, 0.582, 0.579, 0.594, 0.63, 0.639, 0.608, 0.594, 0.618, 0.601, 0.634, 0.613, 0.588, 0.631, 0.61, 0.639, 0.634, 0.617, 0.618, 0.625, 0.604, 0.627, 0.626, 0.611, 0.633, 0.61, 0.602, 0.623, 0.622, 0.624, 0.622, 0.66, 0.638, 0.622, 0.618, 0.612, 0.602, 0.62, 0.627, 0.604, 0.63, 0.641, 0.609, 0.601, 0.639, 0.627, 0.626, 0.615, 0.622, 0.621, 0.634, 0.613, 0.615, 0.661, 0.638, 0.648, 0.644, 0.664]
Test Scores w/o background: [0.048, 0.086, 0.123, 0.136, 0.128, 0.123, 0.144, 0.158, 0.158, 0.172, 0.153, 0.161, 0.154, 0.195, 0.247, 0.261, 0.288, 0.315, 0.327, 0.327, 0.297, 0.347, 0.31, 0.356, 0.347, 0.394, 0.393, 0.374, 0.388, 0.398, 0.391, 0.381, 0.441, 0.411, 0.442, 0.391, 0.407, 0.441, 0.43, 0.381, 0.424, 0.466, 0.457, 0.474, 0.472, 0.464, 0.48, 0.465, 0.437, 0.428, 0.463, 0.488, 0.495, 0.451, 0.458, 0.441, 0.456, 0.473, 0.433, 0.471, 0.493, 0.461, 0.423, 0.443, 0.44, 0.46, 0.507, 0.519, 0.478, 0.46, 0.492, 0.47, 0.513, 0.485, 0.452, 0.508, 0.48, 0.519, 0.512, 0.49, 0.492, 0.501, 0.473, 0.503, 0.503, 0.483, 0.512, 0.481, 0.471, 0.498, 0.497, 0.5, 0.496, 0.547, 0.518, 0.497, 0.491, 0.484, 0.47, 0.494, 0.503, 0.472, 0.508, 0.522, 0.479, 0.469, 0.52, 0.504, 0.502, 0.488, 0.497, 0.495, 0.513, 0.484, 0.487, 0.549, 0.518, 0.531, 0.526, 0.553]
Train Scores: [0.246, 0.296, 0.338, 0.359, 0.345, 0.337, 0.356, 0.371, 0.378, 0.383, 0.364, 0.367, 0.38, 0.422, 0.461, 0.484, 0.509, 0.54, 0.552, 0.546, 0.538, 0.591, 0.562, 0.606, 0.604, 0.632, 0.628, 0.628, 0.655, 0.643, 0.644, 0.639, 0.681, 0.628, 0.676, 0.663, 0.659, 0.688, 0.687, 0.612, 0.675, 0.697, 0.701, 0.704, 0.702, 0.674, 0.696, 0.683, 0.679, 0.691, 0.683, 0.718, 0.724, 0.693, 0.706, 0.699, 0.686, 0.705, 0.7, 0.713, 0.718, 0.696, 0.672, 0.685, 0.692, 0.705, 0.72, 0.74, 0.706, 0.692, 0.714, 0.687, 0.728, 0.713, 0.679, 0.719, 0.713, 0.745, 0.74, 0.726, 0.713, 0.71, 0.709, 0.726, 0.724, 0.709, 0.724, 0.712, 0.706, 0.71, 0.719, 0.721, 0.707, 0.755, 0.726, 0.727, 0.705, 0.709, 0.701, 0.715, 0.726, 0.697, 0.724, 0.747, 0.702, 0.696, 0.728, 0.715, 0.732, 0.716, 0.714, 0.719, 0.725, 0.695, 0.695, 0.748, 0.732, 0.747, 0.733, 0.763]
Train Scores w/o background: [0.057, 0.097, 0.138, 0.161, 0.142, 0.132, 0.151, 0.166, 0.177, 0.183, 0.157, 0.165, 0.189, 0.241, 0.287, 0.321, 0.35, 0.391, 0.406, 0.4, 0.389, 0.458, 0.42, 0.476, 0.475, 0.511, 0.507, 0.506, 0.541, 0.525, 0.528, 0.52, 0.577, 0.505, 0.569, 0.551, 0.547, 0.585, 0.583, 0.483, 0.568, 0.597, 0.603, 0.606, 0.604, 0.566, 0.596, 0.578, 0.573, 0.589, 0.579, 0.625, 0.633, 0.592, 0.609, 0.599, 0.582, 0.608, 0.601, 0.618, 0.625, 0.596, 0.564, 0.58, 0.59, 0.608, 0.627, 0.655, 0.609, 0.59, 0.62, 0.584, 0.638, 0.618, 0.573, 0.626, 0.619, 0.661, 0.654, 0.636, 0.618, 0.614, 0.613, 0.636, 0.632, 0.613, 0.633, 0.617, 0.609, 0.614, 0.626, 0.629, 0.61, 0.674, 0.636, 0.636, 0.607, 0.613, 0.602, 0.621, 0.636, 0.596, 0.633, 0.664, 0.604, 0.595, 0.638, 0.621, 0.643, 0.621, 0.619, 0.626, 0.634, 0.594, 0.594, 0.665, 0.643, 0.663, 0.645, 0.685]
Train Loss: [1.187, 0.964, 0.857, 0.78, 0.712, 0.662, 0.623, 0.582, 0.541, 0.516, 0.504, 0.496, 0.488, 0.481, 0.475, 0.466, 0.458, 0.446, 0.437, 0.43, 0.422, 0.415, 0.409, 0.403, 0.397, 0.391, 0.386, 0.381, 0.376, 0.371, 0.366, 0.361, 0.357, 0.352, 0.347, 0.343, 0.339, 0.334, 0.33, 0.326, 0.322, 0.318, 0.314, 0.31, 0.307, 0.303, 0.3, 0.296, 0.293, 0.29, 0.287, 0.284, 0.282, 0.279, 0.277, 0.274, 0.272, 0.27, 0.268, 0.266, 0.264, 0.263, 0.261, 0.259, 0.258, 0.257, 0.255, 0.254, 0.253, 0.252, 0.251, 0.25, 0.249, 0.248, 0.248, 0.247, 0.246, 0.245, 0.245, 0.244, 0.244, 0.243, 0.243, 0.242, 0.242, 0.242, 0.241, 0.241, 0.241, 0.24, 0.24, 0.24, 0.24, 0.239, 0.239, 0.239, 0.239, 0.238, 0.238, 0.238, 0.238, 0.238, 0.238, 0.238, 0.238, 0.237, 0.237, 0.237, 0.237, 0.237, 0.237, 0.237, 0.237, 0.237, 0.237, 0.237, 0.237, 0.237, 0.237, 0.236]
Test Loss: [72.561, 47.211, 35.262, 26.403, 18.39, 13.045, 9.315, 5.534, 2.024, 0.073, 0.021, 0.003, 0.0, 0.0, 0.0, 0.0, 0.0, 0.0, 0.0, 0.0, 0.0, 0.0, 0.0, 0.0, 0.0, 0.0, 0.0, 0.0, 0.0, 0.0, 0.0, 0.0, 0.0, 0.0, 0.0, 0.0, 0.0, 0.0, 0.0, 0.0, 0.0, 0.0, 0.0, 0.0, 0.0, 0.0, 0.0, 0.0, 0.0, 0.0, 0.0, 0.0, 0.0, 0.0, 0.0, 0.0, 0.0, 0.0, 0.0, 0.0, 0.002, 0.0, 0.0, 0.0, 0.013, 0.0, 0.006, 0.0, 0.007, 0.047, 0.051, 0.036, 0.079, 0.0, 0.088, 0.08, 0.08, 0.119, 0.054, 0.088, 0.0, 0.163, 0.075, 0.027, 0.0, 0.053, 0.122, 0.114, 0.052, 0.095, 0.013, 0.003, 0.06, 0.07, 0.116, 0.105, 0.112, 0.103, 0.073, 0.0, 0.019, 0.111, 0.095, 0.0, 0.0, 0.045, 0.14, 0.151, 0.035, 0.105, 0.08, 0.111, 0.099, 0.097, 0.107, 0.121, 0.089, 0.111, 0.161, 0.147]
Max test score: 0.664 found at epoch: 120
Max test score shapes: 0.553 found at epoch: 120
