logic loss multiplier: 0.05
150 of 478 images where trained with fully supervision, the rest only with the logic loss
Active: ImageLevelloss True True False 2 
Active: OneHotloss True 10 
Active: MinSizeBackgroundloss True 1 
Active: MaxSizeBackgroundloss True 20 
Active: MinSizeShapesloss True 30 
Active: MaxSizeShapesloss True 1 

Test Scores: [0.238, 0.288, 0.327, 0.34, 0.336, 0.347, 0.351, 0.367, 0.372, 0.367, 0.31, 0.299, 0.272, 0.295, 0.3, 0.332, 0.347, 0.318, 0.307, 0.327, 0.334, 0.361, 0.385, 0.442, 0.477, 0.481, 0.495, 0.525, 0.526, 0.54, 0.525, 0.528, 0.555, 0.523, 0.593, 0.611, 0.623, 0.631, 0.647, 0.611, 0.663, 0.681, 0.701, 0.714, 0.703, 0.704, 0.737, 0.72, 0.732, 0.779, 0.756, 0.738, 0.774, 0.739, 0.809, 0.735, 0.781, 0.741, 0.793, 0.775, 0.775, 0.759, 0.73, 0.78, 0.793, 0.781, 0.782, 0.807, 0.72, 0.795, 0.751, 0.768, 0.735, 0.78, 0.717, 0.792, 0.744, 0.772, 0.799, 0.755, 0.721, 0.791, 0.81, 0.832, 0.78, 0.75, 0.793, 0.782, 0.738, 0.78, 0.792, 0.803, 0.748, 0.829, 0.765, 0.77, 0.814, 0.771, 0.79, 0.734, 0.8, 0.775, 0.791, 0.808, 0.763, 0.8, 0.811, 0.807, 0.785, 0.797, 0.8, 0.784, 0.78, 0.806, 0.8, 0.824, 0.813, 0.821, 0.796, 0.782]
Test Scores w/o background: [0.047, 0.086, 0.123, 0.138, 0.132, 0.143, 0.145, 0.163, 0.167, 0.163, 0.097, 0.084, 0.055, 0.078, 0.084, 0.128, 0.142, 0.106, 0.091, 0.117, 0.124, 0.155, 0.189, 0.264, 0.308, 0.313, 0.332, 0.371, 0.372, 0.39, 0.37, 0.374, 0.409, 0.366, 0.46, 0.484, 0.499, 0.51, 0.531, 0.483, 0.553, 0.575, 0.602, 0.62, 0.605, 0.607, 0.65, 0.628, 0.643, 0.707, 0.675, 0.651, 0.699, 0.653, 0.746, 0.648, 0.709, 0.655, 0.724, 0.7, 0.701, 0.679, 0.641, 0.708, 0.724, 0.709, 0.71, 0.743, 0.628, 0.727, 0.669, 0.691, 0.648, 0.707, 0.624, 0.724, 0.659, 0.697, 0.732, 0.674, 0.629, 0.722, 0.747, 0.777, 0.707, 0.667, 0.724, 0.71, 0.651, 0.708, 0.723, 0.739, 0.665, 0.772, 0.687, 0.695, 0.753, 0.695, 0.72, 0.646, 0.734, 0.701, 0.723, 0.744, 0.684, 0.734, 0.749, 0.743, 0.714, 0.73, 0.735, 0.713, 0.708, 0.742, 0.734, 0.767, 0.751, 0.762, 0.729, 0.71]
Train Scores: [0.245, 0.296, 0.338, 0.36, 0.346, 0.353, 0.355, 0.37, 0.383, 0.365, 0.326, 0.319, 0.294, 0.323, 0.324, 0.348, 0.352, 0.351, 0.353, 0.365, 0.381, 0.419, 0.433, 0.513, 0.586, 0.562, 0.585, 0.621, 0.635, 0.653, 0.667, 0.646, 0.663, 0.641, 0.709, 0.705, 0.733, 0.758, 0.768, 0.723, 0.774, 0.799, 0.793, 0.825, 0.823, 0.824, 0.843, 0.836, 0.842, 0.853, 0.843, 0.838, 0.867, 0.862, 0.885, 0.833, 0.875, 0.858, 0.883, 0.878, 0.879, 0.875, 0.843, 0.858, 0.868, 0.893, 0.879, 0.867, 0.838, 0.865, 0.838, 0.872, 0.842, 0.885, 0.852, 0.897, 0.878, 0.885, 0.887, 0.86, 0.844, 0.879, 0.885, 0.897, 0.858, 0.883, 0.887, 0.88, 0.855, 0.873, 0.874, 0.896, 0.874, 0.901, 0.89, 0.883, 0.908, 0.89, 0.892, 0.868, 0.897, 0.852, 0.885, 0.906, 0.873, 0.884, 0.888, 0.89, 0.898, 0.897, 0.907, 0.9, 0.909, 0.894, 0.89, 0.899, 0.889, 0.898, 0.883, 0.881]
Train Scores w/o background: [0.057, 0.097, 0.137, 0.163, 0.144, 0.149, 0.149, 0.167, 0.181, 0.161, 0.118, 0.11, 0.08, 0.114, 0.115, 0.147, 0.149, 0.149, 0.152, 0.167, 0.186, 0.233, 0.253, 0.359, 0.453, 0.421, 0.452, 0.498, 0.516, 0.541, 0.558, 0.531, 0.553, 0.524, 0.614, 0.609, 0.645, 0.679, 0.692, 0.633, 0.701, 0.734, 0.725, 0.768, 0.765, 0.767, 0.792, 0.782, 0.79, 0.805, 0.791, 0.785, 0.823, 0.816, 0.847, 0.778, 0.835, 0.811, 0.845, 0.838, 0.84, 0.834, 0.791, 0.811, 0.825, 0.858, 0.84, 0.823, 0.785, 0.821, 0.784, 0.83, 0.79, 0.848, 0.803, 0.863, 0.838, 0.847, 0.85, 0.815, 0.792, 0.84, 0.847, 0.863, 0.812, 0.844, 0.85, 0.84, 0.808, 0.831, 0.833, 0.862, 0.832, 0.868, 0.854, 0.845, 0.878, 0.854, 0.856, 0.825, 0.863, 0.803, 0.847, 0.875, 0.831, 0.846, 0.852, 0.854, 0.865, 0.864, 0.877, 0.867, 0.879, 0.859, 0.854, 0.866, 0.853, 0.865, 0.845, 0.842]
Train Loss: [7.921, 6.168, 5.318, 4.697, 4.134, 3.661, 3.222, 2.804, 2.419, 2.098, 1.844, 1.59, 1.364, 1.173, 1.015, 0.885, 0.795, 0.729, 0.681, 0.659, 0.628, 0.585, 0.561, 0.519, 0.484, 0.454, 0.427, 0.4, 0.372, 0.351, 0.334, 0.33, 0.323, 0.316, 0.307, 0.302, 0.297, 0.285, 0.279, 0.275, 0.269, 0.267, 0.271, 0.263, 0.261, 0.258, 0.255, 0.258, 0.257, 0.254, 0.253, 0.253, 0.25, 0.249, 0.25, 0.248, 0.248, 0.25, 0.248, 0.248, 0.248, 0.247, 0.246, 0.246, 0.246, 0.246, 0.247, 0.246, 0.247, 0.246, 0.244, 0.245, 0.244, 0.245, 0.243, 0.243, 0.243, 0.244, 0.243, 0.243, 0.243, 0.243, 0.244, 0.244, 0.243, 0.243, 0.243, 0.242, 0.242, 0.242, 0.242, 0.242, 0.242, 0.241, 0.241, 0.241, 0.241, 0.241, 0.241, 0.241, 0.241, 0.241, 0.241, 0.241, 0.241, 0.241, 0.241, 0.241, 0.24, 0.24, 0.24, 0.241, 0.24, 0.241, 0.24, 0.241, 0.241, 0.241, 0.24, 0.24]
Test Loss: [213.059, 161.63, 137.546, 119.663, 103.266, 89.922, 77.651, 66.024, 54.842, 46.015, 38.953, 32.31, 26.268, 21.27, 17.114, 14.253, 12.695, 11.748, 10.014, 10.077, 8.641, 9.016, 7.465, 8.254, 7.255, 7.043, 7.38, 5.376, 5.207, 4.628, 5.243, 5.571, 4.301, 4.012, 3.951, 3.897, 3.718, 2.78, 3.557, 3.39, 2.695, 2.483, 2.97, 2.072, 3.584, 2.208, 2.213, 2.046, 4.812, 2.053, 2.126, 3.272, 2.178, 1.742, 1.958, 2.303, 2.396, 2.392, 1.844, 1.74, 3.17, 2.409, 1.709, 1.793, 1.478, 2.296, 1.939, 2.622, 2.056, 1.521, 1.492, 1.445, 1.387, 1.226, 2.807, 3.245, 2.021, 2.818, 2.316, 2.015, 1.67, 3.453, 2.349, 1.194, 1.793, 2.132, 2.842, 1.565, 1.496, 1.754, 2.037, 2.151, 2.671, 1.671, 2.54, 1.668, 1.52, 2.381, 2.145, 2.451, 1.85, 1.539, 2.066, 1.784, 2.344, 2.606, 1.547, 1.41, 2.237, 2.339, 1.686, 2.456, 2.563, 2.239, 1.504, 2.435, 1.119, 1.902, 1.471, 2.078]
Max test score: 0.832 found at epoch: 84
Max test score shapes: 0.777 found at epoch: 84
