logic loss multiplier: 0.01
150 of 478 images where trained with fully supervision, the rest only with the logic loss
Active: OneHotloss True 10 
Active: MinSizeBackgroundloss True 1 
Active: MaxSizeBackgroundloss True 20 
Active: MinSizeShapesloss True 30 
Active: MaxSizeShapesloss True 1 

Test Scores: [0.236, 0.286, 0.321, 0.333, 0.321, 0.317, 0.332, 0.349, 0.368, 0.355, 0.341, 0.365, 0.369, 0.39, 0.507, 0.496, 0.501, 0.544, 0.58, 0.552, 0.545, 0.547, 0.569, 0.602, 0.611, 0.599, 0.59, 0.618, 0.623, 0.634, 0.598, 0.543, 0.619, 0.561, 0.606, 0.64, 0.601, 0.64, 0.637, 0.608, 0.652, 0.603, 0.661, 0.623, 0.655, 0.652, 0.672, 0.636, 0.656, 0.63, 0.624, 0.65, 0.685, 0.644, 0.665, 0.647, 0.644, 0.673, 0.654, 0.635, 0.668, 0.651, 0.614, 0.674, 0.633, 0.682, 0.659, 0.658, 0.625, 0.688, 0.701, 0.633, 0.673, 0.67, 0.669, 0.651, 0.652, 0.664, 0.652, 0.647, 0.597, 0.688, 0.667, 0.678, 0.687, 0.685, 0.684, 0.682, 0.687, 0.69, 0.683, 0.63, 0.672, 0.677, 0.646, 0.659, 0.671, 0.662, 0.684, 0.679, 0.658, 0.682, 0.655, 0.685, 0.7, 0.676, 0.674, 0.662, 0.665, 0.648, 0.654, 0.669, 0.647, 0.669, 0.655, 0.631, 0.661, 0.686, 0.672, 0.66]
Test Scores w/o background: [0.046, 0.085, 0.115, 0.129, 0.116, 0.11, 0.124, 0.14, 0.165, 0.148, 0.131, 0.161, 0.166, 0.192, 0.346, 0.331, 0.337, 0.394, 0.442, 0.405, 0.395, 0.397, 0.426, 0.471, 0.482, 0.466, 0.455, 0.492, 0.498, 0.513, 0.465, 0.392, 0.492, 0.416, 0.476, 0.521, 0.468, 0.52, 0.516, 0.478, 0.536, 0.472, 0.548, 0.498, 0.541, 0.537, 0.564, 0.515, 0.542, 0.507, 0.5, 0.533, 0.58, 0.526, 0.553, 0.53, 0.526, 0.565, 0.539, 0.514, 0.558, 0.535, 0.486, 0.566, 0.512, 0.577, 0.546, 0.544, 0.5, 0.584, 0.602, 0.511, 0.565, 0.56, 0.56, 0.535, 0.537, 0.552, 0.537, 0.529, 0.463, 0.585, 0.556, 0.571, 0.583, 0.58, 0.58, 0.576, 0.583, 0.588, 0.578, 0.508, 0.563, 0.57, 0.528, 0.546, 0.562, 0.55, 0.579, 0.572, 0.545, 0.577, 0.541, 0.581, 0.6, 0.569, 0.566, 0.55, 0.554, 0.531, 0.539, 0.559, 0.53, 0.56, 0.541, 0.509, 0.548, 0.582, 0.564, 0.547]
Train Scores: [0.244, 0.294, 0.333, 0.352, 0.335, 0.338, 0.347, 0.369, 0.392, 0.368, 0.371, 0.398, 0.404, 0.449, 0.566, 0.562, 0.586, 0.627, 0.66, 0.635, 0.635, 0.65, 0.664, 0.703, 0.696, 0.668, 0.696, 0.72, 0.717, 0.742, 0.681, 0.648, 0.694, 0.631, 0.701, 0.722, 0.68, 0.716, 0.719, 0.674, 0.746, 0.688, 0.745, 0.709, 0.737, 0.731, 0.744, 0.728, 0.732, 0.706, 0.704, 0.726, 0.773, 0.725, 0.744, 0.726, 0.724, 0.766, 0.743, 0.743, 0.746, 0.752, 0.706, 0.761, 0.708, 0.748, 0.74, 0.741, 0.709, 0.775, 0.782, 0.715, 0.763, 0.748, 0.743, 0.738, 0.724, 0.729, 0.736, 0.746, 0.676, 0.771, 0.732, 0.756, 0.739, 0.774, 0.77, 0.759, 0.766, 0.74, 0.772, 0.716, 0.738, 0.774, 0.736, 0.743, 0.746, 0.742, 0.759, 0.755, 0.729, 0.789, 0.736, 0.768, 0.765, 0.767, 0.768, 0.742, 0.759, 0.738, 0.744, 0.772, 0.743, 0.748, 0.72, 0.716, 0.739, 0.789, 0.75, 0.76]
Train Scores w/o background: [0.056, 0.095, 0.132, 0.153, 0.134, 0.135, 0.143, 0.166, 0.195, 0.164, 0.171, 0.205, 0.212, 0.27, 0.425, 0.418, 0.45, 0.506, 0.549, 0.515, 0.515, 0.535, 0.553, 0.605, 0.596, 0.559, 0.596, 0.628, 0.623, 0.657, 0.575, 0.532, 0.593, 0.509, 0.603, 0.63, 0.574, 0.622, 0.625, 0.566, 0.662, 0.584, 0.661, 0.612, 0.65, 0.642, 0.66, 0.638, 0.643, 0.608, 0.607, 0.636, 0.698, 0.633, 0.66, 0.636, 0.632, 0.689, 0.658, 0.659, 0.662, 0.67, 0.608, 0.682, 0.611, 0.664, 0.653, 0.656, 0.613, 0.7, 0.71, 0.621, 0.685, 0.664, 0.657, 0.652, 0.632, 0.639, 0.648, 0.662, 0.568, 0.695, 0.643, 0.676, 0.653, 0.7, 0.694, 0.68, 0.688, 0.654, 0.697, 0.622, 0.651, 0.7, 0.649, 0.658, 0.662, 0.657, 0.68, 0.674, 0.64, 0.719, 0.649, 0.691, 0.687, 0.69, 0.691, 0.657, 0.679, 0.651, 0.659, 0.697, 0.658, 0.664, 0.627, 0.622, 0.652, 0.719, 0.668, 0.68]
Train Loss: [1.237, 1.01, 0.902, 0.824, 0.755, 0.703, 0.659, 0.614, 0.571, 0.536, 0.515, 0.498, 0.482, 0.468, 0.456, 0.432, 0.41, 0.392, 0.377, 0.364, 0.353, 0.343, 0.333, 0.325, 0.317, 0.311, 0.303, 0.296, 0.29, 0.286, 0.279, 0.275, 0.272, 0.268, 0.264, 0.261, 0.259, 0.257, 0.254, 0.252, 0.251, 0.249, 0.248, 0.246, 0.246, 0.246, 0.244, 0.244, 0.243, 0.242, 0.242, 0.241, 0.241, 0.241, 0.24, 0.24, 0.239, 0.239, 0.239, 0.239, 0.238, 0.239, 0.239, 0.238, 0.238, 0.238, 0.238, 0.238, 0.238, 0.237, 0.237, 0.237, 0.238, 0.238, 0.238, 0.237, 0.237, 0.237, 0.237, 0.237, 0.238, 0.237, 0.237, 0.237, 0.237, 0.237, 0.237, 0.237, 0.237, 0.237, 0.237, 0.237, 0.236, 0.236, 0.237, 0.236, 0.237, 0.236, 0.236, 0.236, 0.236, 0.236, 0.237, 0.236, 0.236, 0.236, 0.236, 0.236, 0.236, 0.236, 0.236, 0.236, 0.236, 0.236, 0.237, 0.237, 0.236, 0.236, 0.236, 0.236]
Test Loss: [79.853, 53.943, 41.795, 32.712, 24.575, 18.976, 14.892, 10.821, 6.773, 4.187, 3.616, 3.229, 2.911, 2.618, 2.335, 2.104, 1.85, 1.618, 1.405, 1.218, 1.058, 0.922, 0.803, 0.699, 0.611, 0.532, 0.463, 0.409, 0.353, 0.311, 0.275, 0.238, 0.213, 0.207, 0.164, 0.173, 0.197, 0.199, 0.223, 0.31, 0.241, 0.211, 0.244, 0.087, 0.307, 0.263, 0.146, 0.227, 0.038, 0.146, 0.274, 0.203, 0.301, 0.212, 0.169, 0.179, 0.21, 0.062, 0.06, 0.23, 0.113, 0.485, 0.076, 0.153, 0.266, 0.285, 0.088, 0.143, 0.274, 0.151, 0.051, 0.216, 0.22, 0.275, 0.099, 0.14, 0.047, 0.25, 0.073, 0.102, 0.212, 0.011, 0.276, 0.216, 0.199, 0.21, 0.297, 0.212, 0.131, 0.173, 0.117, 0.293, 0.4, 0.174, 0.302, 0.379, 0.315, 0.124, 0.15, 0.3, 0.447, 0.528, 0.27, 0.307, 0.024, 0.037, 0.142, 0.078, 0.168, 0.517, 0.206, 0.12, 0.085, 0.393, 0.457, 0.228, 0.126, 0.394, 0.213, 0.135]
Max test score: 0.701 found at epoch: 71
Max test score shapes: 0.602 found at epoch: 71
