logic loss multiplier: 0.01
150 of 478 images where trained with fully supervision, the rest only with the logic loss
Active: ImageLevelloss True True False 2 
Active: OneHotloss True 10 
Active: MinSizeBackgroundloss True 1 
Active: MaxSizeBackgroundloss True 20 
Active: MinSizeShapesloss True 30 
Active: MaxSizeShapesloss True 1 

Test Scores: [0.237, 0.287, 0.325, 0.341, 0.333, 0.332, 0.348, 0.368, 0.368, 0.367, 0.31, 0.297, 0.289, 0.316, 0.304, 0.335, 0.341, 0.333, 0.344, 0.369, 0.35, 0.339, 0.491, 0.505, 0.514, 0.546, 0.529, 0.53, 0.499, 0.566, 0.528, 0.529, 0.596, 0.529, 0.577, 0.607, 0.616, 0.676, 0.692, 0.641, 0.692, 0.678, 0.718, 0.707, 0.712, 0.715, 0.755, 0.733, 0.769, 0.782, 0.74, 0.756, 0.776, 0.721, 0.758, 0.771, 0.804, 0.794, 0.784, 0.8, 0.796, 0.778, 0.778, 0.765, 0.801, 0.796, 0.769, 0.834, 0.803, 0.798, 0.797, 0.768, 0.767, 0.802, 0.791, 0.752, 0.804, 0.768, 0.756, 0.779, 0.772, 0.816, 0.82, 0.79, 0.784, 0.79, 0.759, 0.794, 0.798, 0.804, 0.807, 0.782, 0.796, 0.815, 0.797, 0.8, 0.744, 0.813, 0.8, 0.796, 0.808, 0.807, 0.799, 0.797, 0.781, 0.76, 0.813, 0.783, 0.811, 0.791, 0.798, 0.792, 0.798, 0.82, 0.782, 0.806, 0.763, 0.783, 0.805, 0.806]
Test Scores w/o background: [0.047, 0.085, 0.12, 0.138, 0.129, 0.126, 0.141, 0.163, 0.163, 0.164, 0.096, 0.083, 0.074, 0.104, 0.091, 0.129, 0.134, 0.124, 0.139, 0.169, 0.145, 0.13, 0.327, 0.346, 0.357, 0.398, 0.377, 0.378, 0.335, 0.424, 0.373, 0.374, 0.464, 0.374, 0.438, 0.478, 0.49, 0.57, 0.591, 0.523, 0.59, 0.572, 0.626, 0.611, 0.617, 0.62, 0.675, 0.645, 0.693, 0.71, 0.654, 0.675, 0.703, 0.629, 0.678, 0.695, 0.74, 0.726, 0.713, 0.734, 0.729, 0.705, 0.705, 0.688, 0.736, 0.729, 0.693, 0.779, 0.738, 0.732, 0.73, 0.692, 0.69, 0.737, 0.723, 0.67, 0.74, 0.692, 0.675, 0.706, 0.697, 0.756, 0.76, 0.721, 0.713, 0.721, 0.679, 0.726, 0.732, 0.74, 0.744, 0.711, 0.729, 0.754, 0.73, 0.734, 0.66, 0.751, 0.734, 0.729, 0.744, 0.743, 0.733, 0.73, 0.709, 0.681, 0.752, 0.711, 0.749, 0.722, 0.731, 0.724, 0.731, 0.761, 0.709, 0.742, 0.685, 0.712, 0.741, 0.742]
Train Scores: [0.245, 0.295, 0.336, 0.361, 0.348, 0.344, 0.352, 0.361, 0.38, 0.365, 0.325, 0.311, 0.309, 0.351, 0.32, 0.341, 0.358, 0.372, 0.361, 0.407, 0.387, 0.394, 0.554, 0.56, 0.597, 0.625, 0.596, 0.608, 0.611, 0.652, 0.654, 0.656, 0.704, 0.659, 0.725, 0.739, 0.731, 0.763, 0.789, 0.757, 0.808, 0.773, 0.805, 0.814, 0.806, 0.808, 0.844, 0.839, 0.856, 0.866, 0.824, 0.849, 0.874, 0.859, 0.878, 0.881, 0.892, 0.884, 0.887, 0.895, 0.892, 0.88, 0.877, 0.878, 0.896, 0.875, 0.865, 0.89, 0.896, 0.904, 0.867, 0.891, 0.888, 0.903, 0.866, 0.89, 0.886, 0.867, 0.887, 0.904, 0.893, 0.905, 0.906, 0.904, 0.891, 0.908, 0.869, 0.911, 0.911, 0.902, 0.902, 0.9, 0.905, 0.911, 0.91, 0.887, 0.855, 0.916, 0.909, 0.891, 0.925, 0.895, 0.899, 0.9, 0.901, 0.892, 0.91, 0.89, 0.913, 0.91, 0.911, 0.902, 0.922, 0.92, 0.909, 0.89, 0.901, 0.909, 0.91, 0.922]
Train Scores w/o background: [0.057, 0.096, 0.135, 0.164, 0.147, 0.139, 0.146, 0.154, 0.179, 0.162, 0.116, 0.1, 0.097, 0.148, 0.111, 0.136, 0.156, 0.175, 0.161, 0.219, 0.194, 0.202, 0.411, 0.418, 0.467, 0.503, 0.466, 0.481, 0.485, 0.54, 0.541, 0.544, 0.607, 0.548, 0.635, 0.653, 0.643, 0.686, 0.72, 0.677, 0.745, 0.699, 0.741, 0.753, 0.743, 0.745, 0.793, 0.786, 0.809, 0.822, 0.766, 0.8, 0.832, 0.813, 0.837, 0.842, 0.856, 0.846, 0.85, 0.861, 0.857, 0.841, 0.837, 0.838, 0.862, 0.834, 0.82, 0.854, 0.863, 0.872, 0.824, 0.856, 0.852, 0.871, 0.822, 0.853, 0.848, 0.823, 0.851, 0.872, 0.858, 0.874, 0.875, 0.872, 0.855, 0.878, 0.825, 0.882, 0.882, 0.87, 0.87, 0.867, 0.873, 0.882, 0.881, 0.849, 0.807, 0.889, 0.88, 0.855, 0.9, 0.861, 0.866, 0.867, 0.869, 0.857, 0.881, 0.854, 0.884, 0.881, 0.882, 0.87, 0.897, 0.894, 0.879, 0.854, 0.869, 0.879, 0.88, 0.896]
Train Loss: [2.143, 1.749, 1.559, 1.421, 1.297, 1.191, 1.092, 0.997, 0.909, 0.833, 0.771, 0.714, 0.658, 0.613, 0.568, 0.533, 0.502, 0.478, 0.458, 0.443, 0.425, 0.409, 0.397, 0.377, 0.359, 0.339, 0.325, 0.312, 0.301, 0.292, 0.285, 0.28, 0.277, 0.273, 0.271, 0.265, 0.261, 0.259, 0.257, 0.256, 0.253, 0.252, 0.251, 0.249, 0.247, 0.247, 0.246, 0.245, 0.244, 0.244, 0.243, 0.243, 0.242, 0.242, 0.241, 0.241, 0.241, 0.241, 0.24, 0.24, 0.24, 0.24, 0.24, 0.24, 0.24, 0.239, 0.239, 0.24, 0.239, 0.239, 0.239, 0.239, 0.239, 0.239, 0.239, 0.239, 0.239, 0.239, 0.239, 0.239, 0.238, 0.238, 0.238, 0.238, 0.238, 0.238, 0.238, 0.238, 0.238, 0.238, 0.238, 0.238, 0.238, 0.238, 0.238, 0.238, 0.238, 0.237, 0.237, 0.237, 0.237, 0.237, 0.237, 0.237, 0.237, 0.237, 0.237, 0.237, 0.237, 0.237, 0.237, 0.237, 0.237, 0.237, 0.237, 0.237, 0.237, 0.237, 0.237, 0.237]
Test Loss: [212.869, 161.622, 137.54, 119.536, 103.347, 90.046, 77.63, 66.007, 54.96, 46.285, 39.242, 32.54, 26.583, 21.485, 17.644, 13.976, 12.807, 11.618, 10.002, 10.039, 8.903, 8.443, 8.121, 6.848, 6.668, 6.494, 6.521, 5.052, 4.913, 4.428, 4.304, 5.03, 5.353, 3.806, 4.204, 3.88, 3.617, 3.966, 3.589, 3.693, 3.284, 3.387, 3.597, 2.349, 3.544, 2.443, 3.186, 3.835, 3.11, 3.241, 2.998, 3.258, 2.653, 2.961, 2.825, 3.064, 2.633, 2.326, 3.167, 2.633, 2.929, 2.664, 2.46, 2.448, 2.919, 2.888, 2.367, 2.474, 2.485, 2.222, 2.279, 2.999, 3.695, 2.621, 2.72, 3.43, 2.586, 2.807, 4.014, 3.673, 3.533, 2.419, 2.166, 3.158, 3.24, 3.472, 2.957, 3.405, 2.369, 2.919, 2.23, 3.13, 2.657, 2.394, 3.715, 2.539, 3.329, 3.19, 2.536, 2.575, 3.271, 2.7, 2.375, 2.854, 3.201, 3.211, 3.032, 3.292, 2.844, 2.468, 2.923, 3.033, 3.045, 3.059, 3.6, 2.879, 2.607, 3.13, 3.233, 2.601]
Max test score: 0.834 found at epoch: 68
Max test score shapes: 0.779 found at epoch: 68
