logic loss multiplier: 0
150 of 478 images where trained with fully supervision, the rest only with the logic loss
Active: ImageLevelloss True True False 2 

Test Scores: [0.141, 0.19, 0.233, 0.257, 0.277, 0.292, 0.302, 0.325, 0.328, 0.338, 0.348, 0.377, 0.384, 0.395, 0.401, 0.425, 0.446, 0.442, 0.444, 0.452, 0.463, 0.488, 0.479, 0.485, 0.489, 0.503, 0.533, 0.526, 0.558, 0.57, 0.545, 0.552, 0.556, 0.573, 0.574, 0.585, 0.558, 0.551, 0.567, 0.575, 0.574, 0.612, 0.572, 0.593, 0.594, 0.594, 0.599, 0.601, 0.592, 0.608, 0.615, 0.619, 0.622, 0.603, 0.607, 0.579, 0.6, 0.59, 0.623, 0.618, 0.617, 0.591, 0.574, 0.602, 0.622, 0.631, 0.632, 0.614, 0.618, 0.609, 0.61, 0.608, 0.624, 0.634, 0.629, 0.601, 0.621, 0.624, 0.61, 0.626, 0.627, 0.63, 0.622, 0.637, 0.633, 0.625, 0.643, 0.627, 0.623, 0.629, 0.634, 0.635, 0.632, 0.638, 0.617, 0.637, 0.638, 0.656, 0.614, 0.631, 0.639, 0.623, 0.642, 0.637, 0.591, 0.617, 0.635, 0.642, 0.637, 0.619, 0.606, 0.606, 0.641, 0.645, 0.629, 0.63, 0.622, 0.641, 0.642, 0.638]
Test Scores w/o background: [0.057, 0.065, 0.065, 0.074, 0.092, 0.106, 0.112, 0.134, 0.137, 0.147, 0.158, 0.192, 0.198, 0.211, 0.218, 0.245, 0.27, 0.266, 0.266, 0.276, 0.291, 0.323, 0.311, 0.319, 0.324, 0.341, 0.381, 0.371, 0.414, 0.43, 0.397, 0.405, 0.41, 0.433, 0.435, 0.449, 0.412, 0.403, 0.424, 0.435, 0.433, 0.484, 0.431, 0.459, 0.46, 0.46, 0.466, 0.469, 0.457, 0.478, 0.487, 0.492, 0.497, 0.471, 0.477, 0.44, 0.468, 0.455, 0.498, 0.492, 0.49, 0.455, 0.433, 0.47, 0.497, 0.509, 0.511, 0.486, 0.491, 0.48, 0.48, 0.478, 0.499, 0.512, 0.506, 0.469, 0.496, 0.5, 0.481, 0.502, 0.504, 0.507, 0.497, 0.517, 0.511, 0.501, 0.524, 0.503, 0.498, 0.506, 0.512, 0.514, 0.51, 0.518, 0.491, 0.516, 0.518, 0.542, 0.486, 0.508, 0.519, 0.499, 0.523, 0.516, 0.456, 0.49, 0.515, 0.523, 0.517, 0.492, 0.476, 0.475, 0.521, 0.528, 0.506, 0.508, 0.497, 0.522, 0.523, 0.518]
Train Scores: [0.135, 0.194, 0.244, 0.273, 0.3, 0.314, 0.332, 0.357, 0.365, 0.374, 0.383, 0.41, 0.436, 0.442, 0.456, 0.487, 0.521, 0.514, 0.528, 0.53, 0.55, 0.568, 0.573, 0.595, 0.6, 0.583, 0.6, 0.617, 0.627, 0.641, 0.638, 0.623, 0.636, 0.66, 0.647, 0.654, 0.653, 0.664, 0.663, 0.673, 0.678, 0.7, 0.668, 0.684, 0.694, 0.694, 0.707, 0.718, 0.707, 0.714, 0.703, 0.716, 0.73, 0.712, 0.729, 0.695, 0.699, 0.698, 0.717, 0.726, 0.714, 0.713, 0.682, 0.706, 0.723, 0.738, 0.732, 0.719, 0.727, 0.729, 0.734, 0.727, 0.733, 0.737, 0.726, 0.718, 0.739, 0.739, 0.739, 0.739, 0.734, 0.737, 0.721, 0.741, 0.745, 0.74, 0.746, 0.733, 0.735, 0.745, 0.745, 0.747, 0.744, 0.755, 0.719, 0.738, 0.747, 0.742, 0.722, 0.737, 0.741, 0.732, 0.746, 0.75, 0.72, 0.738, 0.744, 0.75, 0.742, 0.736, 0.727, 0.735, 0.745, 0.752, 0.731, 0.749, 0.735, 0.741, 0.746, 0.746]
Train Scores w/o background: [0.044, 0.067, 0.078, 0.095, 0.122, 0.135, 0.153, 0.177, 0.186, 0.195, 0.205, 0.237, 0.267, 0.274, 0.291, 0.328, 0.37, 0.361, 0.378, 0.38, 0.405, 0.429, 0.436, 0.465, 0.471, 0.448, 0.47, 0.493, 0.505, 0.524, 0.52, 0.5, 0.517, 0.548, 0.532, 0.54, 0.539, 0.554, 0.552, 0.565, 0.573, 0.602, 0.559, 0.58, 0.593, 0.593, 0.611, 0.625, 0.611, 0.619, 0.605, 0.622, 0.64, 0.617, 0.639, 0.594, 0.6, 0.598, 0.624, 0.635, 0.62, 0.618, 0.577, 0.609, 0.631, 0.652, 0.644, 0.626, 0.636, 0.639, 0.646, 0.637, 0.645, 0.649, 0.636, 0.624, 0.653, 0.652, 0.652, 0.653, 0.646, 0.65, 0.628, 0.655, 0.661, 0.654, 0.662, 0.645, 0.647, 0.661, 0.66, 0.664, 0.66, 0.674, 0.626, 0.651, 0.663, 0.657, 0.63, 0.65, 0.656, 0.643, 0.662, 0.667, 0.627, 0.651, 0.66, 0.667, 0.657, 0.649, 0.636, 0.648, 0.661, 0.669, 0.643, 0.665, 0.647, 0.656, 0.662, 0.661]
Train Loss: [0.726, 0.701, 0.678, 0.66, 0.646, 0.633, 0.622, 0.612, 0.602, 0.591, 0.581, 0.573, 0.565, 0.558, 0.55, 0.544, 0.538, 0.533, 0.527, 0.521, 0.515, 0.51, 0.504, 0.498, 0.493, 0.487, 0.481, 0.475, 0.469, 0.464, 0.458, 0.452, 0.447, 0.441, 0.435, 0.43, 0.424, 0.418, 0.413, 0.407, 0.402, 0.396, 0.391, 0.385, 0.38, 0.375, 0.369, 0.364, 0.359, 0.354, 0.349, 0.344, 0.34, 0.335, 0.33, 0.326, 0.322, 0.318, 0.313, 0.31, 0.306, 0.302, 0.298, 0.295, 0.292, 0.288, 0.285, 0.283, 0.28, 0.277, 0.275, 0.272, 0.27, 0.268, 0.265, 0.263, 0.262, 0.26, 0.258, 0.257, 0.255, 0.254, 0.252, 0.251, 0.25, 0.249, 0.248, 0.247, 0.246, 0.246, 0.245, 0.244, 0.244, 0.243, 0.243, 0.242, 0.242, 0.241, 0.241, 0.24, 0.24, 0.24, 0.24, 0.239, 0.239, 0.239, 0.239, 0.238, 0.238, 0.238, 0.238, 0.238, 0.238, 0.237, 0.237, 0.237, 0.237, 0.237, 0.237, 0.237]
Test Loss: [144.57, 135.608, 125.83, 118.468, 112.53, 107.384, 103.136, 99.658, 97.122, 94.65, 92.465, 90.236, 87.82, 85.177, 82.591, 80.254, 77.776, 75.346, 73.052, 70.541, 68.072, 65.733, 63.317, 60.72, 58.521, 56.046, 53.709, 51.303, 48.902, 46.626, 44.487, 42.256, 40.036, 38.169, 36.044, 34.552, 32.6, 30.676, 28.566, 27.661, 25.58, 24.523, 22.815, 21.03, 19.933, 19.15, 17.523, 16.646, 15.145, 14.589, 13.644, 12.624, 12.639, 11.157, 11.047, 9.78, 10.308, 9.808, 8.661, 9.533, 8.499, 7.244, 6.96, 6.792, 7.111, 6.591, 6.059, 6.063, 7.678, 6.288, 6.455, 5.893, 5.228, 5.801, 6.113, 5.375, 7.355, 5.761, 5.237, 6.29, 6.163, 5.766, 5.414, 4.242, 4.334, 5.373, 4.849, 5.064, 5.7, 5.517, 5.238, 5.723, 5.361, 5.255, 4.842, 5.046, 4.85, 4.327, 4.424, 5.072, 4.762, 4.965, 5.195, 4.645, 4.912, 5.879, 4.487, 5.081, 5.219, 4.742, 4.21, 4.673, 5.516, 5.544, 3.627, 4.35, 4.179, 4.743, 5.044, 4.862]
Max test score: 0.656 found at epoch: 98
Max test score shapes: 0.542 found at epoch: 98
