logic loss multiplier: 0.01
150 of 478 images where trained with fully supervision, the rest only with the logic loss
Active: ImageLevelloss True True False 2 
Active: MinSizeBackgroundloss True 1 
Active: MaxSizeBackgroundloss True 20 
Active: MinSizeShapesloss True 30 
Active: MaxSizeShapesloss True 1 

Test Scores: [0.238, 0.288, 0.329, 0.347, 0.339, 0.332, 0.338, 0.369, 0.371, 0.357, 0.333, 0.323, 0.305, 0.298, 0.295, 0.35, 0.342, 0.318, 0.341, 0.387, 0.346, 0.377, 0.457, 0.518, 0.518, 0.535, 0.522, 0.529, 0.537, 0.565, 0.572, 0.595, 0.661, 0.611, 0.639, 0.667, 0.659, 0.729, 0.726, 0.712, 0.707, 0.721, 0.747, 0.773, 0.714, 0.766, 0.747, 0.771, 0.817, 0.788, 0.778, 0.757, 0.764, 0.796, 0.778, 0.79, 0.785, 0.849, 0.83, 0.853, 0.84, 0.855, 0.784, 0.811, 0.822, 0.842, 0.795, 0.812, 0.84, 0.823, 0.834, 0.784, 0.832, 0.849, 0.798, 0.848, 0.824, 0.844, 0.829, 0.806, 0.835, 0.83, 0.765, 0.86, 0.827, 0.831, 0.843, 0.857, 0.832, 0.851, 0.833, 0.852, 0.829, 0.859, 0.86, 0.847, 0.82, 0.829, 0.86, 0.848, 0.819, 0.881, 0.865, 0.842, 0.844, 0.84, 0.862, 0.844, 0.859, 0.835, 0.87, 0.852, 0.853, 0.832, 0.859, 0.872, 0.878, 0.858, 0.858, 0.867]
Test Scores w/o background: [0.048, 0.086, 0.125, 0.144, 0.135, 0.125, 0.13, 0.164, 0.167, 0.152, 0.122, 0.115, 0.093, 0.084, 0.078, 0.147, 0.135, 0.106, 0.133, 0.192, 0.138, 0.178, 0.281, 0.363, 0.362, 0.385, 0.366, 0.376, 0.385, 0.423, 0.432, 0.463, 0.55, 0.483, 0.521, 0.557, 0.547, 0.64, 0.636, 0.618, 0.611, 0.63, 0.664, 0.699, 0.62, 0.689, 0.663, 0.696, 0.757, 0.719, 0.706, 0.677, 0.686, 0.729, 0.705, 0.721, 0.714, 0.8, 0.774, 0.805, 0.788, 0.807, 0.713, 0.749, 0.763, 0.79, 0.728, 0.75, 0.787, 0.765, 0.78, 0.713, 0.777, 0.799, 0.731, 0.798, 0.766, 0.793, 0.773, 0.742, 0.78, 0.774, 0.687, 0.814, 0.77, 0.776, 0.791, 0.811, 0.776, 0.802, 0.778, 0.803, 0.773, 0.812, 0.814, 0.796, 0.761, 0.772, 0.814, 0.797, 0.759, 0.842, 0.821, 0.79, 0.793, 0.787, 0.817, 0.793, 0.813, 0.78, 0.828, 0.804, 0.804, 0.776, 0.813, 0.83, 0.838, 0.811, 0.811, 0.823]
Train Scores: [0.246, 0.296, 0.339, 0.368, 0.352, 0.343, 0.35, 0.366, 0.388, 0.355, 0.349, 0.319, 0.315, 0.32, 0.311, 0.355, 0.359, 0.345, 0.372, 0.407, 0.382, 0.417, 0.495, 0.568, 0.608, 0.63, 0.619, 0.635, 0.665, 0.664, 0.7, 0.712, 0.722, 0.728, 0.733, 0.75, 0.758, 0.8, 0.804, 0.775, 0.809, 0.803, 0.81, 0.839, 0.832, 0.829, 0.852, 0.861, 0.887, 0.845, 0.865, 0.869, 0.87, 0.88, 0.867, 0.882, 0.894, 0.909, 0.89, 0.911, 0.908, 0.89, 0.863, 0.885, 0.881, 0.886, 0.889, 0.899, 0.914, 0.901, 0.912, 0.875, 0.91, 0.905, 0.888, 0.902, 0.895, 0.916, 0.91, 0.902, 0.91, 0.923, 0.881, 0.912, 0.892, 0.912, 0.912, 0.909, 0.903, 0.917, 0.902, 0.914, 0.915, 0.926, 0.924, 0.919, 0.911, 0.922, 0.925, 0.915, 0.911, 0.927, 0.924, 0.91, 0.911, 0.917, 0.927, 0.924, 0.916, 0.923, 0.934, 0.92, 0.923, 0.902, 0.929, 0.934, 0.936, 0.932, 0.931, 0.935]
Train Scores w/o background: [0.057, 0.097, 0.139, 0.173, 0.152, 0.138, 0.144, 0.16, 0.189, 0.148, 0.144, 0.108, 0.105, 0.111, 0.098, 0.154, 0.156, 0.142, 0.175, 0.219, 0.187, 0.232, 0.334, 0.429, 0.482, 0.511, 0.496, 0.518, 0.556, 0.555, 0.603, 0.618, 0.631, 0.639, 0.645, 0.668, 0.679, 0.735, 0.74, 0.701, 0.747, 0.738, 0.747, 0.786, 0.777, 0.773, 0.803, 0.816, 0.851, 0.794, 0.82, 0.826, 0.827, 0.84, 0.823, 0.843, 0.86, 0.879, 0.854, 0.882, 0.878, 0.853, 0.819, 0.847, 0.842, 0.849, 0.852, 0.866, 0.886, 0.869, 0.883, 0.834, 0.88, 0.874, 0.852, 0.87, 0.861, 0.888, 0.881, 0.869, 0.88, 0.898, 0.842, 0.884, 0.857, 0.883, 0.883, 0.879, 0.871, 0.889, 0.869, 0.885, 0.888, 0.902, 0.899, 0.893, 0.882, 0.896, 0.901, 0.887, 0.881, 0.904, 0.899, 0.88, 0.882, 0.89, 0.903, 0.899, 0.888, 0.898, 0.913, 0.893, 0.897, 0.87, 0.906, 0.913, 0.915, 0.91, 0.908, 0.914]
Train Loss: [2.093, 1.703, 1.514, 1.377, 1.255, 1.149, 1.053, 0.961, 0.875, 0.804, 0.744, 0.691, 0.64, 0.597, 0.553, 0.521, 0.497, 0.473, 0.45, 0.433, 0.425, 0.404, 0.39, 0.369, 0.351, 0.334, 0.322, 0.311, 0.306, 0.296, 0.289, 0.285, 0.279, 0.275, 0.27, 0.268, 0.264, 0.261, 0.258, 0.256, 0.254, 0.252, 0.251, 0.25, 0.248, 0.247, 0.246, 0.245, 0.245, 0.244, 0.244, 0.243, 0.243, 0.242, 0.242, 0.242, 0.241, 0.241, 0.241, 0.241, 0.24, 0.24, 0.24, 0.24, 0.24, 0.239, 0.239, 0.239, 0.239, 0.239, 0.239, 0.239, 0.239, 0.239, 0.239, 0.239, 0.239, 0.238, 0.238, 0.238, 0.238, 0.238, 0.238, 0.238, 0.238, 0.238, 0.238, 0.238, 0.238, 0.238, 0.238, 0.237, 0.237, 0.237, 0.237, 0.237, 0.237, 0.237, 0.237, 0.237, 0.237, 0.237, 0.237, 0.237, 0.237, 0.237, 0.237, 0.237, 0.237, 0.237, 0.237, 0.237, 0.237, 0.237, 0.237, 0.237, 0.237, 0.237, 0.237, 0.237]
Test Loss: [205.564, 154.9, 131.004, 113.209, 97.104, 83.823, 71.905, 60.636, 49.993, 41.658, 35.271, 29.068, 23.538, 18.78, 15.689, 12.942, 10.817, 9.903, 8.757, 8.701, 8.025, 7.092, 7.049, 5.905, 6.482, 5.542, 5.08, 4.832, 4.495, 4.609, 4.015, 4.286, 3.734, 3.077, 2.711, 1.984, 2.843, 2.536, 2.892, 2.199, 1.72, 3.165, 1.688, 1.072, 2.539, 2.239, 1.697, 1.557, 1.409, 1.55, 1.683, 1.647, 1.741, 1.116, 1.034, 1.76, 1.689, 1.708, 1.456, 1.749, 1.052, 1.019, 1.062, 1.849, 1.109, 1.23, 0.995, 1.349, 1.454, 0.951, 1.657, 0.897, 1.88, 0.882, 1.087, 1.427, 0.994, 1.453, 1.424, 1.229, 1.172, 1.454, 1.82, 0.859, 0.744, 1.294, 2.811, 0.911, 1.454, 1.814, 1.035, 1.903, 1.115, 1.175, 1.543, 1.116, 1.517, 1.48, 1.591, 0.892, 1.235, 0.854, 0.822, 1.078, 1.495, 1.451, 0.861, 1.622, 1.615, 1.577, 1.848, 0.767, 1.056, 1.448, 1.221, 1.533, 0.986, 1.1, 1.491, 0.976]
Max test score: 0.881 found at epoch: 102
Max test score shapes: 0.842 found at epoch: 102
