seed 42
Active: ImageLevelloss True True False 2 
percentFullySupervised 0.2
domainLossMultiplier 0.01

Test Scores: [0.326, 0.272, 0.277, 0.281, 0.276, 0.304, 0.268, 0.296, 0.284, 0.286, 0.27, 0.283, 0.324, 0.319, 0.32, 0.324, 0.306, 0.314, 0.334, 0.319, 0.326, 0.294, 0.3, 0.324, 0.314, 0.323, 0.309, 0.309, 0.313, 0.318, 0.337, 0.326, 0.344, 0.347, 0.316, 0.347, 0.35, 0.365, 0.349, 0.331, 0.362, 0.353, 0.358, 0.355, 0.366, 0.322, 0.333, 0.343, 0.346, 0.359, 0.353, 0.345, 0.346, 0.328, 0.341, 0.34, 0.31, 0.347, 0.355, 0.337, 0.329, 0.353, 0.315, 0.366, 0.365, 0.367, 0.337, 0.329, 0.348, 0.327, 0.338, 0.34, 0.355, 0.357, 0.318, 0.34, 0.349, 0.34, 0.372, 0.346, 0.337, 0.338, 0.348, 0.344, 0.347, 0.367, 0.35, 0.361, 0.362, 0.335, 0.354, 0.345, 0.348, 0.334, 0.361, 0.352, 0.358, 0.353, 0.343, 0.356, 0.348, 0.349, 0.357, 0.37, 0.34, 0.334, 0.354, 0.349, 0.366, 0.358, 0.359, 0.331, 0.326, 0.343, 0.351, 0.354, 0.351, 0.352, 0.345, 0.366]
Test Scores w/o background: [0.098, 0.004, 0.012, 0.019, 0.01, 0.056, 0.032, 0.044, 0.024, 0.035, 0.019, 0.072, 0.086, 0.081, 0.079, 0.09, 0.059, 0.07, 0.097, 0.078, 0.089, 0.04, 0.052, 0.083, 0.07, 0.085, 0.065, 0.065, 0.066, 0.076, 0.103, 0.086, 0.112, 0.112, 0.072, 0.119, 0.133, 0.135, 0.119, 0.095, 0.135, 0.128, 0.133, 0.127, 0.14, 0.081, 0.092, 0.107, 0.109, 0.13, 0.124, 0.107, 0.117, 0.086, 0.109, 0.102, 0.058, 0.11, 0.124, 0.1, 0.092, 0.128, 0.067, 0.14, 0.147, 0.138, 0.099, 0.093, 0.113, 0.085, 0.099, 0.105, 0.128, 0.133, 0.071, 0.105, 0.113, 0.102, 0.143, 0.119, 0.103, 0.099, 0.125, 0.118, 0.111, 0.137, 0.114, 0.132, 0.133, 0.093, 0.122, 0.112, 0.117, 0.095, 0.138, 0.12, 0.132, 0.126, 0.119, 0.129, 0.114, 0.114, 0.122, 0.147, 0.102, 0.092, 0.126, 0.113, 0.138, 0.133, 0.141, 0.091, 0.084, 0.105, 0.12, 0.126, 0.117, 0.12, 0.106, 0.137]
Train Scores: [0.341, 0.277, 0.283, 0.297, 0.289, 0.316, 0.278, 0.305, 0.296, 0.295, 0.274, 0.3, 0.329, 0.326, 0.327, 0.335, 0.31, 0.322, 0.35, 0.33, 0.342, 0.305, 0.316, 0.34, 0.329, 0.339, 0.323, 0.322, 0.327, 0.333, 0.356, 0.34, 0.372, 0.359, 0.329, 0.365, 0.366, 0.378, 0.373, 0.346, 0.369, 0.373, 0.366, 0.362, 0.373, 0.336, 0.346, 0.353, 0.353, 0.363, 0.364, 0.356, 0.368, 0.338, 0.361, 0.345, 0.321, 0.35, 0.373, 0.344, 0.34, 0.373, 0.319, 0.37, 0.378, 0.374, 0.349, 0.347, 0.36, 0.344, 0.355, 0.362, 0.37, 0.371, 0.328, 0.352, 0.358, 0.355, 0.373, 0.362, 0.356, 0.352, 0.367, 0.356, 0.359, 0.372, 0.358, 0.366, 0.376, 0.348, 0.373, 0.36, 0.361, 0.351, 0.377, 0.367, 0.376, 0.369, 0.357, 0.375, 0.366, 0.363, 0.361, 0.375, 0.352, 0.342, 0.37, 0.354, 0.384, 0.369, 0.371, 0.349, 0.347, 0.351, 0.365, 0.366, 0.358, 0.365, 0.357, 0.373]
Train Scores w/o background: [0.109, 0.007, 0.016, 0.038, 0.025, 0.07, 0.04, 0.054, 0.035, 0.046, 0.019, 0.084, 0.087, 0.086, 0.088, 0.097, 0.06, 0.074, 0.113, 0.086, 0.104, 0.049, 0.067, 0.097, 0.085, 0.098, 0.077, 0.077, 0.083, 0.092, 0.119, 0.097, 0.14, 0.123, 0.084, 0.138, 0.147, 0.146, 0.144, 0.11, 0.141, 0.148, 0.14, 0.136, 0.147, 0.096, 0.107, 0.116, 0.115, 0.132, 0.135, 0.119, 0.14, 0.094, 0.129, 0.107, 0.071, 0.11, 0.141, 0.104, 0.102, 0.15, 0.07, 0.143, 0.162, 0.145, 0.111, 0.112, 0.125, 0.102, 0.116, 0.129, 0.144, 0.148, 0.081, 0.117, 0.12, 0.118, 0.143, 0.137, 0.125, 0.114, 0.147, 0.132, 0.123, 0.141, 0.122, 0.136, 0.147, 0.106, 0.14, 0.127, 0.13, 0.113, 0.156, 0.136, 0.153, 0.144, 0.137, 0.151, 0.136, 0.129, 0.125, 0.153, 0.116, 0.099, 0.145, 0.117, 0.158, 0.146, 0.151, 0.111, 0.111, 0.112, 0.136, 0.139, 0.124, 0.136, 0.119, 0.144]
Train Loss: [4.026, 2.422, 1.571, 1.078, 0.849, 0.796, 0.773, 0.731, 0.715, 0.711, 0.727, 0.699, 0.686, 0.655, 0.63, 0.62, 0.585, 0.558, 0.524, 0.513, 0.533, 0.495, 0.498, 0.462, 0.416, 0.442, 0.424, 0.407, 0.372, 0.363, 0.359, 0.355, 0.351, 0.337, 0.358, 0.409, 0.357, 0.356, 0.364, 0.305, 0.322, 0.292, 0.266, 0.248, 0.243, 0.235, 0.234, 0.238, 0.223, 0.211, 0.196, 0.219, 0.225, 0.214, 0.192, 0.188, 0.206, 0.237, 0.174, 0.209, 0.222, 0.223, 0.196, 0.189, 0.183, 0.195, 0.165, 0.182, 0.175, 0.183, 0.18, 0.168, 0.192, 0.188, 0.206, 0.183, 0.162, 0.164, 0.213, 0.208, 0.21, 0.186, 0.194, 0.186, 0.168, 0.153, 0.147, 0.174, 0.141, 0.164, 0.153, 0.151, 0.134, 0.141, 0.149, 0.12, 0.127, 0.109, 0.107, 0.1, 0.108, 0.107, 0.108, 0.118, 0.11, 0.094, 0.105, 0.101, 0.111, 0.118, 0.116, 0.13, 0.128, 0.127, 0.127, 0.145, 0.124, 0.113, 0.127, 0.121]
Max test score: 0.372 found at epoch: 79
Max test score shapes: 0.147 found at epoch: 104
Avg generalisation ratio: 0.876
Avg generalisation diff: 0.012