seed 42
Active: ImageLevelloss True True False 2 
percentFullySupervised 0.2
domainLossMultiplier 0.01
Active: Adjacencyloss True True 30 0.0001 False False 
Active: Relationsloss True 2 True 0.1 False True False 
Active: OneHotloss True 20 
Active: Smoothnessloss True 100 
Active: MinSizeShapesloss True 1 0.5 0.0035 0.015 
Active: MaxSizeShapesloss True 1 0.98 0.2 0.42 

Test Scores: [0.281, 0.275, 0.276, 0.309, 0.336, 0.338, 0.361, 0.375, 0.368, 0.382, 0.398, 0.394, 0.396, 0.399, 0.393, 0.403, 0.391, 0.394, 0.396, 0.413, 0.414, 0.421, 0.411, 0.403, 0.397, 0.394, 0.411, 0.413, 0.39, 0.417, 0.416, 0.424, 0.415, 0.428, 0.428, 0.437, 0.438, 0.401, 0.436, 0.427, 0.415, 0.421, 0.429, 0.422, 0.42, 0.441, 0.432, 0.451, 0.433, 0.441, 0.458, 0.452, 0.438, 0.414, 0.441, 0.437, 0.44, 0.44, 0.444, 0.453, 0.436, 0.444, 0.434, 0.462, 0.437, 0.445, 0.432, 0.46, 0.46, 0.44, 0.45, 0.456, 0.448, 0.449, 0.466, 0.463, 0.441, 0.449, 0.45, 0.438, 0.453, 0.455, 0.438, 0.452, 0.451, 0.46, 0.458, 0.442, 0.445, 0.442, 0.462, 0.455, 0.462, 0.465, 0.454, 0.463, 0.452, 0.451, 0.45, 0.476, 0.461, 0.464, 0.45, 0.449, 0.463, 0.461, 0.456, 0.458, 0.461, 0.466, 0.456, 0.462, 0.458, 0.451, 0.471, 0.465, 0.453, 0.46, 0.459, 0.458]
Test Scores w/o background: [0.053, 0.01, 0.012, 0.062, 0.103, 0.108, 0.135, 0.161, 0.146, 0.167, 0.18, 0.171, 0.189, 0.181, 0.172, 0.182, 0.176, 0.174, 0.176, 0.197, 0.201, 0.202, 0.193, 0.188, 0.183, 0.182, 0.194, 0.203, 0.164, 0.211, 0.2, 0.214, 0.209, 0.219, 0.235, 0.242, 0.235, 0.187, 0.248, 0.228, 0.207, 0.228, 0.229, 0.21, 0.208, 0.235, 0.231, 0.254, 0.238, 0.244, 0.27, 0.252, 0.245, 0.215, 0.248, 0.241, 0.233, 0.237, 0.24, 0.251, 0.232, 0.25, 0.228, 0.265, 0.245, 0.244, 0.225, 0.269, 0.27, 0.24, 0.263, 0.267, 0.249, 0.26, 0.276, 0.276, 0.257, 0.26, 0.255, 0.238, 0.267, 0.265, 0.255, 0.268, 0.258, 0.269, 0.261, 0.239, 0.249, 0.252, 0.271, 0.262, 0.28, 0.274, 0.269, 0.284, 0.27, 0.26, 0.267, 0.288, 0.27, 0.28, 0.261, 0.256, 0.268, 0.264, 0.276, 0.265, 0.276, 0.284, 0.27, 0.276, 0.271, 0.263, 0.287, 0.271, 0.257, 0.268, 0.276, 0.274]
Train Scores: [0.296, 0.291, 0.282, 0.33, 0.365, 0.36, 0.373, 0.391, 0.378, 0.405, 0.412, 0.404, 0.401, 0.416, 0.402, 0.409, 0.408, 0.402, 0.41, 0.421, 0.419, 0.424, 0.411, 0.41, 0.406, 0.404, 0.407, 0.42, 0.397, 0.424, 0.422, 0.433, 0.421, 0.428, 0.425, 0.439, 0.445, 0.394, 0.444, 0.432, 0.424, 0.427, 0.434, 0.43, 0.426, 0.443, 0.438, 0.447, 0.434, 0.443, 0.459, 0.45, 0.44, 0.419, 0.445, 0.442, 0.448, 0.452, 0.449, 0.455, 0.445, 0.449, 0.435, 0.47, 0.441, 0.453, 0.443, 0.457, 0.46, 0.446, 0.448, 0.463, 0.457, 0.45, 0.461, 0.461, 0.449, 0.458, 0.454, 0.447, 0.455, 0.464, 0.444, 0.458, 0.448, 0.463, 0.451, 0.444, 0.449, 0.454, 0.461, 0.449, 0.464, 0.464, 0.458, 0.469, 0.46, 0.455, 0.45, 0.473, 0.46, 0.463, 0.45, 0.448, 0.462, 0.464, 0.459, 0.452, 0.465, 0.471, 0.462, 0.462, 0.457, 0.451, 0.467, 0.461, 0.454, 0.463, 0.462, 0.457]
Train Scores w/o background: [0.07, 0.026, 0.014, 0.084, 0.132, 0.13, 0.149, 0.179, 0.158, 0.193, 0.194, 0.183, 0.194, 0.198, 0.185, 0.187, 0.197, 0.179, 0.193, 0.204, 0.205, 0.205, 0.192, 0.196, 0.191, 0.187, 0.189, 0.209, 0.169, 0.216, 0.203, 0.22, 0.211, 0.215, 0.223, 0.238, 0.24, 0.171, 0.253, 0.228, 0.214, 0.234, 0.237, 0.217, 0.213, 0.235, 0.236, 0.244, 0.231, 0.243, 0.271, 0.248, 0.245, 0.213, 0.247, 0.242, 0.242, 0.251, 0.243, 0.251, 0.24, 0.252, 0.226, 0.271, 0.245, 0.251, 0.236, 0.263, 0.265, 0.24, 0.252, 0.27, 0.256, 0.256, 0.263, 0.269, 0.258, 0.265, 0.255, 0.244, 0.26, 0.27, 0.257, 0.269, 0.246, 0.267, 0.249, 0.235, 0.248, 0.26, 0.265, 0.247, 0.273, 0.267, 0.264, 0.282, 0.275, 0.258, 0.26, 0.279, 0.262, 0.271, 0.251, 0.247, 0.262, 0.263, 0.269, 0.251, 0.273, 0.284, 0.272, 0.268, 0.26, 0.253, 0.276, 0.261, 0.253, 0.264, 0.27, 0.264]
Train Loss: [4.073, 2.293, 1.471, 1.083, 0.923, 0.86, 0.75, 0.673, 0.636, 0.585, 0.574, 0.527, 0.5, 0.465, 0.454, 0.421, 0.397, 0.405, 0.368, 0.381, 0.389, 0.364, 0.35, 0.332, 0.315, 0.299, 0.293, 0.275, 0.261, 0.232, 0.224, 0.211, 0.214, 0.209, 0.209, 0.239, 0.253, 0.227, 0.218, 0.191, 0.199, 0.184, 0.207, 0.172, 0.177, 0.189, 0.178, 0.159, 0.187, 0.183, 0.189, 0.163, 0.183, 0.161, 0.19, 0.15, 0.135, 0.149, 0.142, 0.144, 0.162, 0.148, 0.155, 0.16, 0.152, 0.147, 0.147, 0.163, 0.141, 0.123, 0.113, 0.146, 0.139, 0.157, 0.157, 0.139, 0.138, 0.122, 0.116, 0.107, 0.104, 0.101, 0.097, 0.11, 0.105, 0.104, 0.098, 0.114, 0.1, 0.087, 0.086, 0.084, 0.081, 0.079, 0.085, 0.092, 0.077, 0.083, 0.08, 0.089, 0.102, 0.099, 0.102, 0.109, 0.109, 0.091, 0.08, 0.089, 0.078, 0.081, 0.076, 0.065, 0.068, 0.069, 0.078, 0.091, 0.086, 0.085, 0.094, 0.109]
Max test score: 0.476 found at epoch: 100
Max test score shapes: 0.288 found at epoch: 100
Avg generalisation ratio: 0.982
Avg generalisation diff: 0.001