FullySupervisedPercentage: 0.4
logic loss multiplier: 0.01

Test Scores: [0.164, 0.233, 0.263, 0.285, 0.309, 0.319, 0.351, 0.353, 0.362, 0.408, 0.405, 0.415, 0.468, 0.465, 0.461, 0.504, 0.458, 0.481, 0.538, 0.512, 0.528, 0.583, 0.567, 0.581, 0.593, 0.611, 0.599, 0.614, 0.606, 0.601, 0.602, 0.644, 0.608, 0.655, 0.641, 0.652, 0.646, 0.646, 0.639, 0.67, 0.62, 0.614, 0.688, 0.708, 0.686, 0.675, 0.669, 0.636, 0.681, 0.676, 0.684, 0.682, 0.674, 0.648, 0.657, 0.648, 0.676, 0.684, 0.7, 0.726, 0.69, 0.683, 0.691, 0.68, 0.683, 0.688, 0.695, 0.684, 0.659, 0.697, 0.685, 0.663, 0.685, 0.681, 0.674, 0.675, 0.668, 0.697, 0.674, 0.684, 0.643, 0.702, 0.704, 0.669, 0.694, 0.688, 0.667, 0.684, 0.675, 0.701, 0.696, 0.696, 0.654, 0.676, 0.687, 0.696, 0.678, 0.697, 0.686, 0.65]
Test Scores w/o background: [0.066, 0.078, 0.08, 0.095, 0.117, 0.125, 0.163, 0.166, 0.175, 0.23, 0.225, 0.238, 0.303, 0.297, 0.29, 0.347, 0.285, 0.316, 0.392, 0.356, 0.376, 0.447, 0.426, 0.445, 0.46, 0.484, 0.467, 0.487, 0.477, 0.47, 0.471, 0.527, 0.479, 0.542, 0.523, 0.537, 0.529, 0.53, 0.52, 0.561, 0.495, 0.487, 0.584, 0.612, 0.583, 0.567, 0.56, 0.515, 0.576, 0.569, 0.579, 0.577, 0.567, 0.531, 0.543, 0.531, 0.569, 0.579, 0.601, 0.635, 0.588, 0.579, 0.589, 0.574, 0.579, 0.584, 0.594, 0.579, 0.546, 0.597, 0.581, 0.551, 0.581, 0.576, 0.567, 0.567, 0.558, 0.596, 0.566, 0.579, 0.524, 0.604, 0.606, 0.56, 0.593, 0.584, 0.557, 0.579, 0.567, 0.602, 0.595, 0.595, 0.539, 0.568, 0.584, 0.595, 0.572, 0.597, 0.583, 0.534]
Train Scores: [0.158, 0.232, 0.272, 0.303, 0.328, 0.337, 0.373, 0.375, 0.398, 0.437, 0.469, 0.478, 0.545, 0.543, 0.558, 0.564, 0.531, 0.576, 0.59, 0.581, 0.624, 0.656, 0.642, 0.659, 0.686, 0.697, 0.685, 0.706, 0.717, 0.699, 0.713, 0.736, 0.714, 0.755, 0.725, 0.737, 0.746, 0.729, 0.723, 0.753, 0.748, 0.734, 0.783, 0.789, 0.783, 0.778, 0.769, 0.766, 0.793, 0.784, 0.792, 0.789, 0.779, 0.775, 0.787, 0.769, 0.783, 0.796, 0.795, 0.798, 0.786, 0.785, 0.791, 0.787, 0.792, 0.793, 0.796, 0.797, 0.776, 0.802, 0.785, 0.775, 0.802, 0.805, 0.793, 0.781, 0.79, 0.799, 0.781, 0.794, 0.767, 0.806, 0.803, 0.773, 0.787, 0.792, 0.794, 0.804, 0.791, 0.803, 0.804, 0.804, 0.784, 0.79, 0.801, 0.796, 0.796, 0.814, 0.793, 0.772]
Train Scores w/o background: [0.053, 0.077, 0.091, 0.118, 0.143, 0.15, 0.191, 0.194, 0.222, 0.268, 0.31, 0.321, 0.405, 0.401, 0.419, 0.427, 0.382, 0.443, 0.461, 0.448, 0.504, 0.546, 0.526, 0.548, 0.584, 0.598, 0.583, 0.61, 0.624, 0.6, 0.62, 0.65, 0.621, 0.675, 0.635, 0.65, 0.662, 0.639, 0.632, 0.672, 0.666, 0.647, 0.711, 0.719, 0.712, 0.705, 0.692, 0.689, 0.724, 0.713, 0.723, 0.719, 0.706, 0.701, 0.717, 0.693, 0.711, 0.728, 0.727, 0.731, 0.715, 0.713, 0.722, 0.716, 0.723, 0.724, 0.729, 0.731, 0.701, 0.737, 0.714, 0.701, 0.736, 0.74, 0.724, 0.708, 0.721, 0.733, 0.708, 0.725, 0.691, 0.742, 0.738, 0.697, 0.717, 0.723, 0.726, 0.739, 0.722, 0.738, 0.739, 0.739, 0.712, 0.721, 0.735, 0.729, 0.729, 0.753, 0.725, 0.697]
Train Loss: [0.919, 0.881, 0.848, 0.824, 0.805, 0.789, 0.773, 0.757, 0.742, 0.727, 0.714, 0.702, 0.691, 0.682, 0.672, 0.664, 0.654, 0.645, 0.636, 0.626, 0.617, 0.608, 0.599, 0.589, 0.58, 0.571, 0.561, 0.552, 0.543, 0.533, 0.524, 0.515, 0.506, 0.497, 0.489, 0.48, 0.472, 0.463, 0.455, 0.447, 0.439, 0.432, 0.424, 0.417, 0.41, 0.403, 0.397, 0.391, 0.384, 0.379, 0.373, 0.368, 0.363, 0.358, 0.354, 0.35, 0.346, 0.342, 0.338, 0.335, 0.332, 0.329, 0.327, 0.324, 0.322, 0.32, 0.319, 0.317, 0.315, 0.314, 0.313, 0.312, 0.311, 0.31, 0.309, 0.308, 0.307, 0.307, 0.306, 0.306, 0.305, 0.304, 0.304, 0.304, 0.304, 0.303, 0.303, 0.302, 0.302, 0.302, 0.302, 0.302, 0.302, 0.301, 0.301, 0.301, 0.301, 0.301, 0.301, 0.301]
Max test score: 0.726 found at epoch: 60
Max test score shapes: 0.635 found at epoch: 60
