FullySupervisedPercentage: 1
logic loss multiplier: 0.01

Test Scores: [0.24, 0.298, 0.356, 0.363, 0.471, 0.474, 0.563, 0.593, 0.605, 0.681, 0.667, 0.655, 0.721, 0.754, 0.736, 0.75, 0.833, 0.669, 0.698, 0.748, 0.76, 0.862, 0.779, 0.837, 0.706, 0.726, 0.75, 0.809, 0.82, 0.738, 0.831, 0.83, 0.755, 0.847, 0.868, 0.834, 0.737, 0.847, 0.886, 0.815, 0.872, 0.865, 0.81, 0.871, 0.815, 0.844, 0.86, 0.886, 0.874, 0.793, 0.83, 0.83, 0.848, 0.867, 0.87, 0.898, 0.867, 0.826, 0.86, 0.86, 0.86, 0.853, 0.87, 0.841, 0.828, 0.872, 0.86, 0.812, 0.841, 0.827, 0.862, 0.864, 0.822, 0.822, 0.818, 0.892, 0.857, 0.895, 0.807, 0.889, 0.859, 0.888, 0.877, 0.868, 0.873, 0.784, 0.806, 0.871, 0.837, 0.86, 0.896, 0.851, 0.781, 0.832, 0.862, 0.829, 0.837, 0.892, 0.888, 0.874]
Test Scores w/o background: [0.064, 0.106, 0.169, 0.17, 0.306, 0.307, 0.423, 0.463, 0.478, 0.578, 0.558, 0.542, 0.63, 0.674, 0.649, 0.667, 0.779, 0.56, 0.598, 0.665, 0.68, 0.816, 0.706, 0.784, 0.609, 0.635, 0.667, 0.746, 0.761, 0.651, 0.776, 0.775, 0.674, 0.796, 0.825, 0.779, 0.651, 0.797, 0.848, 0.754, 0.83, 0.82, 0.748, 0.829, 0.755, 0.793, 0.814, 0.849, 0.833, 0.725, 0.774, 0.774, 0.797, 0.824, 0.828, 0.864, 0.823, 0.768, 0.813, 0.814, 0.814, 0.804, 0.827, 0.789, 0.771, 0.83, 0.813, 0.75, 0.789, 0.769, 0.816, 0.819, 0.763, 0.764, 0.758, 0.857, 0.809, 0.86, 0.742, 0.853, 0.812, 0.851, 0.837, 0.824, 0.831, 0.712, 0.742, 0.828, 0.783, 0.814, 0.862, 0.802, 0.709, 0.776, 0.817, 0.773, 0.783, 0.856, 0.852, 0.832]
Train Scores: [0.245, 0.313, 0.363, 0.419, 0.541, 0.56, 0.661, 0.703, 0.763, 0.779, 0.796, 0.78, 0.844, 0.862, 0.873, 0.889, 0.919, 0.855, 0.873, 0.88, 0.905, 0.921, 0.901, 0.907, 0.848, 0.888, 0.878, 0.919, 0.926, 0.876, 0.916, 0.91, 0.884, 0.93, 0.93, 0.926, 0.886, 0.924, 0.939, 0.916, 0.95, 0.944, 0.92, 0.951, 0.921, 0.94, 0.932, 0.958, 0.95, 0.918, 0.949, 0.932, 0.934, 0.961, 0.939, 0.949, 0.954, 0.949, 0.95, 0.959, 0.953, 0.951, 0.951, 0.951, 0.948, 0.954, 0.954, 0.944, 0.939, 0.94, 0.949, 0.96, 0.935, 0.93, 0.931, 0.967, 0.962, 0.959, 0.922, 0.968, 0.954, 0.965, 0.964, 0.956, 0.957, 0.914, 0.949, 0.96, 0.935, 0.942, 0.969, 0.935, 0.911, 0.947, 0.961, 0.945, 0.952, 0.97, 0.969, 0.969]
Train Scores w/o background: [0.07, 0.125, 0.178, 0.245, 0.399, 0.422, 0.553, 0.609, 0.687, 0.709, 0.731, 0.709, 0.794, 0.817, 0.832, 0.853, 0.893, 0.807, 0.832, 0.841, 0.875, 0.895, 0.869, 0.877, 0.798, 0.852, 0.837, 0.892, 0.902, 0.835, 0.889, 0.881, 0.846, 0.907, 0.907, 0.902, 0.849, 0.899, 0.919, 0.889, 0.933, 0.925, 0.894, 0.936, 0.895, 0.921, 0.909, 0.945, 0.934, 0.891, 0.932, 0.91, 0.913, 0.949, 0.92, 0.932, 0.939, 0.932, 0.934, 0.945, 0.938, 0.935, 0.934, 0.935, 0.93, 0.939, 0.939, 0.926, 0.919, 0.92, 0.932, 0.948, 0.913, 0.907, 0.908, 0.956, 0.95, 0.946, 0.897, 0.957, 0.939, 0.954, 0.952, 0.942, 0.942, 0.885, 0.932, 0.947, 0.914, 0.922, 0.959, 0.914, 0.882, 0.93, 0.949, 0.927, 0.937, 0.96, 0.959, 0.958]
Train Loss: [2.22, 2.054, 1.962, 1.889, 1.813, 1.733, 1.663, 1.599, 1.54, 1.484, 1.425, 1.37, 1.315, 1.26, 1.205, 1.154, 1.104, 1.058, 1.016, 0.977, 0.942, 0.91, 0.883, 0.859, 0.838, 0.822, 0.808, 0.797, 0.787, 0.78, 0.774, 0.769, 0.767, 0.763, 0.76, 0.758, 0.756, 0.755, 0.754, 0.753, 0.753, 0.752, 0.751, 0.751, 0.75, 0.751, 0.75, 0.75, 0.749, 0.749, 0.749, 0.749, 0.749, 0.749, 0.749, 0.748, 0.748, 0.748, 0.748, 0.748, 0.748, 0.748, 0.748, 0.748, 0.748, 0.747, 0.747, 0.748, 0.747, 0.747, 0.747, 0.747, 0.747, 0.747, 0.747, 0.747, 0.747, 0.747, 0.746, 0.746, 0.746, 0.746, 0.746, 0.746, 0.746, 0.746, 0.746, 0.746, 0.747, 0.746, 0.746, 0.746, 0.746, 0.746, 0.746, 0.746, 0.746, 0.746, 0.746, 0.746]
Max test score: 0.898 found at epoch: 56
Max test score shapes: 0.864 found at epoch: 56
