FullySupervisedPercentage: 0.1
logic loss multiplier: 0.01

Test Scores: [0.04, 0.083, 0.14, 0.172, 0.196, 0.208, 0.225, 0.233, 0.257, 0.269, 0.277, 0.276, 0.279, 0.29, 0.297, 0.299, 0.303, 0.301, 0.295, 0.307, 0.297, 0.308, 0.309, 0.312, 0.307, 0.326, 0.333, 0.331, 0.334, 0.345, 0.348, 0.356, 0.351, 0.363, 0.365, 0.368, 0.374, 0.382, 0.394, 0.377, 0.383, 0.394, 0.409, 0.419, 0.419, 0.413, 0.427, 0.425, 0.418, 0.422, 0.419, 0.417, 0.436, 0.418, 0.419, 0.416, 0.424, 0.441, 0.439, 0.453, 0.426, 0.453, 0.453, 0.444, 0.467, 0.448, 0.444, 0.455, 0.45, 0.454, 0.445, 0.462, 0.461, 0.455, 0.453, 0.446, 0.456, 0.466, 0.467, 0.466, 0.459, 0.47, 0.463, 0.472, 0.475, 0.487, 0.458, 0.478, 0.484, 0.475, 0.458, 0.474, 0.471, 0.477, 0.488, 0.488, 0.487, 0.486, 0.489, 0.49]
Test Scores w/o background: [0.035, 0.048, 0.068, 0.08, 0.082, 0.089, 0.088, 0.09, 0.095, 0.094, 0.099, 0.099, 0.1, 0.109, 0.115, 0.116, 0.12, 0.117, 0.111, 0.123, 0.111, 0.122, 0.119, 0.123, 0.116, 0.138, 0.145, 0.142, 0.143, 0.154, 0.157, 0.165, 0.159, 0.17, 0.172, 0.176, 0.183, 0.192, 0.204, 0.182, 0.191, 0.203, 0.223, 0.236, 0.235, 0.227, 0.246, 0.243, 0.233, 0.238, 0.234, 0.232, 0.255, 0.234, 0.234, 0.228, 0.24, 0.262, 0.257, 0.276, 0.24, 0.276, 0.276, 0.263, 0.293, 0.269, 0.264, 0.278, 0.271, 0.276, 0.265, 0.286, 0.284, 0.277, 0.273, 0.265, 0.278, 0.291, 0.292, 0.291, 0.281, 0.296, 0.287, 0.299, 0.302, 0.318, 0.281, 0.306, 0.315, 0.302, 0.28, 0.301, 0.297, 0.305, 0.319, 0.32, 0.318, 0.316, 0.321, 0.321]
Train Scores: [0.032, 0.072, 0.131, 0.167, 0.197, 0.209, 0.226, 0.231, 0.257, 0.273, 0.281, 0.281, 0.286, 0.297, 0.309, 0.312, 0.314, 0.315, 0.31, 0.32, 0.312, 0.319, 0.332, 0.331, 0.328, 0.345, 0.358, 0.355, 0.359, 0.37, 0.369, 0.383, 0.382, 0.398, 0.397, 0.399, 0.406, 0.414, 0.428, 0.42, 0.425, 0.435, 0.433, 0.445, 0.461, 0.454, 0.453, 0.45, 0.444, 0.459, 0.451, 0.45, 0.468, 0.451, 0.45, 0.451, 0.448, 0.464, 0.463, 0.476, 0.452, 0.479, 0.481, 0.472, 0.498, 0.482, 0.482, 0.496, 0.48, 0.493, 0.477, 0.498, 0.509, 0.502, 0.493, 0.493, 0.499, 0.516, 0.498, 0.506, 0.497, 0.51, 0.514, 0.522, 0.509, 0.522, 0.496, 0.519, 0.534, 0.529, 0.499, 0.522, 0.517, 0.515, 0.53, 0.52, 0.523, 0.521, 0.518, 0.524]
Train Scores w/o background: [0.024, 0.032, 0.053, 0.07, 0.081, 0.087, 0.087, 0.086, 0.094, 0.098, 0.104, 0.105, 0.108, 0.118, 0.13, 0.134, 0.135, 0.135, 0.13, 0.141, 0.131, 0.137, 0.148, 0.147, 0.142, 0.162, 0.176, 0.173, 0.175, 0.185, 0.183, 0.199, 0.2, 0.216, 0.215, 0.216, 0.225, 0.234, 0.25, 0.238, 0.245, 0.257, 0.254, 0.27, 0.29, 0.28, 0.28, 0.277, 0.269, 0.287, 0.277, 0.276, 0.296, 0.277, 0.275, 0.274, 0.271, 0.293, 0.289, 0.306, 0.274, 0.31, 0.312, 0.3, 0.334, 0.314, 0.314, 0.333, 0.311, 0.328, 0.307, 0.335, 0.348, 0.339, 0.327, 0.327, 0.334, 0.357, 0.334, 0.345, 0.332, 0.35, 0.355, 0.365, 0.348, 0.365, 0.332, 0.361, 0.38, 0.373, 0.334, 0.364, 0.358, 0.356, 0.376, 0.362, 0.366, 0.362, 0.359, 0.367]
Train Loss: [0.233, 0.23, 0.227, 0.224, 0.221, 0.219, 0.216, 0.214, 0.212, 0.209, 0.208, 0.206, 0.204, 0.202, 0.2, 0.198, 0.196, 0.194, 0.193, 0.191, 0.19, 0.189, 0.187, 0.186, 0.185, 0.184, 0.183, 0.183, 0.182, 0.181, 0.18, 0.179, 0.179, 0.178, 0.177, 0.177, 0.176, 0.175, 0.175, 0.174, 0.173, 0.173, 0.172, 0.172, 0.171, 0.17, 0.17, 0.169, 0.169, 0.168, 0.167, 0.167, 0.166, 0.166, 0.165, 0.164, 0.164, 0.163, 0.163, 0.162, 0.161, 0.161, 0.16, 0.16, 0.159, 0.158, 0.158, 0.157, 0.157, 0.156, 0.155, 0.155, 0.154, 0.154, 0.153, 0.152, 0.152, 0.151, 0.151, 0.15, 0.149, 0.149, 0.148, 0.148, 0.147, 0.146, 0.146, 0.145, 0.145, 0.144, 0.143, 0.143, 0.142, 0.142, 0.141, 0.14, 0.14, 0.139, 0.139, 0.138]
Max test score: 0.49 found at epoch: 100
Max test score shapes: 0.321 found at epoch: 100
