FullySupervisedPercentage: 0.9
logic loss multiplier: 0.01

Test Scores: [0.234, 0.293, 0.34, 0.341, 0.44, 0.478, 0.533, 0.535, 0.608, 0.672, 0.619, 0.614, 0.705, 0.698, 0.66, 0.673, 0.709, 0.709, 0.705, 0.761, 0.694, 0.794, 0.719, 0.776, 0.722, 0.669, 0.736, 0.81, 0.785, 0.729, 0.802, 0.789, 0.829, 0.814, 0.806, 0.777, 0.719, 0.801, 0.751, 0.773, 0.731, 0.835, 0.825, 0.814, 0.82, 0.825, 0.863, 0.773, 0.771, 0.85, 0.838, 0.749, 0.799, 0.777, 0.816, 0.806, 0.831, 0.821, 0.783, 0.846, 0.853, 0.771, 0.838, 0.823, 0.809, 0.808, 0.821, 0.87, 0.753, 0.859, 0.81, 0.835, 0.831, 0.852, 0.836, 0.81, 0.859, 0.794, 0.853, 0.751, 0.815, 0.812, 0.801, 0.847, 0.831, 0.826, 0.811, 0.857, 0.836, 0.803, 0.827, 0.78, 0.772, 0.825, 0.847, 0.877, 0.848, 0.826, 0.881, 0.824]
Test Scores w/o background: [0.068, 0.102, 0.151, 0.146, 0.269, 0.315, 0.385, 0.386, 0.482, 0.566, 0.496, 0.488, 0.609, 0.599, 0.548, 0.565, 0.613, 0.613, 0.608, 0.682, 0.593, 0.726, 0.626, 0.702, 0.629, 0.56, 0.649, 0.748, 0.714, 0.639, 0.737, 0.72, 0.773, 0.752, 0.742, 0.703, 0.626, 0.735, 0.669, 0.698, 0.641, 0.78, 0.767, 0.752, 0.761, 0.767, 0.818, 0.698, 0.695, 0.8, 0.784, 0.666, 0.733, 0.703, 0.756, 0.741, 0.775, 0.762, 0.711, 0.795, 0.805, 0.695, 0.784, 0.765, 0.746, 0.744, 0.762, 0.827, 0.671, 0.812, 0.748, 0.781, 0.776, 0.803, 0.782, 0.747, 0.812, 0.726, 0.804, 0.668, 0.753, 0.749, 0.736, 0.796, 0.775, 0.769, 0.749, 0.809, 0.781, 0.738, 0.77, 0.707, 0.697, 0.767, 0.797, 0.837, 0.798, 0.769, 0.842, 0.766]
Train Scores: [0.237, 0.31, 0.351, 0.374, 0.484, 0.536, 0.612, 0.63, 0.705, 0.751, 0.766, 0.738, 0.808, 0.817, 0.812, 0.806, 0.848, 0.819, 0.86, 0.874, 0.839, 0.888, 0.871, 0.879, 0.873, 0.839, 0.859, 0.914, 0.924, 0.897, 0.912, 0.898, 0.896, 0.921, 0.913, 0.906, 0.878, 0.897, 0.912, 0.887, 0.914, 0.886, 0.902, 0.905, 0.93, 0.931, 0.934, 0.919, 0.925, 0.914, 0.924, 0.913, 0.932, 0.925, 0.927, 0.922, 0.93, 0.935, 0.924, 0.942, 0.936, 0.876, 0.937, 0.941, 0.931, 0.898, 0.934, 0.93, 0.907, 0.941, 0.936, 0.942, 0.934, 0.942, 0.945, 0.935, 0.94, 0.916, 0.94, 0.919, 0.935, 0.936, 0.911, 0.941, 0.947, 0.937, 0.941, 0.946, 0.934, 0.949, 0.943, 0.93, 0.919, 0.931, 0.938, 0.945, 0.936, 0.939, 0.961, 0.93]
Train Scores w/o background: [0.071, 0.124, 0.166, 0.189, 0.327, 0.391, 0.491, 0.514, 0.611, 0.672, 0.692, 0.653, 0.746, 0.758, 0.75, 0.742, 0.798, 0.76, 0.814, 0.833, 0.787, 0.852, 0.829, 0.839, 0.831, 0.786, 0.812, 0.886, 0.9, 0.863, 0.884, 0.865, 0.862, 0.895, 0.884, 0.875, 0.838, 0.863, 0.883, 0.85, 0.886, 0.849, 0.87, 0.874, 0.907, 0.909, 0.912, 0.893, 0.901, 0.885, 0.899, 0.884, 0.91, 0.9, 0.903, 0.896, 0.908, 0.913, 0.899, 0.923, 0.916, 0.836, 0.916, 0.922, 0.909, 0.865, 0.912, 0.907, 0.877, 0.922, 0.915, 0.923, 0.913, 0.923, 0.927, 0.913, 0.92, 0.888, 0.92, 0.892, 0.913, 0.914, 0.881, 0.922, 0.93, 0.917, 0.922, 0.928, 0.912, 0.933, 0.924, 0.906, 0.892, 0.909, 0.918, 0.927, 0.915, 0.919, 0.948, 0.908]
Train Loss: [2.007, 1.864, 1.781, 1.722, 1.66, 1.592, 1.53, 1.48, 1.43, 1.383, 1.335, 1.289, 1.243, 1.197, 1.152, 1.109, 1.066, 1.025, 0.986, 0.949, 0.915, 0.883, 0.853, 0.827, 0.804, 0.783, 0.765, 0.75, 0.736, 0.726, 0.716, 0.708, 0.703, 0.697, 0.693, 0.69, 0.687, 0.685, 0.684, 0.681, 0.68, 0.68, 0.679, 0.679, 0.677, 0.676, 0.676, 0.676, 0.675, 0.675, 0.675, 0.675, 0.674, 0.674, 0.674, 0.673, 0.673, 0.673, 0.673, 0.673, 0.673, 0.673, 0.673, 0.673, 0.673, 0.673, 0.673, 0.673, 0.672, 0.672, 0.672, 0.672, 0.672, 0.672, 0.672, 0.672, 0.672, 0.672, 0.672, 0.672, 0.672, 0.671, 0.672, 0.671, 0.671, 0.671, 0.671, 0.671, 0.672, 0.671, 0.671, 0.671, 0.671, 0.671, 0.671, 0.671, 0.671, 0.671, 0.671, 0.671]
Max test score: 0.881 found at epoch: 99
Max test score shapes: 0.842 found at epoch: 99
