FullySupervisedPercentage: 0.3
logic loss multiplier: 0.01

Test Scores: [0.129, 0.198, 0.244, 0.258, 0.284, 0.294, 0.296, 0.306, 0.337, 0.357, 0.348, 0.353, 0.368, 0.4, 0.396, 0.434, 0.425, 0.44, 0.458, 0.464, 0.46, 0.491, 0.475, 0.486, 0.49, 0.523, 0.534, 0.528, 0.515, 0.531, 0.525, 0.55, 0.537, 0.535, 0.549, 0.578, 0.56, 0.563, 0.549, 0.588, 0.564, 0.582, 0.596, 0.579, 0.566, 0.597, 0.593, 0.572, 0.592, 0.6, 0.607, 0.587, 0.579, 0.595, 0.599, 0.584, 0.611, 0.612, 0.606, 0.628, 0.612, 0.62, 0.62, 0.609, 0.606, 0.619, 0.618, 0.61, 0.621, 0.619, 0.617, 0.615, 0.623, 0.616, 0.591, 0.601, 0.591, 0.634, 0.623, 0.615, 0.602, 0.621, 0.627, 0.611, 0.611, 0.623, 0.607, 0.6, 0.598, 0.589, 0.547, 0.641, 0.598, 0.604, 0.628, 0.622, 0.636, 0.635, 0.645, 0.61]
Test Scores w/o background: [0.054, 0.076, 0.078, 0.073, 0.094, 0.102, 0.1, 0.11, 0.146, 0.168, 0.157, 0.162, 0.179, 0.219, 0.21, 0.258, 0.243, 0.263, 0.286, 0.293, 0.287, 0.328, 0.305, 0.319, 0.325, 0.368, 0.382, 0.374, 0.357, 0.377, 0.369, 0.403, 0.385, 0.383, 0.401, 0.439, 0.416, 0.42, 0.4, 0.452, 0.42, 0.444, 0.463, 0.441, 0.423, 0.464, 0.458, 0.431, 0.458, 0.468, 0.477, 0.451, 0.439, 0.462, 0.466, 0.447, 0.482, 0.483, 0.475, 0.506, 0.483, 0.494, 0.494, 0.48, 0.476, 0.493, 0.491, 0.481, 0.495, 0.493, 0.49, 0.488, 0.499, 0.489, 0.456, 0.469, 0.456, 0.513, 0.498, 0.488, 0.471, 0.496, 0.504, 0.483, 0.483, 0.498, 0.477, 0.467, 0.464, 0.452, 0.397, 0.522, 0.465, 0.473, 0.505, 0.496, 0.515, 0.514, 0.527, 0.48]
Train Scores: [0.123, 0.197, 0.257, 0.274, 0.307, 0.323, 0.333, 0.338, 0.371, 0.382, 0.39, 0.403, 0.416, 0.442, 0.457, 0.489, 0.497, 0.511, 0.514, 0.539, 0.505, 0.553, 0.572, 0.573, 0.585, 0.59, 0.611, 0.612, 0.62, 0.615, 0.623, 0.652, 0.631, 0.634, 0.655, 0.646, 0.655, 0.641, 0.643, 0.677, 0.677, 0.669, 0.686, 0.681, 0.663, 0.699, 0.686, 0.688, 0.69, 0.697, 0.708, 0.692, 0.698, 0.692, 0.703, 0.706, 0.711, 0.713, 0.718, 0.73, 0.711, 0.708, 0.716, 0.727, 0.72, 0.727, 0.73, 0.735, 0.731, 0.734, 0.726, 0.727, 0.735, 0.719, 0.71, 0.714, 0.725, 0.735, 0.728, 0.73, 0.703, 0.745, 0.736, 0.719, 0.719, 0.729, 0.725, 0.735, 0.729, 0.713, 0.697, 0.745, 0.725, 0.717, 0.735, 0.732, 0.729, 0.731, 0.721, 0.735]
Train Scores w/o background: [0.042, 0.073, 0.095, 0.094, 0.125, 0.14, 0.148, 0.153, 0.191, 0.202, 0.212, 0.229, 0.242, 0.274, 0.291, 0.331, 0.339, 0.357, 0.36, 0.392, 0.346, 0.411, 0.435, 0.436, 0.452, 0.457, 0.485, 0.486, 0.496, 0.489, 0.501, 0.538, 0.511, 0.514, 0.543, 0.531, 0.542, 0.523, 0.526, 0.571, 0.571, 0.56, 0.583, 0.576, 0.552, 0.6, 0.583, 0.585, 0.588, 0.597, 0.611, 0.59, 0.598, 0.591, 0.604, 0.609, 0.616, 0.618, 0.625, 0.641, 0.616, 0.612, 0.622, 0.636, 0.627, 0.637, 0.641, 0.647, 0.642, 0.646, 0.636, 0.637, 0.648, 0.626, 0.613, 0.619, 0.634, 0.648, 0.638, 0.64, 0.604, 0.66, 0.649, 0.627, 0.626, 0.64, 0.634, 0.648, 0.639, 0.618, 0.597, 0.661, 0.634, 0.624, 0.648, 0.643, 0.639, 0.642, 0.629, 0.647]
Train Loss: [0.693, 0.67, 0.649, 0.632, 0.618, 0.605, 0.595, 0.585, 0.576, 0.565, 0.556, 0.548, 0.54, 0.533, 0.527, 0.521, 0.516, 0.511, 0.505, 0.5, 0.495, 0.49, 0.485, 0.48, 0.474, 0.469, 0.464, 0.459, 0.454, 0.448, 0.443, 0.438, 0.433, 0.427, 0.422, 0.417, 0.412, 0.406, 0.401, 0.396, 0.391, 0.386, 0.381, 0.376, 0.371, 0.366, 0.361, 0.356, 0.352, 0.347, 0.342, 0.338, 0.333, 0.329, 0.325, 0.321, 0.316, 0.312, 0.308, 0.304, 0.301, 0.297, 0.294, 0.29, 0.287, 0.284, 0.281, 0.278, 0.275, 0.272, 0.269, 0.267, 0.264, 0.262, 0.26, 0.258, 0.256, 0.254, 0.252, 0.25, 0.248, 0.247, 0.245, 0.244, 0.243, 0.242, 0.24, 0.239, 0.238, 0.238, 0.237, 0.236, 0.235, 0.234, 0.234, 0.233, 0.233, 0.232, 0.232, 0.231]
Max test score: 0.645 found at epoch: 99
Max test score shapes: 0.527 found at epoch: 99
