FullySupervisedPercentage: 0.7
logic loss multiplier: 0.01

Test Scores: [0.214, 0.266, 0.298, 0.321, 0.371, 0.424, 0.461, 0.459, 0.541, 0.567, 0.537, 0.523, 0.589, 0.623, 0.617, 0.676, 0.632, 0.56, 0.661, 0.708, 0.644, 0.756, 0.691, 0.707, 0.703, 0.724, 0.722, 0.678, 0.686, 0.692, 0.72, 0.768, 0.569, 0.737, 0.769, 0.76, 0.69, 0.656, 0.783, 0.757, 0.77, 0.74, 0.748, 0.805, 0.696, 0.736, 0.726, 0.731, 0.749, 0.745, 0.769, 0.759, 0.734, 0.744, 0.739, 0.766, 0.752, 0.759, 0.761, 0.724, 0.798, 0.736, 0.748, 0.773, 0.784, 0.737, 0.781, 0.707, 0.752, 0.753, 0.745, 0.73, 0.784, 0.713, 0.735, 0.762, 0.799, 0.742, 0.748, 0.774, 0.715, 0.792, 0.78, 0.789, 0.795, 0.739, 0.778, 0.768, 0.789, 0.761, 0.78, 0.778, 0.681, 0.8, 0.751, 0.8, 0.746, 0.824, 0.76, 0.781]
Test Scores w/o background: [0.073, 0.073, 0.102, 0.124, 0.18, 0.248, 0.295, 0.29, 0.396, 0.427, 0.387, 0.369, 0.457, 0.501, 0.492, 0.57, 0.512, 0.415, 0.549, 0.612, 0.526, 0.676, 0.589, 0.61, 0.605, 0.633, 0.631, 0.572, 0.582, 0.59, 0.628, 0.692, 0.427, 0.65, 0.693, 0.681, 0.587, 0.542, 0.712, 0.676, 0.694, 0.654, 0.665, 0.74, 0.595, 0.648, 0.635, 0.642, 0.666, 0.66, 0.693, 0.68, 0.646, 0.659, 0.652, 0.688, 0.67, 0.68, 0.682, 0.633, 0.731, 0.649, 0.665, 0.698, 0.713, 0.65, 0.708, 0.61, 0.67, 0.671, 0.661, 0.64, 0.712, 0.618, 0.648, 0.683, 0.733, 0.657, 0.664, 0.699, 0.621, 0.723, 0.707, 0.719, 0.727, 0.653, 0.705, 0.691, 0.72, 0.683, 0.707, 0.704, 0.575, 0.734, 0.669, 0.733, 0.662, 0.766, 0.681, 0.709]
Train Scores: [0.211, 0.275, 0.315, 0.329, 0.419, 0.456, 0.511, 0.553, 0.612, 0.664, 0.674, 0.641, 0.725, 0.713, 0.75, 0.786, 0.782, 0.718, 0.771, 0.823, 0.797, 0.846, 0.822, 0.822, 0.835, 0.808, 0.855, 0.831, 0.843, 0.808, 0.852, 0.875, 0.759, 0.875, 0.874, 0.885, 0.858, 0.798, 0.888, 0.879, 0.894, 0.88, 0.872, 0.888, 0.842, 0.886, 0.881, 0.884, 0.878, 0.877, 0.892, 0.892, 0.879, 0.893, 0.879, 0.887, 0.883, 0.896, 0.898, 0.875, 0.883, 0.874, 0.881, 0.906, 0.904, 0.89, 0.885, 0.865, 0.874, 0.871, 0.886, 0.879, 0.882, 0.877, 0.889, 0.894, 0.899, 0.877, 0.884, 0.903, 0.875, 0.891, 0.888, 0.9, 0.91, 0.876, 0.894, 0.886, 0.9, 0.891, 0.894, 0.902, 0.84, 0.905, 0.881, 0.902, 0.881, 0.911, 0.893, 0.906]
Train Scores w/o background: [0.068, 0.086, 0.125, 0.135, 0.243, 0.29, 0.362, 0.416, 0.49, 0.557, 0.57, 0.526, 0.637, 0.621, 0.669, 0.717, 0.711, 0.626, 0.696, 0.765, 0.731, 0.796, 0.763, 0.764, 0.781, 0.745, 0.807, 0.776, 0.791, 0.745, 0.804, 0.833, 0.68, 0.834, 0.833, 0.847, 0.811, 0.731, 0.851, 0.839, 0.859, 0.84, 0.829, 0.852, 0.789, 0.849, 0.842, 0.847, 0.838, 0.837, 0.857, 0.857, 0.839, 0.858, 0.839, 0.85, 0.845, 0.861, 0.865, 0.833, 0.845, 0.833, 0.842, 0.875, 0.872, 0.853, 0.847, 0.82, 0.833, 0.828, 0.849, 0.839, 0.844, 0.836, 0.852, 0.859, 0.865, 0.836, 0.846, 0.871, 0.834, 0.855, 0.851, 0.867, 0.88, 0.835, 0.859, 0.848, 0.867, 0.855, 0.859, 0.869, 0.787, 0.874, 0.841, 0.87, 0.841, 0.882, 0.857, 0.876]
Train Loss: [1.574, 1.476, 1.412, 1.37, 1.33, 1.288, 1.249, 1.209, 1.178, 1.149, 1.119, 1.09, 1.062, 1.034, 1.005, 0.978, 0.949, 0.921, 0.894, 0.867, 0.84, 0.815, 0.79, 0.767, 0.745, 0.723, 0.703, 0.684, 0.666, 0.649, 0.635, 0.621, 0.608, 0.597, 0.586, 0.578, 0.57, 0.564, 0.558, 0.553, 0.549, 0.545, 0.542, 0.539, 0.537, 0.535, 0.533, 0.532, 0.531, 0.529, 0.528, 0.527, 0.527, 0.526, 0.526, 0.525, 0.525, 0.524, 0.524, 0.524, 0.524, 0.524, 0.524, 0.523, 0.523, 0.523, 0.523, 0.523, 0.523, 0.523, 0.523, 0.523, 0.523, 0.522, 0.522, 0.522, 0.522, 0.522, 0.522, 0.522, 0.522, 0.522, 0.522, 0.522, 0.522, 0.522, 0.522, 0.522, 0.522, 0.522, 0.522, 0.522, 0.522, 0.522, 0.522, 0.521, 0.521, 0.521, 0.521, 0.521]
Max test score: 0.824 found at epoch: 98
Max test score shapes: 0.766 found at epoch: 98
