FullySupervisedPercentage: 0.8
logic loss multiplier: 0.01

Test Scores: [0.227, 0.28, 0.319, 0.339, 0.404, 0.452, 0.484, 0.508, 0.538, 0.616, 0.543, 0.582, 0.668, 0.61, 0.645, 0.646, 0.695, 0.699, 0.634, 0.734, 0.738, 0.779, 0.671, 0.756, 0.697, 0.751, 0.7, 0.706, 0.797, 0.742, 0.781, 0.781, 0.69, 0.775, 0.776, 0.795, 0.733, 0.745, 0.793, 0.805, 0.72, 0.754, 0.777, 0.772, 0.751, 0.801, 0.838, 0.818, 0.811, 0.781, 0.758, 0.779, 0.788, 0.782, 0.833, 0.741, 0.776, 0.771, 0.836, 0.758, 0.781, 0.824, 0.733, 0.814, 0.764, 0.777, 0.834, 0.772, 0.784, 0.798, 0.759, 0.757, 0.792, 0.771, 0.821, 0.768, 0.737, 0.827, 0.708, 0.795, 0.801, 0.778, 0.83, 0.801, 0.762, 0.788, 0.813, 0.783, 0.8, 0.858, 0.749, 0.805, 0.687, 0.828, 0.82, 0.775, 0.738, 0.821, 0.753, 0.817]
Test Scores w/o background: [0.074, 0.089, 0.129, 0.146, 0.221, 0.283, 0.322, 0.353, 0.39, 0.492, 0.395, 0.446, 0.56, 0.483, 0.529, 0.529, 0.595, 0.6, 0.513, 0.646, 0.651, 0.707, 0.563, 0.675, 0.597, 0.668, 0.601, 0.609, 0.731, 0.656, 0.709, 0.708, 0.588, 0.701, 0.702, 0.728, 0.644, 0.66, 0.725, 0.741, 0.627, 0.672, 0.703, 0.697, 0.669, 0.735, 0.785, 0.757, 0.749, 0.709, 0.678, 0.706, 0.718, 0.709, 0.777, 0.656, 0.702, 0.696, 0.781, 0.678, 0.708, 0.766, 0.644, 0.752, 0.686, 0.704, 0.779, 0.696, 0.713, 0.731, 0.68, 0.676, 0.723, 0.695, 0.763, 0.691, 0.649, 0.77, 0.611, 0.727, 0.735, 0.704, 0.774, 0.735, 0.683, 0.717, 0.751, 0.712, 0.734, 0.811, 0.666, 0.741, 0.583, 0.771, 0.76, 0.701, 0.651, 0.761, 0.671, 0.756]
Train Scores: [0.224, 0.291, 0.332, 0.355, 0.446, 0.487, 0.54, 0.596, 0.638, 0.702, 0.671, 0.724, 0.765, 0.785, 0.79, 0.784, 0.82, 0.831, 0.792, 0.843, 0.859, 0.862, 0.824, 0.879, 0.847, 0.883, 0.836, 0.854, 0.894, 0.864, 0.882, 0.877, 0.847, 0.882, 0.888, 0.886, 0.885, 0.877, 0.906, 0.903, 0.873, 0.886, 0.897, 0.894, 0.878, 0.896, 0.905, 0.908, 0.915, 0.896, 0.887, 0.899, 0.89, 0.901, 0.914, 0.885, 0.904, 0.912, 0.919, 0.89, 0.906, 0.916, 0.882, 0.912, 0.898, 0.906, 0.917, 0.902, 0.919, 0.915, 0.89, 0.897, 0.919, 0.91, 0.925, 0.908, 0.911, 0.922, 0.891, 0.922, 0.917, 0.917, 0.922, 0.911, 0.904, 0.902, 0.924, 0.91, 0.925, 0.931, 0.894, 0.92, 0.866, 0.933, 0.921, 0.9, 0.9, 0.926, 0.888, 0.921]
Train Scores w/o background: [0.07, 0.103, 0.145, 0.166, 0.277, 0.33, 0.397, 0.47, 0.523, 0.607, 0.565, 0.635, 0.689, 0.715, 0.722, 0.713, 0.762, 0.776, 0.723, 0.791, 0.812, 0.817, 0.766, 0.84, 0.796, 0.845, 0.782, 0.807, 0.86, 0.819, 0.843, 0.837, 0.797, 0.843, 0.851, 0.849, 0.847, 0.837, 0.876, 0.871, 0.831, 0.849, 0.863, 0.86, 0.838, 0.861, 0.874, 0.878, 0.887, 0.862, 0.849, 0.866, 0.854, 0.869, 0.886, 0.847, 0.873, 0.883, 0.893, 0.854, 0.876, 0.888, 0.844, 0.883, 0.864, 0.875, 0.89, 0.87, 0.892, 0.887, 0.853, 0.864, 0.893, 0.881, 0.901, 0.878, 0.882, 0.896, 0.855, 0.897, 0.89, 0.89, 0.896, 0.882, 0.873, 0.869, 0.899, 0.88, 0.901, 0.908, 0.859, 0.894, 0.821, 0.911, 0.895, 0.867, 0.868, 0.902, 0.851, 0.895]
Train Loss: [1.792, 1.671, 1.598, 1.549, 1.498, 1.443, 1.393, 1.351, 1.311, 1.271, 1.234, 1.198, 1.161, 1.125, 1.088, 1.052, 1.017, 0.982, 0.948, 0.915, 0.883, 0.853, 0.825, 0.798, 0.774, 0.752, 0.731, 0.713, 0.696, 0.681, 0.668, 0.657, 0.648, 0.64, 0.633, 0.628, 0.623, 0.619, 0.615, 0.613, 0.61, 0.608, 0.607, 0.605, 0.604, 0.603, 0.603, 0.602, 0.602, 0.601, 0.601, 0.6, 0.6, 0.599, 0.599, 0.6, 0.599, 0.599, 0.599, 0.599, 0.598, 0.598, 0.598, 0.598, 0.598, 0.598, 0.598, 0.598, 0.597, 0.598, 0.597, 0.597, 0.597, 0.597, 0.597, 0.597, 0.597, 0.597, 0.597, 0.597, 0.597, 0.597, 0.597, 0.597, 0.597, 0.597, 0.597, 0.597, 0.596, 0.596, 0.596, 0.596, 0.596, 0.596, 0.596, 0.596, 0.596, 0.596, 0.596, 0.596]
Max test score: 0.858 found at epoch: 90
Max test score shapes: 0.811 found at epoch: 90
