FullySupervisedPercentage: 0.5
logic loss multiplier: 0.01

Test Scores: [0.186, 0.253, 0.27, 0.293, 0.331, 0.347, 0.367, 0.389, 0.419, 0.487, 0.471, 0.49, 0.501, 0.53, 0.534, 0.537, 0.566, 0.608, 0.618, 0.64, 0.614, 0.651, 0.635, 0.655, 0.662, 0.681, 0.641, 0.62, 0.735, 0.704, 0.67, 0.718, 0.677, 0.724, 0.729, 0.707, 0.718, 0.676, 0.714, 0.747, 0.693, 0.666, 0.718, 0.773, 0.686, 0.713, 0.709, 0.736, 0.773, 0.683, 0.701, 0.734, 0.718, 0.716, 0.682, 0.733, 0.727, 0.731, 0.735, 0.766, 0.764, 0.746, 0.702, 0.709, 0.751, 0.728, 0.728, 0.759, 0.663, 0.737, 0.747, 0.745, 0.71, 0.77, 0.744, 0.722, 0.731, 0.75, 0.71, 0.783, 0.681, 0.758, 0.75, 0.726, 0.758, 0.72, 0.77, 0.752, 0.741, 0.742, 0.728, 0.733, 0.723, 0.735, 0.746, 0.764, 0.698, 0.759, 0.776, 0.729]
Test Scores w/o background: [0.075, 0.071, 0.079, 0.1, 0.138, 0.156, 0.177, 0.207, 0.243, 0.328, 0.303, 0.328, 0.341, 0.378, 0.383, 0.387, 0.425, 0.48, 0.494, 0.523, 0.488, 0.537, 0.515, 0.542, 0.551, 0.577, 0.522, 0.494, 0.647, 0.606, 0.562, 0.625, 0.571, 0.633, 0.639, 0.61, 0.624, 0.569, 0.619, 0.663, 0.591, 0.555, 0.625, 0.698, 0.582, 0.619, 0.613, 0.649, 0.698, 0.579, 0.602, 0.646, 0.625, 0.622, 0.577, 0.645, 0.637, 0.642, 0.647, 0.689, 0.686, 0.662, 0.603, 0.613, 0.668, 0.638, 0.638, 0.679, 0.552, 0.65, 0.663, 0.66, 0.614, 0.693, 0.66, 0.63, 0.642, 0.668, 0.614, 0.711, 0.575, 0.677, 0.668, 0.635, 0.677, 0.628, 0.694, 0.67, 0.656, 0.656, 0.638, 0.645, 0.631, 0.647, 0.661, 0.685, 0.597, 0.68, 0.702, 0.639]
Train Scores: [0.18, 0.257, 0.281, 0.312, 0.351, 0.359, 0.401, 0.435, 0.473, 0.53, 0.543, 0.563, 0.593, 0.629, 0.639, 0.67, 0.717, 0.693, 0.692, 0.714, 0.731, 0.756, 0.744, 0.737, 0.788, 0.782, 0.76, 0.743, 0.808, 0.792, 0.791, 0.806, 0.798, 0.807, 0.823, 0.798, 0.818, 0.793, 0.827, 0.835, 0.82, 0.789, 0.823, 0.838, 0.796, 0.821, 0.827, 0.84, 0.829, 0.808, 0.829, 0.845, 0.813, 0.833, 0.808, 0.844, 0.817, 0.822, 0.845, 0.848, 0.85, 0.847, 0.831, 0.848, 0.841, 0.857, 0.838, 0.849, 0.785, 0.836, 0.851, 0.853, 0.819, 0.851, 0.857, 0.846, 0.859, 0.854, 0.832, 0.869, 0.817, 0.868, 0.856, 0.847, 0.864, 0.824, 0.859, 0.853, 0.845, 0.852, 0.842, 0.835, 0.823, 0.853, 0.839, 0.833, 0.795, 0.842, 0.859, 0.837]
Train Scores w/o background: [0.063, 0.077, 0.093, 0.125, 0.164, 0.172, 0.222, 0.267, 0.315, 0.386, 0.399, 0.426, 0.463, 0.511, 0.523, 0.563, 0.626, 0.593, 0.593, 0.621, 0.643, 0.676, 0.66, 0.651, 0.719, 0.71, 0.681, 0.658, 0.746, 0.724, 0.722, 0.742, 0.732, 0.744, 0.765, 0.732, 0.758, 0.725, 0.769, 0.781, 0.761, 0.719, 0.765, 0.785, 0.729, 0.762, 0.77, 0.787, 0.773, 0.744, 0.772, 0.794, 0.752, 0.777, 0.745, 0.793, 0.757, 0.763, 0.794, 0.798, 0.8, 0.796, 0.775, 0.797, 0.789, 0.809, 0.785, 0.8, 0.713, 0.782, 0.802, 0.805, 0.759, 0.802, 0.81, 0.795, 0.813, 0.806, 0.776, 0.826, 0.757, 0.824, 0.809, 0.797, 0.819, 0.766, 0.813, 0.804, 0.794, 0.803, 0.79, 0.78, 0.765, 0.805, 0.785, 0.778, 0.727, 0.79, 0.812, 0.783]
Train Loss: [1.143, 1.086, 1.043, 1.012, 0.989, 0.966, 0.941, 0.918, 0.897, 0.878, 0.86, 0.845, 0.831, 0.816, 0.801, 0.787, 0.772, 0.758, 0.744, 0.729, 0.715, 0.7, 0.686, 0.671, 0.657, 0.643, 0.629, 0.615, 0.602, 0.588, 0.575, 0.563, 0.55, 0.538, 0.527, 0.516, 0.505, 0.495, 0.485, 0.476, 0.468, 0.459, 0.452, 0.445, 0.438, 0.432, 0.426, 0.421, 0.417, 0.413, 0.408, 0.405, 0.402, 0.399, 0.397, 0.395, 0.392, 0.391, 0.389, 0.387, 0.386, 0.385, 0.384, 0.383, 0.382, 0.381, 0.381, 0.38, 0.38, 0.379, 0.379, 0.378, 0.378, 0.378, 0.377, 0.377, 0.377, 0.377, 0.376, 0.376, 0.376, 0.376, 0.376, 0.376, 0.376, 0.376, 0.376, 0.376, 0.375, 0.375, 0.375, 0.375, 0.375, 0.375, 0.375, 0.375, 0.375, 0.375, 0.375, 0.375]
Max test score: 0.783 found at epoch: 80
Max test score shapes: 0.711 found at epoch: 80
