FullySupervisedPercentage: 0.6
logic loss multiplier: 0.01

Test Scores: [0.206, 0.262, 0.291, 0.311, 0.346, 0.384, 0.383, 0.391, 0.471, 0.497, 0.527, 0.502, 0.538, 0.566, 0.561, 0.574, 0.615, 0.592, 0.621, 0.632, 0.599, 0.644, 0.627, 0.691, 0.65, 0.672, 0.678, 0.68, 0.686, 0.674, 0.695, 0.705, 0.664, 0.692, 0.695, 0.707, 0.65, 0.738, 0.721, 0.75, 0.729, 0.687, 0.692, 0.745, 0.695, 0.706, 0.748, 0.68, 0.707, 0.657, 0.734, 0.704, 0.678, 0.65, 0.758, 0.699, 0.737, 0.68, 0.706, 0.734, 0.724, 0.691, 0.727, 0.742, 0.735, 0.751, 0.671, 0.7, 0.739, 0.721, 0.728, 0.634, 0.744, 0.66, 0.713, 0.739, 0.733, 0.727, 0.688, 0.711, 0.708, 0.741, 0.743, 0.644, 0.774, 0.659, 0.757, 0.757, 0.747, 0.755, 0.71, 0.706, 0.705, 0.721, 0.756, 0.737, 0.711, 0.76, 0.727, 0.714]
Test Scores w/o background: [0.085, 0.075, 0.1, 0.118, 0.154, 0.2, 0.196, 0.209, 0.306, 0.338, 0.376, 0.342, 0.388, 0.425, 0.417, 0.435, 0.489, 0.458, 0.497, 0.511, 0.467, 0.527, 0.504, 0.59, 0.534, 0.563, 0.572, 0.574, 0.583, 0.567, 0.594, 0.608, 0.553, 0.59, 0.594, 0.61, 0.534, 0.651, 0.629, 0.667, 0.64, 0.584, 0.59, 0.661, 0.594, 0.608, 0.664, 0.573, 0.611, 0.543, 0.645, 0.606, 0.571, 0.533, 0.678, 0.599, 0.65, 0.574, 0.608, 0.646, 0.632, 0.589, 0.636, 0.657, 0.648, 0.669, 0.562, 0.601, 0.652, 0.629, 0.638, 0.513, 0.66, 0.547, 0.618, 0.652, 0.645, 0.636, 0.584, 0.616, 0.611, 0.656, 0.658, 0.526, 0.699, 0.546, 0.676, 0.677, 0.663, 0.674, 0.613, 0.609, 0.607, 0.628, 0.675, 0.651, 0.615, 0.68, 0.636, 0.62]
Train Scores: [0.199, 0.268, 0.302, 0.329, 0.363, 0.429, 0.437, 0.485, 0.548, 0.59, 0.652, 0.599, 0.665, 0.697, 0.688, 0.685, 0.743, 0.72, 0.733, 0.756, 0.758, 0.795, 0.783, 0.808, 0.804, 0.815, 0.805, 0.803, 0.829, 0.818, 0.829, 0.815, 0.811, 0.835, 0.818, 0.835, 0.786, 0.844, 0.859, 0.861, 0.836, 0.82, 0.815, 0.856, 0.808, 0.819, 0.856, 0.823, 0.845, 0.81, 0.859, 0.85, 0.831, 0.806, 0.86, 0.836, 0.858, 0.837, 0.849, 0.851, 0.844, 0.835, 0.866, 0.869, 0.857, 0.855, 0.828, 0.849, 0.87, 0.836, 0.856, 0.787, 0.872, 0.825, 0.865, 0.873, 0.875, 0.871, 0.843, 0.858, 0.846, 0.871, 0.867, 0.785, 0.872, 0.811, 0.865, 0.852, 0.869, 0.879, 0.853, 0.847, 0.847, 0.863, 0.877, 0.865, 0.852, 0.868, 0.865, 0.851]
Train Scores w/o background: [0.074, 0.082, 0.114, 0.143, 0.177, 0.259, 0.267, 0.332, 0.409, 0.461, 0.541, 0.471, 0.558, 0.599, 0.588, 0.582, 0.659, 0.629, 0.647, 0.677, 0.679, 0.728, 0.711, 0.746, 0.74, 0.754, 0.741, 0.738, 0.773, 0.759, 0.773, 0.753, 0.749, 0.781, 0.758, 0.78, 0.715, 0.793, 0.813, 0.815, 0.782, 0.761, 0.754, 0.808, 0.745, 0.759, 0.808, 0.765, 0.794, 0.747, 0.812, 0.8, 0.775, 0.742, 0.814, 0.782, 0.811, 0.783, 0.8, 0.801, 0.792, 0.78, 0.822, 0.826, 0.81, 0.807, 0.771, 0.799, 0.827, 0.782, 0.808, 0.717, 0.83, 0.768, 0.82, 0.832, 0.834, 0.829, 0.791, 0.811, 0.796, 0.829, 0.823, 0.714, 0.83, 0.749, 0.82, 0.803, 0.825, 0.838, 0.804, 0.797, 0.796, 0.818, 0.837, 0.82, 0.803, 0.824, 0.82, 0.801]
Train Loss: [1.355, 1.278, 1.225, 1.188, 1.159, 1.126, 1.094, 1.062, 1.035, 1.012, 0.99, 0.969, 0.948, 0.928, 0.907, 0.887, 0.867, 0.846, 0.826, 0.805, 0.785, 0.764, 0.744, 0.725, 0.706, 0.687, 0.669, 0.652, 0.635, 0.619, 0.604, 0.59, 0.576, 0.563, 0.552, 0.541, 0.531, 0.522, 0.513, 0.505, 0.498, 0.492, 0.487, 0.482, 0.478, 0.474, 0.471, 0.468, 0.465, 0.463, 0.461, 0.459, 0.458, 0.456, 0.455, 0.455, 0.454, 0.453, 0.452, 0.451, 0.451, 0.451, 0.45, 0.45, 0.45, 0.45, 0.449, 0.449, 0.449, 0.449, 0.449, 0.448, 0.448, 0.448, 0.448, 0.448, 0.448, 0.447, 0.447, 0.447, 0.448, 0.447, 0.447, 0.447, 0.447, 0.447, 0.447, 0.447, 0.447, 0.447, 0.447, 0.447, 0.447, 0.447, 0.447, 0.447, 0.447, 0.447, 0.447, 0.447]
Max test score: 0.774 found at epoch: 85
Max test score shapes: 0.699 found at epoch: 85
