FullySupervisedPercentage: 0.2
logic loss multiplier: 0.01

Test Scores: [0.073, 0.162, 0.202, 0.235, 0.266, 0.268, 0.271, 0.27, 0.289, 0.307, 0.317, 0.308, 0.323, 0.321, 0.34, 0.341, 0.355, 0.355, 0.358, 0.406, 0.381, 0.418, 0.431, 0.404, 0.404, 0.425, 0.457, 0.46, 0.436, 0.457, 0.451, 0.487, 0.455, 0.454, 0.44, 0.49, 0.484, 0.464, 0.483, 0.5, 0.487, 0.509, 0.506, 0.497, 0.483, 0.5, 0.485, 0.523, 0.524, 0.497, 0.487, 0.491, 0.518, 0.51, 0.54, 0.511, 0.534, 0.54, 0.517, 0.531, 0.519, 0.528, 0.524, 0.525, 0.532, 0.526, 0.537, 0.511, 0.532, 0.568, 0.548, 0.535, 0.536, 0.551, 0.514, 0.537, 0.534, 0.557, 0.54, 0.533, 0.543, 0.537, 0.549, 0.549, 0.528, 0.538, 0.539, 0.556, 0.544, 0.548, 0.523, 0.545, 0.526, 0.535, 0.538, 0.544, 0.539, 0.56, 0.552, 0.537]
Test Scores w/o background: [0.038, 0.062, 0.082, 0.083, 0.088, 0.083, 0.081, 0.079, 0.097, 0.119, 0.127, 0.115, 0.132, 0.126, 0.147, 0.147, 0.162, 0.16, 0.164, 0.226, 0.191, 0.238, 0.251, 0.214, 0.214, 0.241, 0.282, 0.287, 0.255, 0.282, 0.274, 0.321, 0.28, 0.277, 0.258, 0.325, 0.316, 0.29, 0.314, 0.336, 0.32, 0.349, 0.344, 0.332, 0.313, 0.336, 0.315, 0.366, 0.368, 0.332, 0.319, 0.323, 0.358, 0.349, 0.389, 0.35, 0.38, 0.388, 0.357, 0.376, 0.36, 0.372, 0.366, 0.368, 0.377, 0.369, 0.384, 0.349, 0.377, 0.425, 0.399, 0.382, 0.383, 0.403, 0.353, 0.383, 0.38, 0.41, 0.388, 0.379, 0.392, 0.384, 0.4, 0.399, 0.372, 0.385, 0.387, 0.409, 0.393, 0.398, 0.365, 0.395, 0.369, 0.381, 0.384, 0.392, 0.386, 0.415, 0.404, 0.383]
Train Scores: [0.067, 0.16, 0.203, 0.238, 0.274, 0.279, 0.291, 0.293, 0.303, 0.323, 0.326, 0.325, 0.342, 0.344, 0.368, 0.376, 0.388, 0.386, 0.392, 0.418, 0.416, 0.444, 0.48, 0.462, 0.446, 0.482, 0.506, 0.499, 0.471, 0.503, 0.489, 0.541, 0.503, 0.481, 0.497, 0.531, 0.509, 0.494, 0.511, 0.54, 0.537, 0.546, 0.539, 0.538, 0.546, 0.572, 0.558, 0.593, 0.592, 0.568, 0.543, 0.553, 0.591, 0.577, 0.614, 0.584, 0.604, 0.603, 0.585, 0.601, 0.598, 0.6, 0.585, 0.594, 0.61, 0.6, 0.605, 0.607, 0.6, 0.621, 0.621, 0.618, 0.628, 0.63, 0.579, 0.619, 0.617, 0.634, 0.603, 0.603, 0.607, 0.622, 0.638, 0.629, 0.599, 0.626, 0.616, 0.636, 0.638, 0.631, 0.611, 0.635, 0.62, 0.62, 0.631, 0.638, 0.601, 0.646, 0.631, 0.626]
Train Scores w/o background: [0.028, 0.055, 0.081, 0.086, 0.099, 0.097, 0.106, 0.108, 0.116, 0.139, 0.139, 0.139, 0.157, 0.157, 0.184, 0.194, 0.205, 0.201, 0.209, 0.241, 0.235, 0.272, 0.317, 0.291, 0.27, 0.316, 0.347, 0.338, 0.301, 0.343, 0.324, 0.393, 0.343, 0.313, 0.334, 0.379, 0.349, 0.329, 0.351, 0.39, 0.386, 0.397, 0.389, 0.387, 0.397, 0.432, 0.413, 0.459, 0.458, 0.426, 0.393, 0.406, 0.456, 0.438, 0.486, 0.447, 0.473, 0.472, 0.448, 0.47, 0.466, 0.469, 0.449, 0.46, 0.482, 0.468, 0.474, 0.478, 0.468, 0.496, 0.495, 0.491, 0.505, 0.508, 0.44, 0.494, 0.491, 0.513, 0.471, 0.472, 0.477, 0.498, 0.519, 0.506, 0.466, 0.503, 0.489, 0.515, 0.519, 0.509, 0.482, 0.515, 0.495, 0.494, 0.508, 0.518, 0.468, 0.529, 0.509, 0.502]
Train Loss: [0.464, 0.453, 0.442, 0.433, 0.425, 0.417, 0.41, 0.404, 0.398, 0.392, 0.386, 0.381, 0.376, 0.371, 0.367, 0.364, 0.36, 0.357, 0.354, 0.351, 0.349, 0.346, 0.344, 0.342, 0.339, 0.337, 0.335, 0.332, 0.33, 0.328, 0.325, 0.323, 0.321, 0.318, 0.316, 0.314, 0.311, 0.309, 0.307, 0.304, 0.302, 0.3, 0.297, 0.295, 0.293, 0.29, 0.288, 0.285, 0.283, 0.281, 0.278, 0.276, 0.274, 0.271, 0.269, 0.267, 0.264, 0.262, 0.26, 0.257, 0.255, 0.253, 0.251, 0.249, 0.246, 0.244, 0.242, 0.24, 0.238, 0.236, 0.233, 0.231, 0.229, 0.227, 0.225, 0.223, 0.221, 0.219, 0.217, 0.215, 0.213, 0.211, 0.21, 0.208, 0.206, 0.204, 0.203, 0.201, 0.199, 0.198, 0.196, 0.194, 0.193, 0.191, 0.19, 0.189, 0.187, 0.186, 0.185, 0.183]
Max test score: 0.568 found at epoch: 70
Max test score shapes: 0.425 found at epoch: 70
