seed 42
FullySupervisedPercentage: 0
heterogeneous configuration: 1
logic loss multiplier: 0.01
Active: ImageLevelloss True True False 2 
Active:  BBox loss [True, False, 1] [True, 0.2] [False, 1] linear True False 
Active: Scribblesloss True 1 
Active: Arealoss True False 1 10 False 
Active: Pointloss True 10 
Active: Adjacencyloss True True 30 0.0001 False False 
Active: Relationsloss True 2 True 0.1 True 
Active: OneHotloss True 20 
Active: MinSizeBackgroundloss True 1 
Active: MaxSizeBackgroundloss True 20 
Active: MinSizeShapesloss True 30 
Active: MaxSizeShapesloss True 1 

Test Scores: [0.276, 0.317, 0.339, 0.383, 0.429, 0.49, 0.478, 0.492, 0.536, 0.558, 0.508, 0.528, 0.573, 0.586, 0.585, 0.597, 0.673, 0.615, 0.634, 0.648, 0.661, 0.623, 0.69, 0.691, 0.669, 0.711, 0.664, 0.642, 0.683, 0.708, 0.729, 0.723, 0.756, 0.729, 0.683, 0.701, 0.731, 0.714, 0.747, 0.717, 0.699, 0.698, 0.715, 0.71, 0.733, 0.752, 0.746, 0.63, 0.785, 0.746, 0.781, 0.777, 0.785, 0.764, 0.722, 0.774, 0.742, 0.756, 0.667, 0.797, 0.753, 0.811, 0.752, 0.75, 0.755, 0.784, 0.797, 0.789, 0.761, 0.743, 0.786, 0.753, 0.777, 0.768, 0.787, 0.77, 0.819, 0.794, 0.804, 0.823, 0.828, 0.784, 0.768, 0.756, 0.791, 0.773, 0.767, 0.809, 0.794, 0.802, 0.758, 0.78, 0.772, 0.781, 0.765, 0.791, 0.771, 0.772, 0.759, 0.798, 0.799, 0.795, 0.793, 0.793, 0.786, 0.773, 0.786, 0.808, 0.782, 0.797, 0.783, 0.818, 0.79, 0.798, 0.795, 0.787, 0.823, 0.773, 0.83, 0.819]
Test Scores w/o background: [0.101, 0.13, 0.145, 0.198, 0.25, 0.329, 0.313, 0.33, 0.388, 0.419, 0.352, 0.379, 0.437, 0.456, 0.452, 0.468, 0.57, 0.491, 0.517, 0.535, 0.552, 0.501, 0.59, 0.591, 0.562, 0.618, 0.556, 0.527, 0.58, 0.614, 0.641, 0.634, 0.677, 0.641, 0.58, 0.604, 0.643, 0.622, 0.665, 0.625, 0.6, 0.599, 0.623, 0.616, 0.646, 0.672, 0.663, 0.508, 0.715, 0.663, 0.71, 0.705, 0.715, 0.687, 0.632, 0.701, 0.658, 0.676, 0.559, 0.73, 0.672, 0.75, 0.671, 0.669, 0.675, 0.714, 0.731, 0.72, 0.683, 0.659, 0.717, 0.672, 0.704, 0.693, 0.717, 0.695, 0.76, 0.727, 0.74, 0.765, 0.772, 0.713, 0.693, 0.677, 0.724, 0.699, 0.69, 0.746, 0.727, 0.737, 0.678, 0.709, 0.697, 0.709, 0.688, 0.723, 0.696, 0.697, 0.68, 0.733, 0.734, 0.728, 0.726, 0.725, 0.716, 0.699, 0.715, 0.745, 0.711, 0.731, 0.712, 0.759, 0.721, 0.732, 0.729, 0.717, 0.765, 0.699, 0.775, 0.76]
Train Scores: [0.275, 0.305, 0.356, 0.394, 0.48, 0.55, 0.539, 0.59, 0.613, 0.646, 0.578, 0.626, 0.658, 0.651, 0.695, 0.702, 0.745, 0.725, 0.729, 0.758, 0.741, 0.733, 0.786, 0.77, 0.78, 0.799, 0.778, 0.791, 0.796, 0.796, 0.78, 0.81, 0.822, 0.819, 0.789, 0.816, 0.822, 0.803, 0.84, 0.828, 0.821, 0.817, 0.798, 0.83, 0.806, 0.815, 0.845, 0.797, 0.844, 0.845, 0.856, 0.849, 0.844, 0.837, 0.819, 0.861, 0.848, 0.859, 0.826, 0.869, 0.837, 0.862, 0.844, 0.837, 0.836, 0.861, 0.877, 0.878, 0.864, 0.837, 0.858, 0.863, 0.869, 0.854, 0.874, 0.838, 0.863, 0.874, 0.886, 0.876, 0.892, 0.858, 0.852, 0.856, 0.869, 0.856, 0.865, 0.886, 0.886, 0.889, 0.86, 0.831, 0.876, 0.863, 0.875, 0.862, 0.881, 0.887, 0.856, 0.87, 0.874, 0.858, 0.892, 0.891, 0.861, 0.894, 0.873, 0.876, 0.866, 0.861, 0.892, 0.89, 0.878, 0.876, 0.888, 0.896, 0.896, 0.878, 0.9, 0.896]
Train Scores w/o background: [0.097, 0.113, 0.167, 0.212, 0.32, 0.41, 0.394, 0.46, 0.49, 0.537, 0.445, 0.509, 0.551, 0.544, 0.6, 0.608, 0.666, 0.639, 0.643, 0.682, 0.659, 0.649, 0.718, 0.697, 0.71, 0.735, 0.708, 0.725, 0.731, 0.732, 0.71, 0.749, 0.766, 0.762, 0.721, 0.757, 0.765, 0.74, 0.789, 0.772, 0.764, 0.759, 0.733, 0.775, 0.745, 0.756, 0.795, 0.732, 0.794, 0.795, 0.81, 0.801, 0.794, 0.785, 0.761, 0.817, 0.799, 0.813, 0.77, 0.828, 0.784, 0.818, 0.795, 0.784, 0.782, 0.816, 0.838, 0.84, 0.82, 0.784, 0.812, 0.82, 0.827, 0.808, 0.833, 0.786, 0.82, 0.833, 0.849, 0.837, 0.858, 0.813, 0.804, 0.81, 0.827, 0.81, 0.821, 0.849, 0.849, 0.854, 0.815, 0.777, 0.836, 0.819, 0.835, 0.818, 0.843, 0.851, 0.81, 0.828, 0.834, 0.812, 0.857, 0.855, 0.816, 0.861, 0.833, 0.836, 0.823, 0.816, 0.858, 0.854, 0.838, 0.836, 0.853, 0.862, 0.863, 0.839, 0.868, 0.863]
Train Loss: [1.739, 1.403, 1.176, 0.966, 0.768, 0.603, 0.467, 0.365, 0.275, 0.219, 0.189, 0.163, 0.141, 0.12, 0.098, 0.086, 0.071, 0.06, 0.05, 0.044, 0.038, 0.032, 0.026, 0.025, 0.021, 0.017, 0.015, 0.017, 0.012, 0.011, 0.01, 0.01, 0.009, 0.008, 0.007, 0.007, 0.011, 0.007, 0.006, 0.004, 0.005, 0.006, 0.005, 0.005, 0.005, 0.004, 0.004, 0.004, 0.005, 0.004, 0.003, 0.002, 0.002, 0.003, 0.004, 0.004, 0.003, 0.003, 0.003, 0.002, 0.002, 0.002, 0.002, 0.002, 0.002, 0.002, 0.002, 0.002, 0.002, 0.002, 0.001, 0.002, 0.002, 0.005, 0.002, 0.002, 0.002, 0.001, 0.001, 0.001, 0.001, 0.001, 0.002, 0.001, 0.001, 0.002, 0.001, 0.001, 0.001, 0.001, 0.001, 0.001, 0.001, 0.003, 0.001, 0.001, 0.001, 0.001, 0.001, 0.001, 0.001, 0.002, 0.003, 0.004, 0.001, 0.002, 0.004, 0.001, 0.001, 0.001, 0.003, 0.001, 0.001, 0.0, 0.001, 0.001, 0.001, 0.0, 0.002, 0.001]
Max test score: 0.83 found at epoch: 119
Max test score shapes: 0.775 found at epoch: 119
Avg generalisation ratio: 0.847
Avg generalisation diff: 0.114