seed 42
FullySupervisedPercentage: 0
heterogeneous configuration: 0
logic loss multiplier: 0.01
Active: ImageLevelloss True True False 2 
Active:  BBox loss [True, False, 1] [True, 0.2] [False, 1] linear True False 
Active: Scribblesloss True 1 
Active: Arealoss True False 1 10 False 
Active: Pointloss True 10 
Active: Adjacencyloss True True 30 0.0001 False False 
Active: Relationsloss True 2 True 0.1 True 
Active: OneHotloss True 20 
Active: MinSizeBackgroundloss True 1 
Active: MaxSizeBackgroundloss True 20 
Active: MinSizeShapesloss True 30 
Active: MaxSizeShapesloss True 1 

Test Scores: [0.26, 0.272, 0.329, 0.343, 0.362, 0.438, 0.46, 0.461, 0.469, 0.5, 0.478, 0.515, 0.525, 0.522, 0.544, 0.584, 0.592, 0.51, 0.58, 0.574, 0.592, 0.587, 0.603, 0.659, 0.594, 0.589, 0.619, 0.61, 0.631, 0.635, 0.678, 0.595, 0.608, 0.67, 0.665, 0.62, 0.647, 0.645, 0.664, 0.678, 0.742, 0.74, 0.69, 0.682, 0.673, 0.745, 0.718, 0.627, 0.704, 0.704, 0.705, 0.755, 0.646, 0.682, 0.702, 0.685, 0.658, 0.716, 0.698, 0.685, 0.684, 0.702, 0.685, 0.693, 0.717, 0.682, 0.645, 0.743, 0.65, 0.711, 0.717, 0.665, 0.666, 0.704, 0.675, 0.736, 0.752, 0.7, 0.702, 0.765, 0.703, 0.703, 0.716, 0.745, 0.614, 0.747, 0.707, 0.715, 0.706, 0.699, 0.667, 0.697, 0.737, 0.757, 0.733, 0.773, 0.722, 0.723, 0.714, 0.726, 0.719, 0.731, 0.741, 0.733, 0.721, 0.695, 0.77, 0.722, 0.73, 0.688, 0.735, 0.712, 0.74, 0.772, 0.752, 0.729, 0.74, 0.706, 0.708, 0.746]
Test Scores w/o background: [0.078, 0.071, 0.126, 0.134, 0.159, 0.256, 0.286, 0.287, 0.298, 0.339, 0.311, 0.358, 0.373, 0.37, 0.4, 0.452, 0.462, 0.354, 0.447, 0.436, 0.463, 0.453, 0.474, 0.55, 0.464, 0.456, 0.495, 0.482, 0.511, 0.517, 0.573, 0.464, 0.48, 0.563, 0.555, 0.495, 0.532, 0.529, 0.554, 0.573, 0.659, 0.656, 0.589, 0.578, 0.566, 0.661, 0.625, 0.504, 0.607, 0.607, 0.608, 0.675, 0.53, 0.578, 0.604, 0.582, 0.545, 0.623, 0.599, 0.582, 0.58, 0.604, 0.581, 0.592, 0.624, 0.578, 0.528, 0.66, 0.535, 0.616, 0.625, 0.555, 0.556, 0.607, 0.568, 0.649, 0.67, 0.602, 0.604, 0.689, 0.605, 0.605, 0.623, 0.661, 0.487, 0.664, 0.612, 0.621, 0.609, 0.6, 0.558, 0.597, 0.65, 0.677, 0.646, 0.698, 0.631, 0.632, 0.62, 0.636, 0.627, 0.642, 0.656, 0.645, 0.63, 0.595, 0.695, 0.631, 0.641, 0.586, 0.648, 0.618, 0.655, 0.697, 0.67, 0.64, 0.654, 0.61, 0.612, 0.662]
Train Scores: [0.257, 0.282, 0.329, 0.347, 0.365, 0.451, 0.476, 0.5, 0.488, 0.551, 0.501, 0.575, 0.579, 0.598, 0.609, 0.622, 0.644, 0.593, 0.656, 0.632, 0.629, 0.664, 0.679, 0.694, 0.697, 0.691, 0.71, 0.709, 0.717, 0.702, 0.76, 0.712, 0.733, 0.751, 0.779, 0.747, 0.745, 0.757, 0.785, 0.776, 0.798, 0.81, 0.776, 0.781, 0.799, 0.814, 0.821, 0.782, 0.765, 0.832, 0.818, 0.803, 0.799, 0.811, 0.81, 0.792, 0.774, 0.801, 0.801, 0.819, 0.8, 0.833, 0.83, 0.82, 0.806, 0.832, 0.775, 0.805, 0.807, 0.817, 0.826, 0.811, 0.808, 0.838, 0.828, 0.846, 0.863, 0.826, 0.811, 0.848, 0.834, 0.811, 0.848, 0.838, 0.74, 0.835, 0.781, 0.853, 0.848, 0.818, 0.797, 0.843, 0.829, 0.882, 0.842, 0.846, 0.83, 0.822, 0.833, 0.838, 0.843, 0.82, 0.837, 0.853, 0.842, 0.861, 0.864, 0.835, 0.851, 0.827, 0.843, 0.834, 0.846, 0.866, 0.862, 0.868, 0.836, 0.834, 0.868, 0.867]
Train Scores w/o background: [0.072, 0.083, 0.126, 0.141, 0.163, 0.274, 0.307, 0.339, 0.324, 0.407, 0.343, 0.438, 0.445, 0.472, 0.486, 0.502, 0.531, 0.465, 0.546, 0.515, 0.512, 0.556, 0.576, 0.597, 0.601, 0.592, 0.616, 0.614, 0.626, 0.606, 0.683, 0.618, 0.646, 0.671, 0.708, 0.664, 0.662, 0.678, 0.715, 0.703, 0.732, 0.749, 0.703, 0.71, 0.733, 0.754, 0.763, 0.711, 0.689, 0.778, 0.76, 0.739, 0.734, 0.749, 0.749, 0.724, 0.701, 0.737, 0.736, 0.76, 0.736, 0.779, 0.775, 0.761, 0.742, 0.778, 0.702, 0.741, 0.744, 0.757, 0.77, 0.749, 0.745, 0.786, 0.771, 0.796, 0.819, 0.769, 0.749, 0.799, 0.78, 0.75, 0.799, 0.786, 0.655, 0.782, 0.71, 0.805, 0.798, 0.759, 0.731, 0.792, 0.773, 0.845, 0.791, 0.796, 0.775, 0.765, 0.779, 0.786, 0.792, 0.761, 0.785, 0.805, 0.791, 0.815, 0.82, 0.782, 0.803, 0.771, 0.792, 0.779, 0.796, 0.822, 0.817, 0.826, 0.783, 0.78, 0.826, 0.823]
Train Loss: [1.644, 1.277, 1.062, 0.903, 0.795, 0.682, 0.554, 0.456, 0.372, 0.327, 0.266, 0.237, 0.199, 0.162, 0.134, 0.113, 0.097, 0.084, 0.068, 0.056, 0.047, 0.047, 0.038, 0.033, 0.03, 0.026, 0.026, 0.019, 0.018, 0.02, 0.016, 0.012, 0.015, 0.011, 0.01, 0.008, 0.011, 0.008, 0.007, 0.006, 0.009, 0.006, 0.007, 0.006, 0.006, 0.005, 0.005, 0.006, 0.008, 0.007, 0.005, 0.004, 0.005, 0.005, 0.004, 0.006, 0.003, 0.005, 0.004, 0.005, 0.003, 0.002, 0.003, 0.002, 0.003, 0.004, 0.003, 0.002, 0.003, 0.002, 0.002, 0.002, 0.003, 0.003, 0.002, 0.002, 0.002, 0.002, 0.002, 0.005, 0.003, 0.002, 0.003, 0.002, 0.002, 0.002, 0.002, 0.002, 0.002, 0.002, 0.002, 0.002, 0.002, 0.002, 0.002, 0.001, 0.001, 0.002, 0.001, 0.001, 0.002, 0.004, 0.002, 0.003, 0.002, 0.002, 0.001, 0.001, 0.001, 0.001, 0.001, 0.002, 0.001, 0.001, 0.001, 0.001, 0.001, 0.003, 0.004, 0.001]
Max test score: 0.773 found at epoch: 96
Max test score shapes: 0.698 found at epoch: 96
Avg generalisation ratio: 0.817
Avg generalisation diff: 0.13