seed 42
FullySupervisedPercentage: 0
heterogeneous configuration: 2
logic loss multiplier: 0.01
Active: ImageLevelloss True True False 2 
Active:  BBox loss [True, False, 1] [True, 0.2] [False, 1] linear True False 
Active: Scribblesloss True 1 
Active: Arealoss True False 1 10 False 
Active: Pointloss True 10 
Active: Adjacencyloss True True 30 0.0001 False False 
Active: Relationsloss True 2 True 0.1 True 
Active: OneHotloss True 20 
Active: MinSizeBackgroundloss True 1 
Active: MaxSizeBackgroundloss True 20 
Active: MinSizeShapesloss True 30 
Active: MaxSizeShapesloss True 1 

Test Scores: [0.201, 0.242, 0.302, 0.35, 0.299, 0.397, 0.408, 0.439, 0.483, 0.443, 0.46, 0.486, 0.484, 0.562, 0.546, 0.56, 0.647, 0.614, 0.629, 0.633, 0.652, 0.602, 0.618, 0.656, 0.633, 0.638, 0.607, 0.658, 0.694, 0.674, 0.705, 0.708, 0.668, 0.734, 0.717, 0.721, 0.688, 0.697, 0.705, 0.71, 0.767, 0.743, 0.768, 0.743, 0.666, 0.743, 0.789, 0.76, 0.715, 0.777, 0.785, 0.744, 0.774, 0.802, 0.747, 0.815, 0.779, 0.799, 0.798, 0.796, 0.789, 0.829, 0.809, 0.731, 0.774, 0.835, 0.833, 0.796, 0.76, 0.795, 0.788, 0.764, 0.809, 0.787, 0.801, 0.791, 0.797, 0.808, 0.795, 0.815, 0.825, 0.806, 0.798, 0.807, 0.77, 0.817, 0.77, 0.777, 0.77, 0.775, 0.795, 0.811, 0.812, 0.845, 0.808, 0.825, 0.827, 0.809, 0.821, 0.745, 0.804, 0.866, 0.819, 0.807, 0.821, 0.825, 0.815, 0.817, 0.813, 0.802, 0.812, 0.839, 0.795, 0.824, 0.818, 0.794, 0.827, 0.804, 0.841, 0.812]
Test Scores w/o background: [0.058, 0.071, 0.111, 0.16, 0.098, 0.22, 0.231, 0.267, 0.322, 0.272, 0.294, 0.327, 0.323, 0.424, 0.4, 0.42, 0.534, 0.49, 0.51, 0.516, 0.542, 0.476, 0.497, 0.547, 0.516, 0.521, 0.481, 0.548, 0.595, 0.568, 0.61, 0.613, 0.561, 0.647, 0.625, 0.63, 0.587, 0.598, 0.609, 0.616, 0.692, 0.66, 0.693, 0.659, 0.556, 0.659, 0.72, 0.682, 0.623, 0.705, 0.716, 0.661, 0.7, 0.738, 0.665, 0.754, 0.707, 0.733, 0.732, 0.73, 0.72, 0.774, 0.746, 0.643, 0.701, 0.782, 0.779, 0.731, 0.683, 0.729, 0.719, 0.687, 0.747, 0.718, 0.737, 0.723, 0.731, 0.746, 0.728, 0.755, 0.769, 0.743, 0.733, 0.745, 0.696, 0.757, 0.695, 0.705, 0.695, 0.702, 0.729, 0.751, 0.751, 0.794, 0.747, 0.769, 0.771, 0.746, 0.763, 0.662, 0.74, 0.822, 0.761, 0.744, 0.763, 0.768, 0.756, 0.758, 0.753, 0.737, 0.751, 0.787, 0.729, 0.767, 0.759, 0.727, 0.771, 0.741, 0.791, 0.752]
Train Scores: [0.197, 0.243, 0.303, 0.349, 0.326, 0.422, 0.436, 0.477, 0.54, 0.486, 0.521, 0.539, 0.566, 0.623, 0.667, 0.668, 0.709, 0.704, 0.737, 0.723, 0.724, 0.705, 0.736, 0.721, 0.736, 0.734, 0.719, 0.755, 0.777, 0.769, 0.784, 0.808, 0.775, 0.828, 0.807, 0.804, 0.795, 0.825, 0.8, 0.829, 0.84, 0.834, 0.837, 0.838, 0.812, 0.799, 0.854, 0.837, 0.822, 0.851, 0.849, 0.852, 0.853, 0.861, 0.85, 0.874, 0.875, 0.861, 0.867, 0.87, 0.861, 0.881, 0.886, 0.848, 0.825, 0.892, 0.901, 0.859, 0.87, 0.869, 0.844, 0.855, 0.892, 0.85, 0.874, 0.842, 0.836, 0.891, 0.869, 0.895, 0.906, 0.871, 0.851, 0.869, 0.855, 0.873, 0.867, 0.879, 0.84, 0.866, 0.88, 0.895, 0.867, 0.896, 0.884, 0.892, 0.904, 0.854, 0.895, 0.875, 0.883, 0.905, 0.9, 0.893, 0.872, 0.89, 0.892, 0.903, 0.909, 0.893, 0.873, 0.904, 0.863, 0.905, 0.911, 0.878, 0.901, 0.887, 0.9, 0.899]
Train Scores w/o background: [0.053, 0.071, 0.113, 0.158, 0.134, 0.254, 0.269, 0.318, 0.398, 0.33, 0.374, 0.398, 0.431, 0.505, 0.561, 0.562, 0.617, 0.61, 0.653, 0.636, 0.637, 0.611, 0.652, 0.632, 0.652, 0.648, 0.63, 0.677, 0.706, 0.695, 0.715, 0.747, 0.703, 0.773, 0.745, 0.741, 0.729, 0.769, 0.736, 0.774, 0.789, 0.781, 0.785, 0.786, 0.751, 0.734, 0.806, 0.785, 0.764, 0.802, 0.801, 0.804, 0.806, 0.816, 0.802, 0.834, 0.835, 0.816, 0.824, 0.828, 0.816, 0.842, 0.85, 0.799, 0.769, 0.857, 0.869, 0.814, 0.828, 0.827, 0.794, 0.808, 0.857, 0.802, 0.834, 0.791, 0.783, 0.856, 0.826, 0.861, 0.876, 0.829, 0.803, 0.827, 0.808, 0.831, 0.824, 0.84, 0.789, 0.822, 0.842, 0.861, 0.824, 0.863, 0.847, 0.857, 0.872, 0.806, 0.862, 0.834, 0.844, 0.875, 0.868, 0.859, 0.831, 0.855, 0.857, 0.872, 0.88, 0.858, 0.832, 0.873, 0.818, 0.874, 0.882, 0.838, 0.87, 0.85, 0.868, 0.866]
Train Loss: [1.737, 1.42, 1.208, 1.036, 0.867, 0.727, 0.613, 0.504, 0.385, 0.308, 0.266, 0.226, 0.188, 0.166, 0.135, 0.113, 0.094, 0.078, 0.067, 0.055, 0.048, 0.041, 0.036, 0.03, 0.027, 0.03, 0.026, 0.019, 0.015, 0.014, 0.017, 0.013, 0.01, 0.009, 0.011, 0.009, 0.008, 0.009, 0.008, 0.009, 0.006, 0.007, 0.005, 0.006, 0.005, 0.009, 0.006, 0.005, 0.004, 0.005, 0.004, 0.008, 0.006, 0.003, 0.003, 0.003, 0.003, 0.003, 0.002, 0.002, 0.004, 0.002, 0.003, 0.003, 0.002, 0.002, 0.002, 0.003, 0.002, 0.002, 0.004, 0.003, 0.002, 0.002, 0.005, 0.002, 0.002, 0.002, 0.002, 0.001, 0.001, 0.002, 0.002, 0.001, 0.002, 0.003, 0.002, 0.002, 0.003, 0.002, 0.002, 0.001, 0.001, 0.001, 0.001, 0.003, 0.002, 0.001, 0.001, 0.002, 0.001, 0.005, 0.001, 0.001, 0.001, 0.001, 0.001, 0.002, 0.001, 0.001, 0.001, 0.001, 0.001, 0.001, 0.001, 0.001, 0.001, 0.001, 0.001, 0.001]
Max test score: 0.866 found at epoch: 102
Max test score shapes: 0.822 found at epoch: 102
Avg generalisation ratio: 0.862
Avg generalisation diff: 0.1