seed 42
FullySupervisedPercentage: 0
logic loss multiplier: 0.01

Test Scores: [0.167, 0.24, 0.274, 0.291, 0.298, 0.307, 0.315, 0.333, 0.338, 0.328, 0.348, 0.374, 0.382, 0.361, 0.382, 0.378, 0.417, 0.43, 0.432, 0.441, 0.471, 0.473, 0.464, 0.485, 0.487, 0.492, 0.517, 0.507, 0.529, 0.555, 0.527, 0.557, 0.547, 0.538, 0.521, 0.561, 0.495, 0.576, 0.572, 0.543, 0.564, 0.581, 0.595, 0.558, 0.57, 0.584, 0.598, 0.551, 0.588, 0.593, 0.575, 0.603, 0.612, 0.609, 0.612, 0.583, 0.589, 0.61, 0.609, 0.618, 0.563, 0.622, 0.625, 0.612, 0.631, 0.619, 0.599, 0.604, 0.612, 0.632, 0.623, 0.621, 0.597, 0.606, 0.62, 0.605, 0.624, 0.62, 0.606, 0.602, 0.604, 0.564, 0.625, 0.588, 0.604, 0.599, 0.608, 0.614, 0.619, 0.606, 0.61, 0.62, 0.589, 0.615, 0.626, 0.61, 0.621, 0.62, 0.589, 0.611, 0.619, 0.616, 0.572, 0.611, 0.611, 0.622, 0.605, 0.612, 0.602, 0.6, 0.616, 0.615, 0.588, 0.609, 0.607, 0.6, 0.606, 0.621, 0.62, 0.609, 0.617, 0.608, 0.612, 0.593, 0.617, 0.608, 0.625, 0.609, 0.602, 0.589, 0.58, 0.609, 0.619, 0.627, 0.628, 0.614, 0.612, 0.605, 0.612, 0.624, 0.62, 0.606, 0.605, 0.625, 0.613, 0.591, 0.632, 0.613, 0.601, 0.63, 0.612, 0.609, 0.611, 0.62, 0.617, 0.605, 0.621, 0.61, 0.614, 0.628, 0.598, 0.629, 0.62, 0.621, 0.613, 0.607, 0.606, 0.614, 0.622, 0.613, 0.625, 0.616, 0.613, 0.62, 0.614, 0.616, 0.618, 0.617, 0.613, 0.617]
Test Scores w/o background: [0.057, 0.07, 0.086, 0.096, 0.102, 0.106, 0.116, 0.135, 0.138, 0.128, 0.153, 0.187, 0.195, 0.17, 0.191, 0.186, 0.235, 0.252, 0.255, 0.264, 0.3, 0.303, 0.289, 0.318, 0.32, 0.325, 0.359, 0.345, 0.375, 0.409, 0.372, 0.412, 0.399, 0.386, 0.363, 0.417, 0.328, 0.436, 0.43, 0.392, 0.42, 0.443, 0.462, 0.411, 0.428, 0.446, 0.465, 0.402, 0.452, 0.459, 0.435, 0.472, 0.483, 0.48, 0.484, 0.444, 0.452, 0.481, 0.479, 0.492, 0.418, 0.497, 0.501, 0.484, 0.509, 0.493, 0.467, 0.472, 0.483, 0.51, 0.498, 0.495, 0.464, 0.476, 0.494, 0.475, 0.499, 0.494, 0.476, 0.47, 0.473, 0.42, 0.501, 0.452, 0.473, 0.466, 0.478, 0.486, 0.493, 0.475, 0.481, 0.494, 0.453, 0.487, 0.503, 0.48, 0.495, 0.494, 0.453, 0.482, 0.493, 0.489, 0.43, 0.482, 0.482, 0.496, 0.474, 0.483, 0.471, 0.467, 0.488, 0.487, 0.452, 0.479, 0.477, 0.467, 0.476, 0.495, 0.494, 0.479, 0.49, 0.479, 0.483, 0.458, 0.49, 0.478, 0.501, 0.48, 0.47, 0.453, 0.441, 0.479, 0.493, 0.503, 0.505, 0.486, 0.483, 0.473, 0.484, 0.499, 0.494, 0.475, 0.474, 0.501, 0.485, 0.455, 0.51, 0.485, 0.469, 0.507, 0.483, 0.479, 0.482, 0.494, 0.49, 0.474, 0.495, 0.481, 0.486, 0.505, 0.465, 0.505, 0.495, 0.495, 0.484, 0.477, 0.476, 0.486, 0.496, 0.485, 0.5, 0.488, 0.484, 0.494, 0.487, 0.488, 0.491, 0.491, 0.484, 0.49]
Train Scores: [0.169, 0.252, 0.289, 0.3, 0.31, 0.331, 0.334, 0.355, 0.377, 0.371, 0.388, 0.402, 0.428, 0.421, 0.448, 0.441, 0.476, 0.483, 0.497, 0.526, 0.546, 0.55, 0.572, 0.59, 0.581, 0.614, 0.621, 0.601, 0.62, 0.627, 0.622, 0.649, 0.64, 0.643, 0.639, 0.667, 0.605, 0.672, 0.679, 0.646, 0.645, 0.659, 0.682, 0.669, 0.681, 0.684, 0.69, 0.655, 0.693, 0.7, 0.674, 0.698, 0.707, 0.699, 0.706, 0.698, 0.695, 0.708, 0.711, 0.705, 0.677, 0.705, 0.722, 0.706, 0.716, 0.721, 0.7, 0.718, 0.724, 0.732, 0.725, 0.722, 0.718, 0.723, 0.726, 0.724, 0.726, 0.736, 0.712, 0.719, 0.708, 0.676, 0.726, 0.713, 0.708, 0.719, 0.716, 0.735, 0.735, 0.706, 0.725, 0.724, 0.721, 0.735, 0.732, 0.724, 0.72, 0.717, 0.713, 0.723, 0.737, 0.735, 0.7, 0.724, 0.72, 0.729, 0.724, 0.726, 0.722, 0.729, 0.741, 0.728, 0.715, 0.725, 0.715, 0.722, 0.722, 0.736, 0.736, 0.723, 0.729, 0.72, 0.729, 0.721, 0.719, 0.726, 0.733, 0.717, 0.731, 0.715, 0.711, 0.732, 0.738, 0.744, 0.731, 0.744, 0.74, 0.722, 0.726, 0.725, 0.737, 0.72, 0.721, 0.735, 0.744, 0.73, 0.741, 0.726, 0.707, 0.727, 0.732, 0.724, 0.732, 0.74, 0.729, 0.725, 0.744, 0.721, 0.728, 0.739, 0.72, 0.725, 0.723, 0.733, 0.725, 0.725, 0.723, 0.732, 0.74, 0.732, 0.733, 0.73, 0.729, 0.736, 0.733, 0.725, 0.739, 0.733, 0.738, 0.74]
Train Scores w/o background: [0.051, 0.082, 0.103, 0.108, 0.118, 0.138, 0.14, 0.164, 0.19, 0.184, 0.206, 0.224, 0.257, 0.249, 0.279, 0.27, 0.315, 0.324, 0.342, 0.379, 0.399, 0.406, 0.433, 0.458, 0.445, 0.488, 0.498, 0.472, 0.496, 0.506, 0.499, 0.534, 0.522, 0.526, 0.521, 0.558, 0.474, 0.564, 0.573, 0.53, 0.528, 0.547, 0.577, 0.559, 0.576, 0.579, 0.587, 0.541, 0.591, 0.6, 0.566, 0.598, 0.611, 0.6, 0.608, 0.598, 0.595, 0.611, 0.616, 0.608, 0.571, 0.607, 0.63, 0.609, 0.623, 0.629, 0.6, 0.625, 0.632, 0.643, 0.635, 0.63, 0.624, 0.631, 0.636, 0.633, 0.636, 0.648, 0.617, 0.626, 0.612, 0.569, 0.635, 0.618, 0.611, 0.627, 0.622, 0.647, 0.647, 0.609, 0.634, 0.633, 0.628, 0.648, 0.644, 0.633, 0.627, 0.624, 0.617, 0.631, 0.65, 0.647, 0.601, 0.633, 0.627, 0.639, 0.632, 0.635, 0.63, 0.639, 0.656, 0.638, 0.62, 0.634, 0.621, 0.63, 0.63, 0.649, 0.649, 0.631, 0.639, 0.627, 0.639, 0.629, 0.626, 0.635, 0.644, 0.623, 0.642, 0.621, 0.616, 0.643, 0.652, 0.66, 0.642, 0.66, 0.654, 0.63, 0.635, 0.633, 0.65, 0.628, 0.629, 0.648, 0.66, 0.641, 0.655, 0.635, 0.61, 0.636, 0.643, 0.632, 0.644, 0.654, 0.639, 0.633, 0.659, 0.629, 0.637, 0.652, 0.628, 0.634, 0.632, 0.645, 0.634, 0.634, 0.631, 0.643, 0.654, 0.644, 0.644, 0.641, 0.639, 0.649, 0.645, 0.634, 0.653, 0.645, 0.651, 0.654]
Train Loss: [0.651, 0.627, 0.607, 0.592, 0.58, 0.57, 0.562, 0.554, 0.546, 0.537, 0.529, 0.52, 0.511, 0.503, 0.495, 0.489, 0.482, 0.476, 0.471, 0.465, 0.46, 0.454, 0.449, 0.444, 0.438, 0.433, 0.428, 0.423, 0.417, 0.412, 0.407, 0.402, 0.396, 0.391, 0.386, 0.381, 0.376, 0.371, 0.366, 0.361, 0.356, 0.352, 0.347, 0.342, 0.338, 0.333, 0.328, 0.324, 0.32, 0.315, 0.311, 0.307, 0.303, 0.299, 0.295, 0.291, 0.287, 0.284, 0.28, 0.277, 0.274, 0.271, 0.268, 0.265, 0.262, 0.259, 0.257, 0.254, 0.252, 0.25, 0.248, 0.246, 0.244, 0.242, 0.241, 0.239, 0.238, 0.236, 0.235, 0.234, 0.233, 0.232, 0.231, 0.23, 0.229, 0.228, 0.227, 0.226, 0.226, 0.225, 0.224, 0.224, 0.223, 0.223, 0.222, 0.222, 0.221, 0.221, 0.221, 0.22, 0.22, 0.22, 0.219, 0.219, 0.219, 0.219, 0.218, 0.218, 0.218, 0.218, 0.218, 0.218, 0.217, 0.217, 0.217, 0.217, 0.217, 0.217, 0.217, 0.217, 0.217, 0.217, 0.216, 0.216, 0.216, 0.216, 0.216, 0.216, 0.216, 0.216, 0.216, 0.216, 0.216, 0.216, 0.216, 0.216, 0.216, 0.216, 0.216, 0.216, 0.216, 0.216, 0.216, 0.216, 0.216, 0.216, 0.216, 0.215, 0.216, 0.215, 0.215, 0.215, 0.215, 0.215, 0.215, 0.215, 0.215, 0.215, 0.215, 0.215, 0.215, 0.215, 0.215, 0.215, 0.215, 0.215, 0.215, 0.215, 0.215, 0.215, 0.215, 0.215, 0.215, 0.215, 0.215, 0.215, 0.215, 0.215, 0.215, 0.215]
Max test score: 0.632 found at epoch: 147
Max test score shapes: 0.51 found at epoch: 147
Avg generalisation ratio: 0.763
Avg generalisation diff: 0.136