seed 42
FullySupervisedPercentage: 0
logic loss multiplier: 0.01
Active: OneHotloss True 20 
Active: MinSizeBackgroundloss True 1 
Active: MaxSizeBackgroundloss True 20 
Active: MinSizeShapesloss True 30 False 
Active: MaxSizeShapesloss True 1 

Test Scores: [0.255, 0.293, 0.318, 0.336, 0.367, 0.358, 0.353, 0.382, 0.394, 0.438, 0.45, 0.467, 0.508, 0.458, 0.49, 0.497, 0.532, 0.542, 0.563, 0.578, 0.591, 0.556, 0.556, 0.567, 0.56, 0.586, 0.552, 0.617, 0.583, 0.536, 0.611, 0.584, 0.582, 0.584, 0.589, 0.596, 0.531, 0.637, 0.629, 0.599, 0.579, 0.65, 0.598, 0.545, 0.652, 0.579, 0.578, 0.591, 0.656, 0.621, 0.627, 0.588, 0.665, 0.626, 0.605, 0.574, 0.568, 0.577, 0.551, 0.605, 0.623, 0.652, 0.64, 0.554, 0.653, 0.654, 0.649, 0.598, 0.606, 0.673, 0.685, 0.61, 0.596, 0.63, 0.656, 0.642, 0.644, 0.611, 0.644, 0.624, 0.631, 0.656, 0.629, 0.648, 0.621, 0.657, 0.596, 0.64, 0.607, 0.596, 0.635, 0.626, 0.618, 0.67, 0.595, 0.602, 0.646, 0.599, 0.597, 0.602, 0.666, 0.666, 0.546, 0.664, 0.612, 0.625, 0.641, 0.658, 0.574, 0.601, 0.632, 0.674, 0.643, 0.6, 0.632, 0.619, 0.648, 0.575, 0.663, 0.678, 0.626, 0.608, 0.655, 0.607, 0.675, 0.605, 0.637, 0.669, 0.626, 0.546, 0.672, 0.665, 0.667, 0.628, 0.678, 0.658, 0.662, 0.675, 0.663, 0.675, 0.669, 0.645, 0.619, 0.648, 0.677, 0.685, 0.662, 0.662, 0.648, 0.655, 0.696, 0.646, 0.644, 0.692, 0.627, 0.628, 0.681, 0.68, 0.699, 0.654, 0.681, 0.673, 0.664, 0.684, 0.656, 0.673, 0.697, 0.675, 0.665, 0.653, 0.669, 0.662, 0.676, 0.666, 0.654, 0.683, 0.682, 0.639, 0.623, 0.683]
Test Scores w/o background: [0.063, 0.087, 0.104, 0.123, 0.159, 0.151, 0.144, 0.179, 0.194, 0.253, 0.27, 0.292, 0.347, 0.28, 0.321, 0.33, 0.377, 0.391, 0.418, 0.438, 0.455, 0.41, 0.409, 0.423, 0.414, 0.449, 0.404, 0.49, 0.445, 0.382, 0.482, 0.446, 0.444, 0.446, 0.453, 0.462, 0.375, 0.517, 0.506, 0.466, 0.44, 0.535, 0.464, 0.394, 0.536, 0.439, 0.438, 0.456, 0.542, 0.495, 0.504, 0.451, 0.554, 0.502, 0.473, 0.433, 0.425, 0.436, 0.402, 0.474, 0.499, 0.537, 0.52, 0.406, 0.539, 0.54, 0.533, 0.465, 0.475, 0.564, 0.581, 0.481, 0.462, 0.508, 0.542, 0.523, 0.526, 0.482, 0.526, 0.5, 0.509, 0.542, 0.505, 0.531, 0.496, 0.543, 0.462, 0.521, 0.477, 0.462, 0.514, 0.502, 0.492, 0.56, 0.461, 0.47, 0.528, 0.465, 0.464, 0.47, 0.555, 0.555, 0.395, 0.553, 0.483, 0.501, 0.522, 0.544, 0.433, 0.469, 0.51, 0.566, 0.525, 0.467, 0.51, 0.493, 0.531, 0.434, 0.551, 0.571, 0.501, 0.478, 0.541, 0.477, 0.567, 0.474, 0.516, 0.559, 0.501, 0.395, 0.564, 0.554, 0.557, 0.504, 0.572, 0.545, 0.549, 0.567, 0.552, 0.567, 0.56, 0.527, 0.493, 0.531, 0.571, 0.58, 0.55, 0.551, 0.532, 0.54, 0.595, 0.529, 0.526, 0.59, 0.503, 0.504, 0.576, 0.573, 0.599, 0.54, 0.575, 0.565, 0.552, 0.58, 0.542, 0.564, 0.597, 0.567, 0.554, 0.538, 0.56, 0.55, 0.569, 0.556, 0.54, 0.577, 0.576, 0.519, 0.498, 0.578]
Train Scores: [0.272, 0.309, 0.337, 0.361, 0.381, 0.387, 0.371, 0.422, 0.458, 0.477, 0.546, 0.529, 0.586, 0.565, 0.578, 0.615, 0.63, 0.666, 0.674, 0.673, 0.681, 0.668, 0.672, 0.691, 0.68, 0.672, 0.671, 0.72, 0.69, 0.643, 0.707, 0.657, 0.698, 0.661, 0.717, 0.71, 0.617, 0.715, 0.728, 0.702, 0.672, 0.744, 0.713, 0.641, 0.727, 0.688, 0.685, 0.689, 0.745, 0.736, 0.728, 0.697, 0.745, 0.723, 0.695, 0.679, 0.646, 0.675, 0.694, 0.722, 0.709, 0.733, 0.727, 0.62, 0.752, 0.74, 0.73, 0.701, 0.716, 0.75, 0.76, 0.719, 0.674, 0.735, 0.733, 0.73, 0.727, 0.739, 0.742, 0.732, 0.718, 0.752, 0.73, 0.743, 0.712, 0.729, 0.691, 0.728, 0.721, 0.733, 0.752, 0.739, 0.713, 0.749, 0.7, 0.696, 0.745, 0.709, 0.69, 0.689, 0.754, 0.763, 0.642, 0.741, 0.72, 0.722, 0.725, 0.738, 0.653, 0.689, 0.705, 0.753, 0.73, 0.712, 0.744, 0.738, 0.736, 0.689, 0.767, 0.765, 0.728, 0.733, 0.751, 0.73, 0.753, 0.682, 0.78, 0.779, 0.763, 0.674, 0.757, 0.742, 0.745, 0.734, 0.773, 0.767, 0.751, 0.766, 0.755, 0.77, 0.766, 0.757, 0.732, 0.746, 0.774, 0.775, 0.762, 0.781, 0.753, 0.753, 0.743, 0.757, 0.763, 0.785, 0.766, 0.756, 0.796, 0.775, 0.79, 0.754, 0.758, 0.773, 0.784, 0.773, 0.726, 0.759, 0.773, 0.781, 0.749, 0.739, 0.765, 0.769, 0.778, 0.762, 0.774, 0.779, 0.774, 0.725, 0.713, 0.776]
Train Scores w/o background: [0.084, 0.109, 0.129, 0.157, 0.179, 0.19, 0.168, 0.233, 0.28, 0.307, 0.398, 0.374, 0.449, 0.423, 0.439, 0.488, 0.508, 0.555, 0.566, 0.565, 0.576, 0.558, 0.564, 0.588, 0.574, 0.564, 0.561, 0.627, 0.588, 0.525, 0.611, 0.544, 0.598, 0.549, 0.623, 0.614, 0.49, 0.62, 0.637, 0.603, 0.563, 0.659, 0.618, 0.522, 0.637, 0.584, 0.581, 0.586, 0.66, 0.648, 0.638, 0.597, 0.661, 0.631, 0.593, 0.573, 0.529, 0.567, 0.592, 0.63, 0.612, 0.644, 0.637, 0.494, 0.67, 0.654, 0.64, 0.602, 0.621, 0.667, 0.681, 0.626, 0.566, 0.648, 0.644, 0.641, 0.637, 0.653, 0.657, 0.643, 0.625, 0.67, 0.641, 0.658, 0.617, 0.639, 0.588, 0.638, 0.629, 0.644, 0.67, 0.652, 0.618, 0.666, 0.6, 0.595, 0.661, 0.612, 0.587, 0.585, 0.672, 0.684, 0.523, 0.655, 0.627, 0.63, 0.634, 0.651, 0.537, 0.586, 0.607, 0.671, 0.641, 0.617, 0.659, 0.651, 0.648, 0.586, 0.69, 0.687, 0.638, 0.644, 0.668, 0.64, 0.671, 0.577, 0.707, 0.705, 0.685, 0.566, 0.677, 0.657, 0.661, 0.646, 0.698, 0.69, 0.669, 0.688, 0.673, 0.694, 0.689, 0.677, 0.643, 0.662, 0.699, 0.7, 0.684, 0.708, 0.672, 0.672, 0.658, 0.676, 0.684, 0.713, 0.688, 0.676, 0.729, 0.701, 0.721, 0.672, 0.677, 0.698, 0.713, 0.698, 0.636, 0.679, 0.698, 0.709, 0.665, 0.653, 0.687, 0.692, 0.704, 0.684, 0.699, 0.706, 0.699, 0.634, 0.618, 0.702]
Train Loss: [1.017, 0.804, 0.699, 0.622, 0.559, 0.516, 0.491, 0.471, 0.449, 0.427, 0.403, 0.381, 0.361, 0.346, 0.329, 0.318, 0.305, 0.292, 0.286, 0.276, 0.27, 0.263, 0.26, 0.255, 0.25, 0.247, 0.243, 0.242, 0.24, 0.235, 0.234, 0.231, 0.231, 0.229, 0.227, 0.226, 0.225, 0.224, 0.223, 0.223, 0.222, 0.222, 0.221, 0.221, 0.221, 0.22, 0.22, 0.22, 0.22, 0.219, 0.219, 0.219, 0.22, 0.219, 0.218, 0.218, 0.219, 0.218, 0.218, 0.219, 0.218, 0.217, 0.217, 0.218, 0.217, 0.217, 0.217, 0.218, 0.217, 0.217, 0.218, 0.217, 0.217, 0.217, 0.217, 0.217, 0.217, 0.217, 0.217, 0.217, 0.217, 0.217, 0.216, 0.217, 0.217, 0.217, 0.217, 0.217, 0.216, 0.217, 0.217, 0.217, 0.216, 0.216, 0.216, 0.216, 0.216, 0.216, 0.217, 0.218, 0.216, 0.216, 0.217, 0.216, 0.216, 0.216, 0.216, 0.216, 0.216, 0.216, 0.217, 0.216, 0.216, 0.216, 0.216, 0.216, 0.218, 0.216, 0.216, 0.216, 0.216, 0.216, 0.217, 0.216, 0.216, 0.216, 0.216, 0.216, 0.216, 0.216, 0.216, 0.216, 0.216, 0.216, 0.216, 0.216, 0.216, 0.217, 0.216, 0.216, 0.215, 0.216, 0.216, 0.215, 0.216, 0.216, 0.216, 0.216, 0.216, 0.216, 0.216, 0.216, 0.216, 0.215, 0.215, 0.216, 0.216, 0.216, 0.216, 0.216, 0.216, 0.216, 0.216, 0.215, 0.215, 0.216, 0.215, 0.215, 0.215, 0.215, 0.215, 0.215, 0.215, 0.215, 0.215, 0.216, 0.216, 0.216, 0.216, 0.215]
Max test score: 0.699 found at epoch: 159
Max test score shapes: 0.599 found at epoch: 159
Avg generalisation ratio: 0.791
Avg generalisation diff: 0.126