seed 42
FullySupervisedPercentage: 0
logic loss multiplier: 0.01
Active: MinSizeBackgroundloss True 1 
Active: MaxSizeBackgroundloss True 20 
Active: MinSizeShapesloss True 30 False 
Active: MaxSizeShapesloss True 1 

Test Scores: [0.251, 0.279, 0.321, 0.343, 0.344, 0.334, 0.321, 0.29, 0.284, 0.306, 0.313, 0.293, 0.297, 0.327, 0.337, 0.347, 0.376, 0.387, 0.391, 0.374, 0.391, 0.383, 0.384, 0.409, 0.474, 0.506, 0.504, 0.496, 0.505, 0.485, 0.501, 0.518, 0.517, 0.518, 0.516, 0.538, 0.546, 0.547, 0.57, 0.554, 0.548, 0.559, 0.552, 0.545, 0.555, 0.548, 0.565, 0.556, 0.558, 0.587, 0.595, 0.577, 0.59, 0.595, 0.576, 0.55, 0.561, 0.573, 0.561, 0.602, 0.54, 0.6, 0.576, 0.55, 0.557, 0.592, 0.539, 0.602, 0.556, 0.594, 0.582, 0.566, 0.562, 0.616, 0.623, 0.579, 0.593, 0.566, 0.573, 0.577, 0.584, 0.542, 0.606, 0.569, 0.564, 0.617, 0.603, 0.581, 0.594, 0.567, 0.605, 0.624, 0.595, 0.581, 0.542, 0.58, 0.618, 0.599, 0.531, 0.575, 0.593, 0.636, 0.546, 0.59, 0.608, 0.581, 0.606, 0.618, 0.544, 0.571, 0.605, 0.604, 0.594, 0.595, 0.619, 0.602, 0.555, 0.577, 0.629, 0.606, 0.555, 0.593, 0.616, 0.562, 0.655, 0.572, 0.626, 0.55, 0.6, 0.558, 0.551, 0.591, 0.629, 0.635, 0.632, 0.594, 0.619, 0.597, 0.584, 0.592, 0.603, 0.609, 0.579, 0.639, 0.635, 0.631, 0.659, 0.599, 0.622, 0.646, 0.624, 0.565, 0.57, 0.627, 0.603, 0.554, 0.642, 0.601, 0.624, 0.597, 0.57, 0.576, 0.628, 0.645, 0.61, 0.612, 0.601, 0.621, 0.6, 0.643, 0.638, 0.542, 0.575, 0.599, 0.635, 0.611, 0.626, 0.557, 0.569, 0.626]
Test Scores w/o background: [0.067, 0.074, 0.113, 0.138, 0.138, 0.126, 0.112, 0.074, 0.065, 0.092, 0.101, 0.075, 0.082, 0.117, 0.129, 0.14, 0.175, 0.19, 0.196, 0.176, 0.193, 0.183, 0.184, 0.22, 0.303, 0.344, 0.341, 0.33, 0.342, 0.316, 0.337, 0.359, 0.357, 0.36, 0.356, 0.386, 0.396, 0.397, 0.428, 0.406, 0.399, 0.414, 0.403, 0.394, 0.409, 0.399, 0.421, 0.409, 0.412, 0.451, 0.461, 0.437, 0.455, 0.462, 0.436, 0.402, 0.415, 0.431, 0.416, 0.471, 0.388, 0.467, 0.436, 0.402, 0.41, 0.457, 0.386, 0.47, 0.409, 0.46, 0.443, 0.422, 0.416, 0.489, 0.498, 0.439, 0.458, 0.422, 0.432, 0.437, 0.446, 0.391, 0.475, 0.427, 0.42, 0.49, 0.472, 0.442, 0.46, 0.423, 0.474, 0.5, 0.461, 0.442, 0.391, 0.442, 0.492, 0.466, 0.376, 0.434, 0.458, 0.516, 0.396, 0.455, 0.479, 0.442, 0.476, 0.491, 0.393, 0.429, 0.475, 0.473, 0.46, 0.46, 0.493, 0.47, 0.407, 0.437, 0.507, 0.476, 0.407, 0.458, 0.489, 0.417, 0.54, 0.43, 0.503, 0.401, 0.467, 0.412, 0.402, 0.455, 0.507, 0.514, 0.51, 0.46, 0.493, 0.464, 0.446, 0.457, 0.471, 0.479, 0.44, 0.52, 0.514, 0.509, 0.546, 0.466, 0.497, 0.528, 0.499, 0.42, 0.428, 0.504, 0.471, 0.406, 0.524, 0.469, 0.499, 0.463, 0.427, 0.435, 0.504, 0.527, 0.481, 0.484, 0.469, 0.495, 0.467, 0.525, 0.519, 0.39, 0.435, 0.466, 0.514, 0.481, 0.502, 0.409, 0.426, 0.502]
Train Scores: [0.242, 0.274, 0.317, 0.34, 0.335, 0.318, 0.319, 0.304, 0.279, 0.296, 0.311, 0.304, 0.302, 0.325, 0.344, 0.37, 0.403, 0.407, 0.393, 0.38, 0.434, 0.441, 0.456, 0.472, 0.544, 0.589, 0.597, 0.597, 0.6, 0.576, 0.595, 0.633, 0.633, 0.617, 0.601, 0.655, 0.63, 0.661, 0.676, 0.668, 0.645, 0.687, 0.662, 0.648, 0.662, 0.648, 0.667, 0.652, 0.67, 0.69, 0.705, 0.683, 0.689, 0.693, 0.679, 0.642, 0.659, 0.668, 0.655, 0.698, 0.621, 0.685, 0.685, 0.624, 0.653, 0.685, 0.637, 0.704, 0.643, 0.696, 0.691, 0.661, 0.676, 0.723, 0.719, 0.68, 0.675, 0.654, 0.671, 0.673, 0.69, 0.634, 0.699, 0.669, 0.642, 0.716, 0.7, 0.691, 0.681, 0.673, 0.691, 0.708, 0.701, 0.677, 0.623, 0.675, 0.679, 0.671, 0.597, 0.668, 0.689, 0.727, 0.641, 0.693, 0.706, 0.683, 0.698, 0.709, 0.65, 0.679, 0.712, 0.698, 0.698, 0.698, 0.717, 0.719, 0.659, 0.685, 0.734, 0.703, 0.659, 0.696, 0.698, 0.674, 0.741, 0.686, 0.721, 0.663, 0.721, 0.658, 0.63, 0.683, 0.726, 0.723, 0.718, 0.708, 0.732, 0.689, 0.679, 0.689, 0.702, 0.72, 0.687, 0.73, 0.731, 0.732, 0.756, 0.712, 0.724, 0.738, 0.72, 0.66, 0.66, 0.708, 0.688, 0.648, 0.728, 0.702, 0.716, 0.689, 0.662, 0.677, 0.709, 0.739, 0.718, 0.716, 0.718, 0.72, 0.696, 0.744, 0.729, 0.642, 0.674, 0.702, 0.736, 0.713, 0.724, 0.66, 0.68, 0.734]
Train Scores w/o background: [0.055, 0.068, 0.108, 0.133, 0.125, 0.105, 0.107, 0.092, 0.058, 0.078, 0.097, 0.089, 0.087, 0.115, 0.137, 0.171, 0.211, 0.218, 0.198, 0.184, 0.251, 0.261, 0.28, 0.302, 0.396, 0.454, 0.465, 0.465, 0.469, 0.437, 0.462, 0.512, 0.513, 0.491, 0.47, 0.542, 0.509, 0.549, 0.569, 0.559, 0.528, 0.584, 0.551, 0.532, 0.55, 0.532, 0.557, 0.538, 0.561, 0.587, 0.608, 0.578, 0.587, 0.592, 0.574, 0.524, 0.546, 0.559, 0.541, 0.598, 0.496, 0.581, 0.581, 0.499, 0.538, 0.581, 0.517, 0.606, 0.525, 0.596, 0.589, 0.549, 0.569, 0.632, 0.627, 0.574, 0.567, 0.54, 0.563, 0.565, 0.588, 0.513, 0.599, 0.56, 0.523, 0.622, 0.601, 0.589, 0.575, 0.565, 0.589, 0.612, 0.602, 0.57, 0.498, 0.567, 0.573, 0.562, 0.464, 0.559, 0.586, 0.637, 0.522, 0.591, 0.609, 0.578, 0.599, 0.612, 0.534, 0.573, 0.617, 0.599, 0.598, 0.597, 0.624, 0.627, 0.546, 0.581, 0.647, 0.605, 0.547, 0.596, 0.598, 0.566, 0.656, 0.582, 0.629, 0.551, 0.628, 0.545, 0.507, 0.578, 0.635, 0.631, 0.624, 0.611, 0.644, 0.586, 0.573, 0.586, 0.603, 0.627, 0.583, 0.641, 0.642, 0.643, 0.675, 0.616, 0.633, 0.651, 0.627, 0.547, 0.548, 0.611, 0.584, 0.531, 0.638, 0.603, 0.622, 0.587, 0.55, 0.57, 0.613, 0.653, 0.624, 0.622, 0.624, 0.627, 0.596, 0.659, 0.639, 0.524, 0.566, 0.603, 0.648, 0.619, 0.633, 0.547, 0.574, 0.646]
Train Loss: [1.122, 0.917, 0.816, 0.735, 0.664, 0.607, 0.564, 0.521, 0.483, 0.469, 0.465, 0.461, 0.457, 0.452, 0.448, 0.443, 0.439, 0.434, 0.429, 0.424, 0.417, 0.412, 0.405, 0.4, 0.394, 0.386, 0.376, 0.367, 0.361, 0.355, 0.349, 0.344, 0.339, 0.334, 0.329, 0.324, 0.32, 0.315, 0.311, 0.307, 0.303, 0.3, 0.296, 0.292, 0.289, 0.286, 0.282, 0.279, 0.276, 0.273, 0.27, 0.268, 0.265, 0.262, 0.26, 0.258, 0.256, 0.254, 0.251, 0.25, 0.248, 0.246, 0.245, 0.243, 0.242, 0.24, 0.238, 0.237, 0.236, 0.235, 0.234, 0.232, 0.232, 0.231, 0.23, 0.229, 0.228, 0.227, 0.227, 0.226, 0.226, 0.225, 0.225, 0.224, 0.224, 0.223, 0.223, 0.222, 0.222, 0.222, 0.221, 0.221, 0.221, 0.22, 0.22, 0.22, 0.22, 0.22, 0.219, 0.219, 0.219, 0.219, 0.219, 0.218, 0.218, 0.218, 0.218, 0.218, 0.218, 0.218, 0.217, 0.217, 0.217, 0.217, 0.217, 0.217, 0.217, 0.217, 0.217, 0.217, 0.217, 0.217, 0.216, 0.216, 0.216, 0.216, 0.216, 0.217, 0.216, 0.216, 0.216, 0.216, 0.216, 0.216, 0.216, 0.216, 0.216, 0.216, 0.216, 0.216, 0.216, 0.216, 0.216, 0.216, 0.216, 0.216, 0.216, 0.216, 0.216, 0.216, 0.216, 0.216, 0.216, 0.216, 0.216, 0.216, 0.216, 0.216, 0.216, 0.216, 0.216, 0.216, 0.216, 0.216, 0.216, 0.216, 0.216, 0.216, 0.216, 0.216, 0.216, 0.216, 0.215, 0.216, 0.215, 0.216, 0.216, 0.216, 0.216, 0.216]
Max test score: 0.659 found at epoch: 147
Max test score shapes: 0.546 found at epoch: 147
Avg generalisation ratio: 0.797
Avg generalisation diff: 0.115