seed 42
FullySupervisedPercentage: 0
logic loss multiplier: 0.01
Active: ImageLevelloss True True False 2 
Active: Relationsloss True 2 True 0.1 True 
Active: OneHotloss True 20 
Active: MinSizeBackgroundloss True 1 
Active: MaxSizeBackgroundloss True 20 
Active: MinSizeShapesloss True 30 
Active: MaxSizeShapesloss True 1 

Test Scores: [0.165, 0.15, 0.192, 0.32, 0.316, 0.27, 0.253, 0.252, 0.247, 0.247, 0.238, 0.24, 0.237, 0.24, 0.236, 0.236, 0.243, 0.241, 0.239, 0.244, 0.259, 0.26, 0.26, 0.256, 0.252, 0.254, 0.255, 0.251, 0.262, 0.263, 0.256, 0.268, 0.271, 0.268, 0.265, 0.276, 0.272, 0.293, 0.288, 0.297, 0.301, 0.304, 0.307, 0.309, 0.314, 0.324, 0.331, 0.345, 0.348, 0.371, 0.363, 0.404, 0.405, 0.43, 0.418, 0.435, 0.445, 0.481, 0.487, 0.536, 0.508, 0.528, 0.522, 0.535, 0.555, 0.58, 0.575, 0.605, 0.578, 0.633, 0.651, 0.677, 0.663, 0.636, 0.665, 0.657, 0.694, 0.653, 0.695, 0.671, 0.65, 0.693, 0.687, 0.687, 0.685, 0.681, 0.707, 0.715, 0.72, 0.693, 0.708, 0.724, 0.639, 0.701, 0.713, 0.68, 0.705, 0.719, 0.696, 0.695, 0.697, 0.671, 0.68, 0.733, 0.688, 0.648, 0.7, 0.692, 0.699, 0.691, 0.687, 0.723, 0.673, 0.702, 0.698, 0.71, 0.709, 0.681, 0.703, 0.73, 0.703, 0.741, 0.731, 0.697, 0.673, 0.705, 0.73, 0.732, 0.735, 0.688, 0.727, 0.735, 0.699, 0.707, 0.707, 0.719, 0.687, 0.742, 0.719, 0.718, 0.707, 0.695, 0.695, 0.718, 0.717, 0.724, 0.741, 0.695, 0.749, 0.711, 0.72, 0.71, 0.665, 0.731, 0.725, 0.688, 0.706, 0.693, 0.703, 0.712, 0.687, 0.701, 0.725, 0.717, 0.718, 0.725, 0.699, 0.695, 0.712, 0.696, 0.727, 0.722, 0.686, 0.725, 0.732, 0.728, 0.756, 0.698, 0.694, 0.709, 0.688, 0.676, 0.709, 0.71, 0.663, 0.763, 0.729, 0.699, 0.721, 0.776, 0.74, 0.676, 0.738, 0.753, 0.729, 0.711, 0.727, 0.727, 0.708, 0.743]
Test Scores w/o background: [0.076, 0.021, 0.021, 0.11, 0.107, 0.049, 0.028, 0.025, 0.019, 0.019, 0.007, 0.01, 0.006, 0.01, 0.005, 0.006, 0.015, 0.011, 0.009, 0.015, 0.034, 0.037, 0.035, 0.03, 0.025, 0.032, 0.034, 0.025, 0.038, 0.038, 0.034, 0.055, 0.051, 0.047, 0.041, 0.056, 0.051, 0.077, 0.073, 0.084, 0.088, 0.091, 0.098, 0.096, 0.103, 0.116, 0.124, 0.143, 0.147, 0.174, 0.165, 0.218, 0.22, 0.253, 0.24, 0.263, 0.274, 0.324, 0.33, 0.395, 0.356, 0.383, 0.375, 0.39, 0.416, 0.45, 0.442, 0.482, 0.444, 0.517, 0.541, 0.575, 0.556, 0.52, 0.56, 0.548, 0.597, 0.543, 0.598, 0.566, 0.538, 0.596, 0.587, 0.588, 0.585, 0.579, 0.613, 0.624, 0.631, 0.596, 0.615, 0.637, 0.524, 0.606, 0.621, 0.578, 0.612, 0.63, 0.599, 0.598, 0.6, 0.566, 0.577, 0.649, 0.588, 0.535, 0.604, 0.593, 0.603, 0.592, 0.587, 0.635, 0.569, 0.607, 0.602, 0.617, 0.616, 0.579, 0.608, 0.644, 0.609, 0.659, 0.645, 0.6, 0.569, 0.611, 0.645, 0.647, 0.651, 0.588, 0.64, 0.651, 0.603, 0.614, 0.614, 0.629, 0.587, 0.66, 0.629, 0.628, 0.614, 0.598, 0.597, 0.628, 0.627, 0.636, 0.659, 0.597, 0.67, 0.618, 0.63, 0.617, 0.557, 0.645, 0.637, 0.588, 0.613, 0.595, 0.608, 0.62, 0.586, 0.605, 0.637, 0.627, 0.628, 0.638, 0.602, 0.598, 0.62, 0.599, 0.64, 0.633, 0.585, 0.638, 0.647, 0.642, 0.679, 0.602, 0.596, 0.616, 0.588, 0.572, 0.617, 0.618, 0.555, 0.688, 0.643, 0.603, 0.632, 0.706, 0.658, 0.573, 0.655, 0.675, 0.643, 0.618, 0.641, 0.64, 0.614, 0.662]
Train Scores: [0.152, 0.146, 0.193, 0.323, 0.317, 0.279, 0.259, 0.257, 0.253, 0.25, 0.24, 0.243, 0.238, 0.244, 0.24, 0.239, 0.246, 0.242, 0.241, 0.247, 0.256, 0.258, 0.259, 0.253, 0.255, 0.255, 0.257, 0.251, 0.255, 0.262, 0.265, 0.271, 0.271, 0.267, 0.263, 0.278, 0.275, 0.295, 0.285, 0.297, 0.312, 0.306, 0.304, 0.314, 0.32, 0.341, 0.346, 0.357, 0.361, 0.381, 0.39, 0.428, 0.424, 0.453, 0.452, 0.46, 0.485, 0.507, 0.514, 0.551, 0.566, 0.566, 0.582, 0.597, 0.599, 0.624, 0.615, 0.646, 0.62, 0.656, 0.69, 0.716, 0.703, 0.654, 0.683, 0.67, 0.717, 0.673, 0.74, 0.727, 0.714, 0.743, 0.723, 0.729, 0.751, 0.708, 0.74, 0.742, 0.755, 0.729, 0.759, 0.773, 0.679, 0.729, 0.774, 0.707, 0.736, 0.771, 0.755, 0.75, 0.732, 0.716, 0.748, 0.778, 0.74, 0.693, 0.745, 0.754, 0.754, 0.711, 0.714, 0.781, 0.702, 0.694, 0.76, 0.731, 0.76, 0.75, 0.731, 0.763, 0.77, 0.786, 0.788, 0.748, 0.715, 0.747, 0.778, 0.789, 0.77, 0.745, 0.782, 0.775, 0.764, 0.753, 0.763, 0.773, 0.766, 0.777, 0.773, 0.781, 0.757, 0.742, 0.741, 0.776, 0.765, 0.751, 0.778, 0.77, 0.787, 0.757, 0.757, 0.775, 0.741, 0.769, 0.771, 0.765, 0.76, 0.78, 0.753, 0.789, 0.769, 0.755, 0.772, 0.77, 0.786, 0.769, 0.78, 0.771, 0.778, 0.749, 0.794, 0.789, 0.763, 0.791, 0.773, 0.794, 0.807, 0.758, 0.752, 0.761, 0.726, 0.72, 0.743, 0.785, 0.742, 0.79, 0.769, 0.774, 0.788, 0.81, 0.801, 0.725, 0.804, 0.805, 0.776, 0.763, 0.779, 0.78, 0.766, 0.751]
Train Scores w/o background: [0.062, 0.02, 0.022, 0.114, 0.109, 0.059, 0.035, 0.031, 0.025, 0.021, 0.008, 0.012, 0.007, 0.015, 0.009, 0.008, 0.017, 0.011, 0.011, 0.017, 0.029, 0.032, 0.033, 0.026, 0.028, 0.031, 0.034, 0.023, 0.029, 0.036, 0.045, 0.054, 0.05, 0.044, 0.039, 0.059, 0.055, 0.079, 0.067, 0.082, 0.101, 0.093, 0.093, 0.103, 0.111, 0.138, 0.144, 0.159, 0.165, 0.189, 0.201, 0.25, 0.247, 0.284, 0.288, 0.298, 0.33, 0.361, 0.367, 0.416, 0.434, 0.434, 0.454, 0.473, 0.476, 0.508, 0.495, 0.537, 0.502, 0.548, 0.594, 0.628, 0.609, 0.546, 0.583, 0.566, 0.628, 0.57, 0.659, 0.641, 0.624, 0.662, 0.636, 0.644, 0.673, 0.616, 0.658, 0.661, 0.679, 0.644, 0.683, 0.702, 0.577, 0.644, 0.703, 0.613, 0.653, 0.7, 0.678, 0.671, 0.648, 0.626, 0.668, 0.708, 0.658, 0.595, 0.664, 0.676, 0.676, 0.619, 0.623, 0.712, 0.607, 0.597, 0.685, 0.646, 0.684, 0.671, 0.645, 0.689, 0.698, 0.72, 0.721, 0.668, 0.624, 0.667, 0.709, 0.723, 0.697, 0.665, 0.713, 0.704, 0.69, 0.675, 0.689, 0.702, 0.692, 0.707, 0.702, 0.712, 0.681, 0.661, 0.658, 0.706, 0.69, 0.673, 0.708, 0.698, 0.721, 0.681, 0.681, 0.704, 0.659, 0.696, 0.699, 0.691, 0.685, 0.711, 0.675, 0.723, 0.696, 0.678, 0.701, 0.698, 0.719, 0.696, 0.711, 0.699, 0.707, 0.67, 0.73, 0.722, 0.689, 0.726, 0.702, 0.73, 0.747, 0.681, 0.674, 0.686, 0.639, 0.631, 0.661, 0.718, 0.66, 0.725, 0.696, 0.702, 0.722, 0.751, 0.739, 0.638, 0.743, 0.744, 0.705, 0.688, 0.709, 0.71, 0.692, 0.672]
Train Loss: [2.747, 2.162, 1.784, 1.517, 1.312, 1.16, 1.016, 0.879, 0.755, 0.659, 0.566, 0.475, 0.398, 0.335, 0.284, 0.245, 0.214, 0.192, 0.18, 0.176, 0.172, 0.169, 0.167, 0.165, 0.162, 0.162, 0.161, 0.157, 0.158, 0.157, 0.159, 0.156, 0.155, 0.154, 0.15, 0.148, 0.146, 0.146, 0.143, 0.143, 0.139, 0.134, 0.132, 0.125, 0.124, 0.116, 0.107, 0.097, 0.092, 0.084, 0.077, 0.069, 0.06, 0.054, 0.046, 0.042, 0.039, 0.032, 0.03, 0.025, 0.022, 0.021, 0.017, 0.016, 0.018, 0.011, 0.011, 0.01, 0.009, 0.009, 0.011, 0.007, 0.006, 0.006, 0.007, 0.006, 0.006, 0.004, 0.005, 0.004, 0.004, 0.004, 0.004, 0.006, 0.003, 0.003, 0.003, 0.003, 0.004, 0.004, 0.004, 0.003, 0.005, 0.003, 0.003, 0.002, 0.002, 0.003, 0.002, 0.002, 0.002, 0.002, 0.002, 0.002, 0.002, 0.002, 0.002, 0.002, 0.002, 0.002, 0.002, 0.002, 0.002, 0.002, 0.002, 0.002, 0.002, 0.003, 0.002, 0.002, 0.002, 0.001, 0.001, 0.001, 0.002, 0.001, 0.001, 0.001, 0.001, 0.001, 0.001, 0.001, 0.002, 0.002, 0.001, 0.001, 0.003, 0.001, 0.001, 0.001, 0.001, 0.001, 0.001, 0.001, 0.001, 0.001, 0.001, 0.001, 0.001, 0.001, 0.001, 0.001, 0.001, 0.001, 0.001, 0.001, 0.001, 0.001, 0.001, 0.001, 0.001, 0.001, 0.001, 0.001, 0.001, 0.001, 0.001, 0.001, 0.001, 0.001, 0.001, 0.001, 0.001, 0.001, 0.001, 0.001, 0.001, 0.001, 0.001, 0.001, 0.001, 0.001, 0.001, 0.001, 0.001, 0.001, 0.001, 0.001, 0.001, 0.001, 0.001, 0.001, 0.001, 0.001, 0.004, 0.001, 0.001, 0.001, 0.001, 0.001]
Max test score: 0.776 found at epoch: 190
Max test score shapes: 0.706 found at epoch: 190
Avg generalisation ratio: 0.912
Avg generalisation diff: 0.048