percentFullySupervised0.2
domainLossMultiplier0.01
Active: OneHotloss True 15 
Active: Smoothnessloss True 100 
Active: MinSizeShapesloss True 30 
Active: MaxSizeShapesloss True 1 

Test Scores: [0.197, 0.266, 0.292, 0.308, 0.337, 0.358, 0.375, 0.363, 0.35, 0.383, 0.392, 0.402, 0.344, 0.379, 0.383, 0.354, 0.37, 0.38, 0.367, 0.373, 0.401, 0.384, 0.389, 0.42, 0.365, 0.305, 0.378, 0.422, 0.334, 0.378, 0.391, 0.441, 0.388, 0.387, 0.382, 0.355, 0.399, 0.405, 0.392, 0.383, 0.402, 0.397, 0.428, 0.414, 0.419, 0.345, 0.406, 0.409, 0.418, 0.449, 0.419, 0.38, 0.397, 0.447, 0.382, 0.406, 0.432, 0.377, 0.427, 0.384, 0.407, 0.395, 0.41, 0.371, 0.389, 0.371, 0.369, 0.336, 0.395, 0.381, 0.359, 0.42, 0.35, 0.366, 0.394, 0.363, 0.408, 0.404, 0.341, 0.372, 0.405, 0.342, 0.386, 0.349, 0.348, 0.433, 0.363, 0.353, 0.346, 0.353, 0.396, 0.395, 0.401, 0.437, 0.316, 0.402, 0.368, 0.368, 0.454, 0.405]
Test Scores w/o background: [0.093, 0.12, 0.115, 0.117, 0.137, 0.171, 0.199, 0.225, 0.231, 0.244, 0.275, 0.264, 0.262, 0.271, 0.281, 0.269, 0.263, 0.276, 0.269, 0.268, 0.29, 0.279, 0.284, 0.297, 0.27, 0.237, 0.276, 0.303, 0.252, 0.276, 0.282, 0.317, 0.285, 0.275, 0.278, 0.26, 0.289, 0.285, 0.284, 0.276, 0.291, 0.286, 0.308, 0.284, 0.302, 0.258, 0.294, 0.291, 0.291, 0.318, 0.308, 0.279, 0.283, 0.325, 0.274, 0.289, 0.307, 0.266, 0.298, 0.276, 0.289, 0.275, 0.284, 0.249, 0.274, 0.259, 0.268, 0.244, 0.28, 0.272, 0.258, 0.297, 0.256, 0.263, 0.288, 0.265, 0.292, 0.277, 0.246, 0.265, 0.294, 0.244, 0.275, 0.249, 0.252, 0.301, 0.263, 0.253, 0.248, 0.253, 0.286, 0.282, 0.281, 0.313, 0.233, 0.286, 0.265, 0.256, 0.328, 0.288]
Train Scores: [0.195, 0.265, 0.288, 0.304, 0.337, 0.362, 0.389, 0.364, 0.353, 0.397, 0.406, 0.429, 0.353, 0.401, 0.394, 0.361, 0.385, 0.392, 0.382, 0.398, 0.426, 0.414, 0.423, 0.454, 0.393, 0.332, 0.404, 0.439, 0.361, 0.4, 0.428, 0.473, 0.422, 0.441, 0.41, 0.379, 0.429, 0.439, 0.432, 0.419, 0.438, 0.439, 0.468, 0.451, 0.445, 0.38, 0.438, 0.439, 0.446, 0.476, 0.449, 0.414, 0.431, 0.472, 0.414, 0.45, 0.461, 0.404, 0.452, 0.412, 0.44, 0.427, 0.438, 0.403, 0.414, 0.393, 0.393, 0.365, 0.421, 0.414, 0.392, 0.448, 0.382, 0.394, 0.42, 0.386, 0.437, 0.427, 0.377, 0.398, 0.423, 0.369, 0.406, 0.375, 0.382, 0.459, 0.392, 0.384, 0.373, 0.369, 0.411, 0.413, 0.424, 0.449, 0.346, 0.429, 0.394, 0.39, 0.474, 0.447]
Train Scores w/o background: [0.091, 0.11, 0.1, 0.101, 0.127, 0.168, 0.211, 0.218, 0.232, 0.259, 0.289, 0.293, 0.265, 0.29, 0.285, 0.266, 0.274, 0.282, 0.281, 0.29, 0.307, 0.301, 0.308, 0.33, 0.285, 0.247, 0.294, 0.312, 0.271, 0.291, 0.315, 0.347, 0.311, 0.322, 0.292, 0.277, 0.314, 0.31, 0.319, 0.301, 0.312, 0.319, 0.346, 0.316, 0.319, 0.283, 0.318, 0.316, 0.316, 0.342, 0.329, 0.309, 0.314, 0.347, 0.299, 0.325, 0.331, 0.289, 0.322, 0.297, 0.316, 0.303, 0.309, 0.277, 0.299, 0.281, 0.286, 0.267, 0.302, 0.296, 0.281, 0.322, 0.281, 0.284, 0.307, 0.282, 0.316, 0.297, 0.274, 0.288, 0.308, 0.268, 0.289, 0.266, 0.28, 0.325, 0.29, 0.281, 0.268, 0.264, 0.3, 0.299, 0.304, 0.32, 0.257, 0.31, 0.289, 0.28, 0.348, 0.328]
Train Loss: [2.819, 2.042, 1.3, 0.871, 0.578, 0.29, 0.166, 0.165, 0.167, 0.157, 0.153, 0.152, 0.147, 0.141, 0.138, 0.134, 0.13, 0.127, 0.124, 0.121, 0.119, 0.116, 0.114, 0.111, 0.108, 0.106, 0.104, 0.101, 0.099, 0.096, 0.094, 0.092, 0.09, 0.088, 0.086, 0.084, 0.082, 0.081, 0.078, 0.077, 0.076, 0.074, 0.073, 0.072, 0.071, 0.07, 0.069, 0.069, 0.068, 0.067, 0.067, 0.066, 0.066, 0.065, 0.064, 0.064, 0.063, 0.063, 0.063, 0.063, 0.062, 0.062, 0.062, 0.062, 0.062, 0.062, 0.061, 0.061, 0.061, 0.06, 0.06, 0.06, 0.06, 0.059, 0.059, 0.059, 0.059, 0.059, 0.058, 0.059, 0.058, 0.058, 0.058, 0.058, 0.057, 0.058, 0.057, 0.057, 0.057, 0.057, 0.056, 0.057, 0.056, 0.056, 0.056, 0.056, 0.056, 0.056, 0.056, 0.055]
Max test score: 0.454 found at epoch: 99
Max test score shapes: 0.328 found at epoch: 99
