percentFullySupervised0.2
domainLossMultiplier0.01
Active: Adjacencyloss True True 30 0.0001 True False 
Active: Relationsloss True 2 True 0.1 False 
Active: MinSizeShapesloss True 30 
Active: MaxSizeShapesloss True 1 

Test Scores: [0.194, 0.266, 0.289, 0.306, 0.321, 0.333, 0.318, 0.337, 0.347, 0.375, 0.374, 0.38, 0.366, 0.382, 0.4, 0.366, 0.377, 0.413, 0.419, 0.42, 0.437, 0.473, 0.476, 0.51, 0.514, 0.449, 0.502, 0.495, 0.482, 0.466, 0.446, 0.497, 0.492, 0.478, 0.431, 0.433, 0.429, 0.461, 0.443, 0.461, 0.467, 0.473, 0.438, 0.507, 0.418, 0.501, 0.45, 0.462, 0.457, 0.468, 0.451, 0.454, 0.48, 0.45, 0.464, 0.497, 0.493, 0.48, 0.459, 0.413, 0.46, 0.491, 0.459, 0.47, 0.518, 0.471, 0.482, 0.459, 0.478, 0.482, 0.501, 0.493, 0.483, 0.505, 0.501, 0.486, 0.499, 0.46, 0.469, 0.511, 0.501, 0.468, 0.444, 0.435, 0.459, 0.489, 0.477, 0.506, 0.472, 0.488, 0.479, 0.493, 0.486, 0.505, 0.476, 0.49, 0.495, 0.455, 0.512, 0.487]
Test Scores w/o background: [0.099, 0.125, 0.116, 0.117, 0.119, 0.149, 0.14, 0.181, 0.202, 0.208, 0.219, 0.207, 0.25, 0.241, 0.257, 0.228, 0.217, 0.284, 0.299, 0.293, 0.3, 0.325, 0.324, 0.347, 0.369, 0.317, 0.357, 0.333, 0.328, 0.311, 0.291, 0.329, 0.325, 0.308, 0.261, 0.267, 0.256, 0.287, 0.275, 0.29, 0.291, 0.307, 0.257, 0.34, 0.241, 0.345, 0.269, 0.287, 0.268, 0.293, 0.282, 0.299, 0.305, 0.268, 0.295, 0.32, 0.319, 0.308, 0.28, 0.233, 0.276, 0.317, 0.299, 0.305, 0.37, 0.291, 0.315, 0.299, 0.308, 0.304, 0.324, 0.313, 0.307, 0.348, 0.339, 0.311, 0.323, 0.273, 0.283, 0.341, 0.322, 0.291, 0.268, 0.258, 0.291, 0.318, 0.297, 0.342, 0.297, 0.321, 0.3, 0.33, 0.305, 0.335, 0.313, 0.318, 0.333, 0.271, 0.346, 0.308]
Train Scores: [0.192, 0.265, 0.286, 0.303, 0.323, 0.339, 0.329, 0.346, 0.374, 0.41, 0.404, 0.421, 0.383, 0.411, 0.438, 0.403, 0.423, 0.447, 0.447, 0.442, 0.462, 0.485, 0.495, 0.532, 0.525, 0.459, 0.524, 0.514, 0.511, 0.491, 0.479, 0.515, 0.51, 0.502, 0.467, 0.476, 0.473, 0.475, 0.479, 0.5, 0.5, 0.515, 0.472, 0.545, 0.445, 0.526, 0.471, 0.505, 0.495, 0.503, 0.493, 0.481, 0.522, 0.484, 0.488, 0.526, 0.529, 0.509, 0.499, 0.451, 0.495, 0.536, 0.484, 0.497, 0.55, 0.506, 0.518, 0.492, 0.51, 0.501, 0.536, 0.526, 0.501, 0.525, 0.529, 0.517, 0.533, 0.489, 0.503, 0.549, 0.537, 0.493, 0.475, 0.457, 0.496, 0.52, 0.497, 0.537, 0.501, 0.525, 0.51, 0.513, 0.515, 0.539, 0.503, 0.523, 0.526, 0.481, 0.554, 0.526]
Train Scores w/o background: [0.098, 0.114, 0.101, 0.102, 0.11, 0.147, 0.142, 0.189, 0.238, 0.248, 0.26, 0.262, 0.272, 0.275, 0.298, 0.269, 0.275, 0.319, 0.323, 0.312, 0.323, 0.339, 0.346, 0.376, 0.379, 0.315, 0.377, 0.353, 0.36, 0.338, 0.325, 0.349, 0.343, 0.34, 0.304, 0.316, 0.307, 0.3, 0.32, 0.34, 0.327, 0.354, 0.3, 0.386, 0.265, 0.372, 0.295, 0.337, 0.315, 0.338, 0.329, 0.333, 0.36, 0.31, 0.326, 0.356, 0.363, 0.343, 0.33, 0.274, 0.316, 0.373, 0.326, 0.336, 0.406, 0.333, 0.356, 0.34, 0.343, 0.327, 0.37, 0.354, 0.329, 0.369, 0.369, 0.348, 0.367, 0.307, 0.325, 0.389, 0.369, 0.321, 0.306, 0.287, 0.334, 0.355, 0.321, 0.379, 0.331, 0.367, 0.337, 0.354, 0.342, 0.378, 0.346, 0.358, 0.37, 0.304, 0.4, 0.358]
Train Loss: [2.941, 2.18, 1.41, 0.942, 0.631, 0.33, 0.184, 0.149, 0.126, 0.116, 0.109, 0.105, 0.1, 0.097, 0.095, 0.093, 0.092, 0.09, 0.089, 0.088, 0.087, 0.086, 0.084, 0.084, 0.083, 0.082, 0.081, 0.081, 0.08, 0.079, 0.078, 0.077, 0.077, 0.076, 0.075, 0.074, 0.074, 0.073, 0.072, 0.072, 0.071, 0.071, 0.07, 0.07, 0.069, 0.069, 0.068, 0.068, 0.068, 0.067, 0.067, 0.066, 0.066, 0.066, 0.065, 0.065, 0.065, 0.064, 0.064, 0.063, 0.063, 0.063, 0.062, 0.062, 0.062, 0.061, 0.061, 0.061, 0.061, 0.06, 0.06, 0.06, 0.059, 0.059, 0.059, 0.058, 0.058, 0.058, 0.058, 0.057, 0.057, 0.057, 0.057, 0.056, 0.056, 0.056, 0.056, 0.055, 0.055, 0.055, 0.055, 0.055, 0.054, 0.054, 0.054, 0.054, 0.054, 0.054, 0.053, 0.053]
Max test score: 0.518 found at epoch: 65
Max test score shapes: 0.37 found at epoch: 65
