percentFullySupervised0.2
domainLossMultiplier0.01
Active: Smoothnessloss True 100 
Active: MinSizeShapesloss True 30 
Active: MaxSizeShapesloss True 1 

Test Scores: [0.197, 0.266, 0.292, 0.308, 0.337, 0.359, 0.381, 0.388, 0.396, 0.417, 0.419, 0.429, 0.409, 0.409, 0.425, 0.382, 0.417, 0.451, 0.437, 0.398, 0.46, 0.441, 0.418, 0.461, 0.448, 0.45, 0.503, 0.473, 0.466, 0.472, 0.461, 0.491, 0.457, 0.458, 0.475, 0.392, 0.467, 0.461, 0.452, 0.379, 0.411, 0.441, 0.375, 0.446, 0.36, 0.327, 0.408, 0.377, 0.388, 0.43, 0.399, 0.336, 0.38, 0.42, 0.376, 0.384, 0.418, 0.355, 0.398, 0.317, 0.356, 0.342, 0.351, 0.37, 0.372, 0.354, 0.332, 0.342, 0.422, 0.358, 0.355, 0.367, 0.328, 0.359, 0.375, 0.381, 0.372, 0.384, 0.391, 0.351, 0.342, 0.362, 0.353, 0.343, 0.33, 0.365, 0.366, 0.363, 0.385, 0.366, 0.41, 0.398, 0.424, 0.424, 0.371, 0.433, 0.412, 0.374, 0.449, 0.396]
Test Scores w/o background: [0.093, 0.12, 0.115, 0.117, 0.138, 0.171, 0.198, 0.23, 0.246, 0.252, 0.283, 0.273, 0.294, 0.289, 0.304, 0.29, 0.303, 0.334, 0.326, 0.299, 0.334, 0.325, 0.313, 0.329, 0.314, 0.302, 0.351, 0.303, 0.319, 0.313, 0.308, 0.332, 0.308, 0.3, 0.322, 0.259, 0.31, 0.31, 0.295, 0.252, 0.28, 0.304, 0.23, 0.294, 0.236, 0.222, 0.27, 0.241, 0.255, 0.281, 0.268, 0.215, 0.274, 0.295, 0.241, 0.246, 0.281, 0.223, 0.251, 0.2, 0.221, 0.21, 0.22, 0.229, 0.239, 0.217, 0.206, 0.216, 0.299, 0.221, 0.223, 0.225, 0.204, 0.241, 0.261, 0.264, 0.239, 0.24, 0.254, 0.246, 0.212, 0.224, 0.221, 0.228, 0.217, 0.233, 0.236, 0.249, 0.259, 0.241, 0.268, 0.247, 0.278, 0.271, 0.257, 0.29, 0.28, 0.235, 0.3, 0.266]
Train Scores: [0.196, 0.266, 0.289, 0.305, 0.338, 0.364, 0.397, 0.405, 0.422, 0.449, 0.445, 0.456, 0.414, 0.422, 0.427, 0.389, 0.425, 0.459, 0.451, 0.419, 0.472, 0.459, 0.442, 0.479, 0.46, 0.465, 0.508, 0.488, 0.48, 0.479, 0.48, 0.511, 0.474, 0.468, 0.499, 0.403, 0.483, 0.462, 0.464, 0.398, 0.438, 0.458, 0.41, 0.479, 0.382, 0.365, 0.439, 0.405, 0.412, 0.443, 0.415, 0.355, 0.413, 0.448, 0.404, 0.402, 0.442, 0.368, 0.405, 0.323, 0.37, 0.354, 0.363, 0.387, 0.401, 0.372, 0.347, 0.359, 0.439, 0.364, 0.377, 0.399, 0.356, 0.396, 0.402, 0.416, 0.406, 0.394, 0.395, 0.368, 0.359, 0.377, 0.387, 0.363, 0.348, 0.38, 0.386, 0.386, 0.397, 0.37, 0.431, 0.422, 0.45, 0.448, 0.404, 0.453, 0.441, 0.397, 0.468, 0.421]
Train Scores w/o background: [0.091, 0.11, 0.1, 0.101, 0.128, 0.169, 0.213, 0.241, 0.268, 0.285, 0.308, 0.31, 0.303, 0.303, 0.302, 0.29, 0.307, 0.337, 0.335, 0.314, 0.344, 0.341, 0.333, 0.347, 0.321, 0.316, 0.354, 0.317, 0.33, 0.319, 0.324, 0.354, 0.327, 0.302, 0.349, 0.271, 0.324, 0.308, 0.308, 0.264, 0.301, 0.313, 0.266, 0.325, 0.255, 0.257, 0.302, 0.268, 0.278, 0.294, 0.285, 0.234, 0.296, 0.316, 0.27, 0.262, 0.31, 0.239, 0.262, 0.208, 0.238, 0.23, 0.237, 0.25, 0.274, 0.242, 0.226, 0.235, 0.321, 0.229, 0.25, 0.259, 0.233, 0.282, 0.294, 0.3, 0.274, 0.26, 0.265, 0.269, 0.236, 0.244, 0.263, 0.252, 0.238, 0.253, 0.259, 0.275, 0.277, 0.25, 0.291, 0.273, 0.308, 0.302, 0.293, 0.313, 0.313, 0.265, 0.322, 0.297]
Train Loss: [2.777, 2.002, 1.261, 0.833, 0.541, 0.254, 0.13, 0.126, 0.125, 0.124, 0.122, 0.12, 0.117, 0.116, 0.113, 0.112, 0.11, 0.109, 0.107, 0.106, 0.104, 0.103, 0.101, 0.1, 0.099, 0.097, 0.096, 0.094, 0.093, 0.091, 0.09, 0.089, 0.088, 0.087, 0.086, 0.085, 0.083, 0.082, 0.081, 0.08, 0.079, 0.079, 0.078, 0.077, 0.076, 0.075, 0.074, 0.074, 0.073, 0.072, 0.071, 0.07, 0.07, 0.069, 0.068, 0.068, 0.067, 0.067, 0.066, 0.066, 0.065, 0.064, 0.064, 0.064, 0.063, 0.063, 0.063, 0.062, 0.062, 0.062, 0.062, 0.061, 0.061, 0.061, 0.061, 0.06, 0.06, 0.06, 0.059, 0.059, 0.059, 0.059, 0.058, 0.058, 0.058, 0.058, 0.058, 0.057, 0.057, 0.057, 0.057, 0.057, 0.057, 0.056, 0.056, 0.056, 0.056, 0.055, 0.055, 0.055]
Max test score: 0.503 found at epoch: 27
Max test score shapes: 0.351 found at epoch: 27
