percentFullySupervised0.2
domainLossMultiplier0.01

Test Scores: [0.073, 0.1, 0.138, 0.172, 0.212, 0.242, 0.265, 0.269, 0.278, 0.313, 0.33, 0.36, 0.328, 0.369, 0.38, 0.37, 0.377, 0.387, 0.383, 0.383, 0.4, 0.407, 0.392, 0.413, 0.407, 0.42, 0.437, 0.428, 0.429, 0.439, 0.461, 0.466, 0.457, 0.485, 0.485, 0.478, 0.473, 0.473, 0.475, 0.475, 0.476, 0.482, 0.476, 0.482, 0.459, 0.416, 0.437, 0.445, 0.471, 0.464, 0.465, 0.439, 0.455, 0.463, 0.448, 0.458, 0.457, 0.425, 0.442, 0.438, 0.452, 0.454, 0.448, 0.431, 0.432, 0.434, 0.468, 0.446, 0.431, 0.448, 0.448, 0.448, 0.438, 0.456, 0.45, 0.454, 0.461, 0.452, 0.423, 0.467, 0.465, 0.439, 0.438, 0.418, 0.448, 0.47, 0.452, 0.457, 0.48, 0.461, 0.495, 0.481, 0.497, 0.493, 0.501, 0.521, 0.51, 0.505, 0.519, 0.529]
Test Scores w/o background: [0.08, 0.098, 0.117, 0.14, 0.154, 0.168, 0.179, 0.188, 0.2, 0.208, 0.228, 0.24, 0.251, 0.269, 0.276, 0.274, 0.275, 0.285, 0.288, 0.281, 0.299, 0.297, 0.279, 0.297, 0.303, 0.306, 0.33, 0.324, 0.328, 0.328, 0.342, 0.344, 0.353, 0.366, 0.371, 0.371, 0.374, 0.379, 0.377, 0.375, 0.391, 0.391, 0.377, 0.382, 0.362, 0.336, 0.352, 0.365, 0.378, 0.38, 0.371, 0.354, 0.357, 0.368, 0.364, 0.377, 0.354, 0.353, 0.344, 0.353, 0.362, 0.35, 0.362, 0.352, 0.348, 0.351, 0.388, 0.368, 0.361, 0.375, 0.365, 0.364, 0.359, 0.371, 0.373, 0.386, 0.36, 0.34, 0.364, 0.378, 0.358, 0.354, 0.335, 0.346, 0.363, 0.363, 0.364, 0.356, 0.377, 0.369, 0.37, 0.359, 0.372, 0.352, 0.376, 0.369, 0.375, 0.347, 0.364, 0.382]
Train Scores: [0.079, 0.108, 0.148, 0.181, 0.22, 0.253, 0.278, 0.284, 0.29, 0.331, 0.344, 0.376, 0.334, 0.373, 0.384, 0.369, 0.378, 0.382, 0.377, 0.388, 0.404, 0.42, 0.416, 0.437, 0.424, 0.44, 0.451, 0.428, 0.437, 0.451, 0.478, 0.481, 0.465, 0.5, 0.5, 0.488, 0.478, 0.475, 0.483, 0.482, 0.492, 0.493, 0.495, 0.498, 0.485, 0.452, 0.471, 0.467, 0.491, 0.474, 0.487, 0.471, 0.489, 0.492, 0.481, 0.479, 0.486, 0.454, 0.471, 0.47, 0.481, 0.484, 0.478, 0.463, 0.469, 0.463, 0.492, 0.478, 0.458, 0.47, 0.478, 0.477, 0.472, 0.488, 0.478, 0.475, 0.484, 0.477, 0.452, 0.495, 0.493, 0.471, 0.477, 0.447, 0.482, 0.501, 0.481, 0.489, 0.505, 0.481, 0.516, 0.508, 0.522, 0.519, 0.527, 0.542, 0.536, 0.53, 0.539, 0.554]
Train Scores w/o background: [0.085, 0.108, 0.129, 0.154, 0.171, 0.19, 0.203, 0.214, 0.222, 0.237, 0.25, 0.259, 0.26, 0.272, 0.277, 0.269, 0.273, 0.275, 0.278, 0.286, 0.301, 0.311, 0.307, 0.325, 0.32, 0.325, 0.341, 0.318, 0.329, 0.336, 0.358, 0.36, 0.362, 0.384, 0.387, 0.382, 0.378, 0.381, 0.385, 0.383, 0.405, 0.4, 0.398, 0.398, 0.387, 0.371, 0.39, 0.387, 0.393, 0.388, 0.392, 0.391, 0.393, 0.4, 0.402, 0.4, 0.388, 0.39, 0.376, 0.389, 0.393, 0.384, 0.396, 0.389, 0.392, 0.386, 0.411, 0.403, 0.394, 0.398, 0.4, 0.398, 0.399, 0.406, 0.404, 0.409, 0.383, 0.367, 0.402, 0.406, 0.388, 0.39, 0.378, 0.385, 0.4, 0.393, 0.398, 0.394, 0.404, 0.394, 0.396, 0.392, 0.403, 0.386, 0.407, 0.397, 0.406, 0.381, 0.39, 0.415]
Train Loss: [0.113, 0.113, 0.112, 0.111, 0.11, 0.108, 0.107, 0.106, 0.105, 0.104, 0.103, 0.102, 0.101, 0.1, 0.099, 0.098, 0.098, 0.097, 0.096, 0.095, 0.095, 0.094, 0.094, 0.093, 0.093, 0.092, 0.092, 0.091, 0.091, 0.09, 0.09, 0.09, 0.089, 0.089, 0.089, 0.088, 0.088, 0.088, 0.087, 0.087, 0.087, 0.086, 0.086, 0.086, 0.086, 0.085, 0.085, 0.085, 0.085, 0.084, 0.084, 0.084, 0.084, 0.083, 0.083, 0.083, 0.083, 0.083, 0.082, 0.082, 0.082, 0.082, 0.082, 0.081, 0.081, 0.081, 0.081, 0.081, 0.081, 0.08, 0.08, 0.08, 0.08, 0.08, 0.08, 0.079, 0.079, 0.079, 0.079, 0.079, 0.079, 0.078, 0.078, 0.078, 0.078, 0.078, 0.078, 0.078, 0.077, 0.077, 0.077, 0.077, 0.077, 0.077, 0.077, 0.076, 0.076, 0.076, 0.076, 0.076]
Max test score: 0.529 found at epoch: 100
Max test score shapes: 0.391 found at epoch: 42
