percentFullySupervised0.2
domainLossMultiplier0.01

Test Scores: [0.19, 0.193, 0.21, 0.235, 0.23, 0.248, 0.263, 0.282, 0.269, 0.293, 0.292, 0.32, 0.324, 0.332, 0.331, 0.348, 0.366, 0.378, 0.341, 0.368, 0.371, 0.359, 0.383, 0.366, 0.395, 0.388, 0.409, 0.39, 0.403, 0.399, 0.415, 0.407, 0.418, 0.435, 0.424, 0.419, 0.432, 0.442, 0.442, 0.438, 0.468, 0.457, 0.457, 0.471, 0.484, 0.492, 0.505, 0.498, 0.496, 0.496, 0.504, 0.511, 0.517, 0.493, 0.47, 0.491, 0.509, 0.516, 0.521, 0.505, 0.514, 0.523, 0.522, 0.52, 0.52, 0.535, 0.529, 0.526, 0.509, 0.522, 0.508, 0.502, 0.497, 0.524, 0.533, 0.518, 0.497, 0.526, 0.493, 0.525, 0.509, 0.494, 0.497, 0.518, 0.515, 0.49, 0.502, 0.517, 0.493, 0.5, 0.495, 0.506, 0.51, 0.495, 0.512, 0.494, 0.505, 0.506, 0.477, 0.502]
Test Scores w/o background: [0.048, 0.053, 0.074, 0.095, 0.113, 0.134, 0.142, 0.15, 0.16, 0.167, 0.166, 0.179, 0.181, 0.185, 0.188, 0.199, 0.208, 0.209, 0.199, 0.215, 0.223, 0.22, 0.231, 0.228, 0.239, 0.248, 0.257, 0.25, 0.252, 0.259, 0.268, 0.277, 0.286, 0.295, 0.29, 0.293, 0.307, 0.303, 0.31, 0.315, 0.325, 0.326, 0.33, 0.343, 0.351, 0.366, 0.378, 0.378, 0.371, 0.368, 0.371, 0.368, 0.386, 0.365, 0.358, 0.365, 0.37, 0.365, 0.378, 0.368, 0.353, 0.387, 0.383, 0.387, 0.385, 0.386, 0.392, 0.381, 0.364, 0.379, 0.363, 0.351, 0.349, 0.362, 0.376, 0.353, 0.356, 0.368, 0.335, 0.368, 0.343, 0.329, 0.343, 0.364, 0.355, 0.327, 0.346, 0.347, 0.34, 0.348, 0.324, 0.347, 0.348, 0.335, 0.346, 0.334, 0.334, 0.354, 0.301, 0.335]
Train Scores: [0.19, 0.194, 0.214, 0.243, 0.236, 0.251, 0.268, 0.295, 0.282, 0.307, 0.3, 0.335, 0.338, 0.348, 0.346, 0.366, 0.383, 0.397, 0.357, 0.382, 0.386, 0.375, 0.403, 0.387, 0.418, 0.414, 0.434, 0.42, 0.43, 0.433, 0.438, 0.437, 0.45, 0.465, 0.458, 0.455, 0.469, 0.477, 0.481, 0.48, 0.506, 0.5, 0.499, 0.506, 0.513, 0.513, 0.521, 0.521, 0.519, 0.525, 0.529, 0.526, 0.536, 0.515, 0.49, 0.517, 0.529, 0.533, 0.538, 0.531, 0.531, 0.543, 0.541, 0.543, 0.542, 0.55, 0.546, 0.541, 0.536, 0.544, 0.536, 0.523, 0.528, 0.544, 0.556, 0.541, 0.532, 0.552, 0.515, 0.546, 0.54, 0.518, 0.526, 0.541, 0.538, 0.516, 0.536, 0.534, 0.528, 0.54, 0.515, 0.54, 0.537, 0.527, 0.547, 0.538, 0.53, 0.546, 0.507, 0.533]
Train Scores w/o background: [0.053, 0.06, 0.084, 0.109, 0.125, 0.143, 0.152, 0.167, 0.175, 0.182, 0.176, 0.196, 0.197, 0.202, 0.205, 0.216, 0.225, 0.227, 0.215, 0.227, 0.235, 0.233, 0.251, 0.247, 0.262, 0.276, 0.284, 0.284, 0.282, 0.299, 0.293, 0.31, 0.321, 0.328, 0.329, 0.332, 0.35, 0.344, 0.357, 0.366, 0.372, 0.379, 0.382, 0.386, 0.384, 0.391, 0.393, 0.401, 0.398, 0.4, 0.4, 0.382, 0.405, 0.386, 0.373, 0.39, 0.391, 0.382, 0.395, 0.398, 0.372, 0.409, 0.401, 0.412, 0.407, 0.403, 0.406, 0.398, 0.396, 0.406, 0.393, 0.377, 0.383, 0.385, 0.403, 0.38, 0.395, 0.4, 0.357, 0.395, 0.383, 0.356, 0.378, 0.395, 0.383, 0.36, 0.389, 0.369, 0.384, 0.397, 0.352, 0.389, 0.38, 0.374, 0.392, 0.389, 0.364, 0.404, 0.336, 0.373]
Train Loss: [0.108, 0.108, 0.107, 0.107, 0.106, 0.106, 0.105, 0.104, 0.104, 0.103, 0.102, 0.102, 0.101, 0.1, 0.1, 0.099, 0.098, 0.098, 0.097, 0.096, 0.096, 0.096, 0.095, 0.095, 0.094, 0.093, 0.093, 0.093, 0.092, 0.092, 0.091, 0.091, 0.091, 0.09, 0.09, 0.089, 0.089, 0.088, 0.088, 0.088, 0.087, 0.087, 0.086, 0.086, 0.085, 0.085, 0.085, 0.084, 0.084, 0.083, 0.083, 0.083, 0.082, 0.082, 0.082, 0.081, 0.081, 0.081, 0.081, 0.08, 0.08, 0.08, 0.079, 0.079, 0.079, 0.079, 0.078, 0.078, 0.078, 0.078, 0.077, 0.077, 0.077, 0.077, 0.076, 0.076, 0.076, 0.076, 0.075, 0.075, 0.075, 0.075, 0.075, 0.074, 0.074, 0.074, 0.074, 0.073, 0.073, 0.073, 0.073, 0.073, 0.072, 0.072, 0.072, 0.072, 0.072, 0.071, 0.071, 0.071]
Max test score: 0.535 found at epoch: 66
Max test score shapes: 0.392 found at epoch: 67
