percentFullySupervised0.2
domainLossMultiplier0.01
Active: Adjacencyloss True True 30 0.0001 True False 
Active: Relationsloss True 2 True 0.1 False 
Active: OneHotloss True 15 
Active: Smoothnessloss True 100 
Active: MinSizeShapesloss True 30 
Active: MaxSizeShapesloss True 1 

Test Scores: [0.213, 0.234, 0.259, 0.286, 0.276, 0.323, 0.355, 0.347, 0.335, 0.347, 0.332, 0.352, 0.339, 0.346, 0.339, 0.339, 0.338, 0.357, 0.298, 0.337, 0.308, 0.312, 0.328, 0.291, 0.323, 0.308, 0.316, 0.283, 0.339, 0.318, 0.343, 0.328, 0.332, 0.328, 0.299, 0.332, 0.323, 0.334, 0.293, 0.284, 0.342, 0.334, 0.335, 0.334, 0.367, 0.348, 0.346, 0.309, 0.318, 0.31, 0.352, 0.35, 0.323, 0.332, 0.311, 0.346, 0.332, 0.352, 0.338, 0.353, 0.362, 0.377, 0.32, 0.331, 0.362, 0.342, 0.328, 0.361, 0.37, 0.34, 0.341, 0.314, 0.327, 0.361, 0.35, 0.327, 0.325, 0.338, 0.37, 0.293, 0.363, 0.351, 0.345, 0.338, 0.296, 0.366, 0.395, 0.361, 0.297, 0.332, 0.34, 0.331, 0.312, 0.442, 0.386, 0.302, 0.38, 0.317, 0.348, 0.308]
Test Scores w/o background: [0.054, 0.061, 0.082, 0.08, 0.088, 0.136, 0.179, 0.159, 0.164, 0.164, 0.156, 0.16, 0.159, 0.162, 0.162, 0.162, 0.162, 0.168, 0.145, 0.16, 0.148, 0.15, 0.155, 0.141, 0.151, 0.147, 0.149, 0.137, 0.157, 0.15, 0.16, 0.154, 0.155, 0.157, 0.144, 0.154, 0.152, 0.158, 0.141, 0.137, 0.16, 0.155, 0.156, 0.159, 0.173, 0.167, 0.164, 0.15, 0.151, 0.149, 0.166, 0.166, 0.152, 0.158, 0.146, 0.163, 0.155, 0.165, 0.156, 0.166, 0.168, 0.196, 0.153, 0.158, 0.184, 0.162, 0.156, 0.189, 0.182, 0.165, 0.164, 0.175, 0.164, 0.177, 0.166, 0.155, 0.166, 0.169, 0.183, 0.143, 0.172, 0.167, 0.168, 0.158, 0.142, 0.194, 0.222, 0.186, 0.144, 0.158, 0.161, 0.16, 0.149, 0.294, 0.218, 0.151, 0.196, 0.152, 0.166, 0.148]
Train Scores: [0.211, 0.241, 0.271, 0.302, 0.294, 0.347, 0.379, 0.358, 0.347, 0.358, 0.338, 0.359, 0.348, 0.355, 0.351, 0.349, 0.347, 0.372, 0.31, 0.345, 0.326, 0.323, 0.346, 0.311, 0.345, 0.327, 0.338, 0.304, 0.354, 0.337, 0.363, 0.349, 0.358, 0.349, 0.314, 0.349, 0.342, 0.349, 0.313, 0.306, 0.361, 0.35, 0.348, 0.355, 0.388, 0.369, 0.368, 0.328, 0.34, 0.33, 0.365, 0.369, 0.345, 0.348, 0.323, 0.36, 0.352, 0.371, 0.353, 0.371, 0.379, 0.395, 0.344, 0.348, 0.38, 0.357, 0.343, 0.387, 0.389, 0.357, 0.361, 0.331, 0.343, 0.381, 0.367, 0.346, 0.348, 0.357, 0.388, 0.306, 0.381, 0.366, 0.367, 0.351, 0.31, 0.388, 0.417, 0.382, 0.318, 0.351, 0.356, 0.344, 0.329, 0.472, 0.403, 0.317, 0.401, 0.334, 0.364, 0.328]
Train Scores w/o background: [0.058, 0.068, 0.093, 0.094, 0.103, 0.161, 0.202, 0.162, 0.167, 0.166, 0.154, 0.161, 0.161, 0.165, 0.165, 0.163, 0.163, 0.175, 0.146, 0.161, 0.154, 0.151, 0.162, 0.147, 0.162, 0.154, 0.159, 0.145, 0.165, 0.158, 0.17, 0.164, 0.168, 0.165, 0.15, 0.163, 0.161, 0.164, 0.149, 0.147, 0.168, 0.163, 0.163, 0.171, 0.185, 0.178, 0.175, 0.159, 0.16, 0.156, 0.172, 0.175, 0.162, 0.165, 0.151, 0.171, 0.164, 0.173, 0.163, 0.175, 0.176, 0.206, 0.164, 0.167, 0.193, 0.168, 0.162, 0.208, 0.192, 0.174, 0.174, 0.183, 0.171, 0.188, 0.175, 0.164, 0.176, 0.177, 0.193, 0.148, 0.182, 0.174, 0.179, 0.166, 0.149, 0.207, 0.239, 0.198, 0.153, 0.168, 0.17, 0.166, 0.156, 0.321, 0.225, 0.157, 0.208, 0.159, 0.175, 0.157]
Train Loss: [1.604, 1.354, 0.995, 0.515, 0.25, 0.229, 0.21, 0.191, 0.177, 0.169, 0.161, 0.155, 0.15, 0.146, 0.142, 0.138, 0.134, 0.131, 0.128, 0.125, 0.122, 0.119, 0.117, 0.114, 0.111, 0.109, 0.106, 0.104, 0.102, 0.1, 0.098, 0.096, 0.094, 0.093, 0.092, 0.091, 0.089, 0.089, 0.087, 0.087, 0.086, 0.085, 0.084, 0.083, 0.082, 0.081, 0.081, 0.08, 0.079, 0.078, 0.077, 0.075, 0.074, 0.074, 0.072, 0.072, 0.07, 0.072, 0.069, 0.07, 0.068, 0.068, 0.067, 0.067, 0.066, 0.066, 0.065, 0.063, 0.061, 0.06, 0.06, 0.059, 0.059, 0.059, 0.06, 0.059, 0.058, 0.058, 0.057, 0.058, 0.057, 0.057, 0.057, 0.056, 0.056, 0.056, 0.056, 0.056, 0.056, 0.056, 0.055, 0.056, 0.055, 0.055, 0.055, 0.055, 0.054, 0.054, 0.054, 0.054]
Max test score: 0.442 found at epoch: 94
Max test score shapes: 0.294 found at epoch: 94
