percentFullySupervised0.2
domainLossMultiplier0.01
Active: OneHotloss True 15 
Active: MinSizeShapesloss True 30 
Active: MaxSizeShapesloss True 1 

Test Scores: [0.197, 0.265, 0.291, 0.307, 0.335, 0.356, 0.371, 0.357, 0.331, 0.364, 0.383, 0.382, 0.365, 0.397, 0.418, 0.407, 0.418, 0.408, 0.419, 0.421, 0.421, 0.428, 0.425, 0.445, 0.38, 0.334, 0.415, 0.458, 0.34, 0.363, 0.426, 0.444, 0.371, 0.384, 0.366, 0.369, 0.418, 0.406, 0.392, 0.397, 0.404, 0.419, 0.386, 0.436, 0.4, 0.379, 0.402, 0.414, 0.418, 0.419, 0.42, 0.37, 0.408, 0.419, 0.381, 0.385, 0.416, 0.361, 0.431, 0.398, 0.418, 0.419, 0.383, 0.384, 0.399, 0.404, 0.355, 0.363, 0.4, 0.393, 0.382, 0.424, 0.36, 0.394, 0.419, 0.365, 0.41, 0.407, 0.409, 0.416, 0.407, 0.366, 0.372, 0.349, 0.362, 0.431, 0.337, 0.345, 0.392, 0.362, 0.388, 0.371, 0.433, 0.43, 0.349, 0.403, 0.352, 0.379, 0.442, 0.407]
Test Scores w/o background: [0.093, 0.119, 0.114, 0.116, 0.135, 0.17, 0.195, 0.221, 0.219, 0.233, 0.273, 0.25, 0.301, 0.308, 0.318, 0.33, 0.319, 0.322, 0.334, 0.331, 0.326, 0.333, 0.325, 0.327, 0.287, 0.264, 0.31, 0.324, 0.261, 0.273, 0.311, 0.326, 0.271, 0.275, 0.269, 0.263, 0.295, 0.288, 0.289, 0.281, 0.287, 0.294, 0.271, 0.308, 0.286, 0.243, 0.289, 0.296, 0.294, 0.305, 0.303, 0.269, 0.293, 0.306, 0.278, 0.279, 0.299, 0.272, 0.306, 0.265, 0.306, 0.304, 0.279, 0.278, 0.293, 0.289, 0.263, 0.266, 0.282, 0.286, 0.284, 0.304, 0.268, 0.284, 0.308, 0.264, 0.299, 0.29, 0.292, 0.297, 0.298, 0.269, 0.276, 0.258, 0.261, 0.302, 0.246, 0.26, 0.288, 0.27, 0.286, 0.268, 0.314, 0.312, 0.267, 0.298, 0.27, 0.282, 0.321, 0.293]
Train Scores: [0.195, 0.265, 0.288, 0.303, 0.335, 0.36, 0.388, 0.367, 0.348, 0.392, 0.405, 0.422, 0.378, 0.421, 0.439, 0.433, 0.451, 0.444, 0.453, 0.457, 0.462, 0.455, 0.455, 0.481, 0.394, 0.369, 0.447, 0.47, 0.377, 0.405, 0.446, 0.456, 0.4, 0.412, 0.386, 0.381, 0.426, 0.417, 0.411, 0.402, 0.414, 0.422, 0.402, 0.462, 0.424, 0.397, 0.416, 0.415, 0.425, 0.428, 0.428, 0.383, 0.433, 0.429, 0.41, 0.41, 0.421, 0.376, 0.437, 0.4, 0.442, 0.432, 0.399, 0.404, 0.417, 0.421, 0.378, 0.381, 0.401, 0.417, 0.409, 0.46, 0.372, 0.402, 0.433, 0.375, 0.437, 0.438, 0.416, 0.423, 0.426, 0.393, 0.386, 0.383, 0.374, 0.452, 0.371, 0.384, 0.425, 0.379, 0.409, 0.402, 0.453, 0.456, 0.37, 0.429, 0.377, 0.4, 0.459, 0.435]
Train Scores w/o background: [0.091, 0.109, 0.1, 0.1, 0.124, 0.166, 0.211, 0.228, 0.24, 0.262, 0.292, 0.294, 0.309, 0.328, 0.332, 0.349, 0.347, 0.351, 0.36, 0.363, 0.357, 0.349, 0.347, 0.361, 0.282, 0.279, 0.34, 0.326, 0.285, 0.304, 0.321, 0.33, 0.285, 0.291, 0.278, 0.266, 0.302, 0.293, 0.302, 0.277, 0.285, 0.283, 0.281, 0.328, 0.303, 0.252, 0.3, 0.287, 0.291, 0.313, 0.303, 0.276, 0.317, 0.314, 0.307, 0.3, 0.306, 0.286, 0.314, 0.263, 0.325, 0.311, 0.294, 0.301, 0.313, 0.306, 0.278, 0.278, 0.273, 0.304, 0.305, 0.337, 0.268, 0.282, 0.319, 0.255, 0.322, 0.321, 0.282, 0.298, 0.311, 0.292, 0.286, 0.285, 0.269, 0.325, 0.276, 0.288, 0.32, 0.276, 0.302, 0.296, 0.332, 0.336, 0.279, 0.317, 0.287, 0.304, 0.343, 0.314]
Train Loss: [2.791, 2.016, 1.274, 0.844, 0.55, 0.26, 0.136, 0.133, 0.131, 0.127, 0.125, 0.121, 0.118, 0.115, 0.112, 0.109, 0.107, 0.105, 0.103, 0.101, 0.099, 0.098, 0.096, 0.095, 0.093, 0.092, 0.09, 0.089, 0.087, 0.086, 0.084, 0.082, 0.081, 0.08, 0.078, 0.077, 0.076, 0.075, 0.074, 0.073, 0.072, 0.071, 0.071, 0.07, 0.069, 0.069, 0.068, 0.068, 0.067, 0.067, 0.067, 0.066, 0.066, 0.065, 0.065, 0.065, 0.064, 0.065, 0.065, 0.065, 0.064, 0.063, 0.063, 0.062, 0.062, 0.063, 0.062, 0.062, 0.061, 0.061, 0.061, 0.061, 0.061, 0.06, 0.06, 0.06, 0.059, 0.059, 0.06, 0.06, 0.059, 0.059, 0.058, 0.058, 0.058, 0.058, 0.058, 0.059, 0.058, 0.057, 0.057, 0.057, 0.057, 0.057, 0.056, 0.056, 0.056, 0.056, 0.056, 0.056]
Max test score: 0.458 found at epoch: 28
Max test score shapes: 0.334 found at epoch: 19
