percentFullySupervised0.2
domainLossMultiplier0.01
Active: Adjacencyloss True True 30 0.0001 True False 
Active: Relationsloss True 2 True 0.1 False 
Active: OneHotloss True 15 
Active: Smoothnessloss True 100 
Active: MinSizeShapesloss True 30 
Active: MaxSizeShapesloss True 1 

Test Scores: [0.195, 0.266, 0.29, 0.306, 0.323, 0.334, 0.329, 0.345, 0.34, 0.359, 0.346, 0.35, 0.309, 0.304, 0.323, 0.293, 0.336, 0.371, 0.354, 0.339, 0.36, 0.37, 0.366, 0.386, 0.324, 0.31, 0.367, 0.388, 0.312, 0.32, 0.369, 0.391, 0.352, 0.382, 0.368, 0.357, 0.383, 0.385, 0.384, 0.368, 0.381, 0.403, 0.409, 0.433, 0.388, 0.36, 0.409, 0.4, 0.411, 0.418, 0.434, 0.397, 0.418, 0.455, 0.373, 0.411, 0.413, 0.378, 0.404, 0.388, 0.393, 0.424, 0.366, 0.417, 0.398, 0.411, 0.381, 0.353, 0.401, 0.373, 0.371, 0.407, 0.372, 0.382, 0.43, 0.361, 0.446, 0.441, 0.407, 0.392, 0.408, 0.363, 0.412, 0.351, 0.361, 0.422, 0.346, 0.367, 0.383, 0.357, 0.416, 0.382, 0.466, 0.435, 0.34, 0.454, 0.393, 0.405, 0.438, 0.425]
Test Scores w/o background: [0.099, 0.125, 0.117, 0.117, 0.121, 0.152, 0.153, 0.193, 0.202, 0.204, 0.213, 0.205, 0.223, 0.206, 0.225, 0.212, 0.219, 0.278, 0.269, 0.262, 0.273, 0.275, 0.27, 0.282, 0.245, 0.234, 0.267, 0.277, 0.235, 0.241, 0.268, 0.282, 0.255, 0.272, 0.265, 0.254, 0.275, 0.274, 0.269, 0.259, 0.272, 0.287, 0.287, 0.306, 0.271, 0.26, 0.294, 0.284, 0.293, 0.296, 0.308, 0.286, 0.301, 0.334, 0.271, 0.292, 0.286, 0.271, 0.282, 0.273, 0.279, 0.307, 0.26, 0.298, 0.284, 0.3, 0.273, 0.26, 0.292, 0.276, 0.268, 0.291, 0.27, 0.282, 0.311, 0.262, 0.326, 0.32, 0.292, 0.282, 0.295, 0.262, 0.305, 0.256, 0.265, 0.301, 0.26, 0.279, 0.28, 0.26, 0.308, 0.277, 0.344, 0.312, 0.252, 0.329, 0.293, 0.291, 0.318, 0.303]
Train Scores: [0.192, 0.265, 0.286, 0.303, 0.325, 0.34, 0.34, 0.344, 0.36, 0.384, 0.354, 0.376, 0.324, 0.331, 0.35, 0.318, 0.372, 0.376, 0.363, 0.357, 0.376, 0.387, 0.388, 0.413, 0.347, 0.338, 0.397, 0.409, 0.345, 0.359, 0.394, 0.421, 0.376, 0.414, 0.396, 0.393, 0.405, 0.425, 0.415, 0.41, 0.417, 0.429, 0.443, 0.47, 0.421, 0.395, 0.431, 0.425, 0.44, 0.447, 0.465, 0.425, 0.447, 0.487, 0.399, 0.437, 0.453, 0.41, 0.443, 0.42, 0.422, 0.447, 0.404, 0.44, 0.424, 0.434, 0.408, 0.373, 0.42, 0.391, 0.395, 0.432, 0.394, 0.407, 0.463, 0.376, 0.475, 0.47, 0.431, 0.406, 0.429, 0.389, 0.44, 0.379, 0.382, 0.443, 0.382, 0.397, 0.418, 0.384, 0.443, 0.415, 0.485, 0.469, 0.366, 0.468, 0.417, 0.44, 0.468, 0.451]
Train Scores w/o background: [0.098, 0.114, 0.101, 0.103, 0.112, 0.149, 0.154, 0.189, 0.23, 0.232, 0.227, 0.242, 0.249, 0.238, 0.251, 0.238, 0.258, 0.27, 0.263, 0.265, 0.273, 0.28, 0.282, 0.3, 0.249, 0.246, 0.285, 0.285, 0.246, 0.26, 0.276, 0.297, 0.262, 0.292, 0.279, 0.281, 0.284, 0.306, 0.286, 0.289, 0.293, 0.3, 0.311, 0.336, 0.297, 0.281, 0.305, 0.297, 0.314, 0.315, 0.33, 0.307, 0.322, 0.353, 0.284, 0.308, 0.324, 0.298, 0.313, 0.293, 0.296, 0.322, 0.292, 0.315, 0.303, 0.316, 0.296, 0.272, 0.3, 0.282, 0.286, 0.311, 0.281, 0.294, 0.338, 0.263, 0.349, 0.345, 0.305, 0.289, 0.313, 0.282, 0.327, 0.276, 0.279, 0.318, 0.287, 0.296, 0.305, 0.275, 0.325, 0.305, 0.353, 0.344, 0.27, 0.336, 0.305, 0.322, 0.342, 0.323]
Train Loss: [3.011, 2.246, 1.475, 1.007, 0.697, 0.396, 0.246, 0.22, 0.189, 0.179, 0.172, 0.164, 0.158, 0.154, 0.149, 0.146, 0.141, 0.138, 0.134, 0.131, 0.127, 0.124, 0.122, 0.119, 0.116, 0.114, 0.111, 0.108, 0.106, 0.103, 0.101, 0.098, 0.096, 0.094, 0.091, 0.089, 0.087, 0.085, 0.083, 0.081, 0.079, 0.077, 0.076, 0.074, 0.073, 0.072, 0.071, 0.07, 0.069, 0.068, 0.067, 0.066, 0.066, 0.065, 0.065, 0.064, 0.063, 0.063, 0.063, 0.062, 0.062, 0.061, 0.061, 0.061, 0.061, 0.061, 0.061, 0.06, 0.06, 0.06, 0.06, 0.059, 0.059, 0.059, 0.058, 0.058, 0.058, 0.058, 0.058, 0.057, 0.057, 0.057, 0.057, 0.057, 0.057, 0.057, 0.057, 0.056, 0.056, 0.056, 0.056, 0.056, 0.056, 0.056, 0.055, 0.055, 0.055, 0.054, 0.054, 0.054]
Max test score: 0.466 found at epoch: 93
Max test score shapes: 0.344 found at epoch: 93
