percentFullySupervised0.2
domainLossMultiplier0.05
Active: Adjacencyloss True True 30 0.0001 True False 
Active: Relationsloss True 2 True 0.1 False 
Active: OneHotloss True 15 
Active: Smoothnessloss True 100 
Active: MinSizeShapesloss True 30 
Active: MaxSizeShapesloss True 1 

Test Scores: [0.194, 0.266, 0.29, 0.307, 0.325, 0.342, 0.33, 0.349, 0.329, 0.343, 0.325, 0.322, 0.297, 0.291, 0.317, 0.303, 0.308, 0.331, 0.31, 0.324, 0.333, 0.331, 0.336, 0.351, 0.313, 0.318, 0.349, 0.353, 0.32, 0.337, 0.357, 0.37, 0.333, 0.372, 0.33, 0.329, 0.337, 0.355, 0.346, 0.359, 0.353, 0.381, 0.382, 0.399, 0.417, 0.332, 0.385, 0.393, 0.399, 0.409, 0.386, 0.357, 0.401, 0.398, 0.393, 0.364, 0.424, 0.374, 0.406, 0.346, 0.382, 0.386, 0.357, 0.359, 0.351, 0.344, 0.326, 0.327, 0.39, 0.339, 0.353, 0.369, 0.326, 0.34, 0.338, 0.33, 0.377, 0.382, 0.346, 0.35, 0.352, 0.339, 0.345, 0.318, 0.318, 0.43, 0.352, 0.337, 0.37, 0.358, 0.39, 0.384, 0.402, 0.378, 0.335, 0.393, 0.358, 0.388, 0.384, 0.397]
Test Scores w/o background: [0.099, 0.126, 0.118, 0.121, 0.126, 0.164, 0.163, 0.202, 0.196, 0.195, 0.201, 0.188, 0.219, 0.207, 0.225, 0.221, 0.216, 0.242, 0.236, 0.242, 0.24, 0.236, 0.239, 0.243, 0.229, 0.225, 0.249, 0.249, 0.233, 0.245, 0.253, 0.261, 0.236, 0.259, 0.24, 0.232, 0.239, 0.253, 0.248, 0.251, 0.247, 0.267, 0.265, 0.273, 0.29, 0.241, 0.266, 0.27, 0.268, 0.282, 0.27, 0.253, 0.276, 0.262, 0.27, 0.252, 0.283, 0.256, 0.277, 0.242, 0.268, 0.266, 0.248, 0.245, 0.239, 0.24, 0.242, 0.241, 0.279, 0.22, 0.249, 0.257, 0.227, 0.218, 0.209, 0.224, 0.247, 0.247, 0.242, 0.243, 0.234, 0.233, 0.232, 0.222, 0.235, 0.29, 0.233, 0.226, 0.238, 0.24, 0.26, 0.251, 0.271, 0.244, 0.241, 0.271, 0.248, 0.259, 0.249, 0.274]
Train Scores: [0.191, 0.265, 0.287, 0.305, 0.327, 0.348, 0.338, 0.345, 0.347, 0.363, 0.336, 0.35, 0.309, 0.313, 0.341, 0.327, 0.34, 0.341, 0.324, 0.335, 0.346, 0.347, 0.353, 0.374, 0.332, 0.339, 0.364, 0.378, 0.349, 0.361, 0.387, 0.393, 0.369, 0.404, 0.367, 0.361, 0.365, 0.383, 0.374, 0.382, 0.386, 0.41, 0.416, 0.417, 0.438, 0.357, 0.42, 0.421, 0.429, 0.44, 0.422, 0.395, 0.424, 0.432, 0.418, 0.39, 0.447, 0.408, 0.441, 0.371, 0.404, 0.424, 0.404, 0.398, 0.391, 0.382, 0.36, 0.36, 0.397, 0.362, 0.382, 0.393, 0.352, 0.365, 0.359, 0.355, 0.412, 0.413, 0.36, 0.361, 0.363, 0.365, 0.377, 0.35, 0.343, 0.437, 0.373, 0.357, 0.385, 0.373, 0.411, 0.406, 0.428, 0.422, 0.362, 0.424, 0.4, 0.439, 0.435, 0.434]
Train Scores w/o background: [0.098, 0.115, 0.103, 0.106, 0.117, 0.161, 0.16, 0.197, 0.225, 0.221, 0.221, 0.226, 0.239, 0.229, 0.25, 0.245, 0.247, 0.237, 0.232, 0.24, 0.242, 0.244, 0.249, 0.26, 0.237, 0.24, 0.255, 0.266, 0.25, 0.258, 0.273, 0.275, 0.261, 0.284, 0.261, 0.254, 0.257, 0.27, 0.265, 0.267, 0.27, 0.287, 0.293, 0.286, 0.308, 0.255, 0.294, 0.292, 0.299, 0.31, 0.3, 0.285, 0.297, 0.301, 0.297, 0.275, 0.309, 0.289, 0.312, 0.26, 0.281, 0.299, 0.285, 0.276, 0.273, 0.269, 0.261, 0.259, 0.277, 0.238, 0.265, 0.274, 0.245, 0.238, 0.224, 0.248, 0.282, 0.281, 0.251, 0.252, 0.244, 0.254, 0.26, 0.249, 0.251, 0.296, 0.256, 0.247, 0.258, 0.256, 0.284, 0.272, 0.298, 0.291, 0.259, 0.296, 0.283, 0.307, 0.299, 0.308]
Train Loss: [14.64, 10.858, 7.012, 4.678, 3.151, 1.668, 0.802, 0.756, 0.557, 0.525, 0.532, 0.433, 0.445, 0.413, 0.383, 0.384, 0.361, 0.339, 0.319, 0.301, 0.288, 0.277, 0.267, 0.257, 0.247, 0.237, 0.227, 0.217, 0.208, 0.199, 0.19, 0.181, 0.172, 0.164, 0.158, 0.15, 0.144, 0.138, 0.131, 0.126, 0.121, 0.116, 0.112, 0.108, 0.103, 0.1, 0.097, 0.098, 0.091, 0.088, 0.087, 0.083, 0.084, 0.079, 0.078, 0.076, 0.076, 0.076, 0.071, 0.07, 0.071, 0.069, 0.069, 0.067, 0.066, 0.072, 0.067, 0.064, 0.064, 0.064, 0.063, 0.066, 0.069, 0.069, 0.062, 0.062, 0.062, 0.077, 0.06, 0.06, 0.06, 0.06, 0.06, 0.059, 0.059, 0.059, 0.062, 0.061, 0.06, 0.06, 0.063, 0.062, 0.059, 0.059, 0.059, 0.057, 0.059, 0.064, 0.061, 0.06]
Max test score: 0.43 found at epoch: 86
Max test score shapes: 0.29 found at epoch: 45
