percentFullySupervised0.2
domainLossMultiplier0.01
Active: MinSizeShapesloss True 30 
Active: MaxSizeShapesloss True 1 

Test Scores: [0.197, 0.266, 0.292, 0.308, 0.336, 0.357, 0.363, 0.362, 0.37, 0.39, 0.393, 0.396, 0.375, 0.393, 0.395, 0.388, 0.398, 0.403, 0.409, 0.41, 0.417, 0.419, 0.413, 0.416, 0.431, 0.421, 0.44, 0.455, 0.436, 0.45, 0.46, 0.452, 0.453, 0.484, 0.466, 0.466, 0.466, 0.482, 0.477, 0.475, 0.491, 0.488, 0.489, 0.486, 0.49, 0.471, 0.501, 0.494, 0.512, 0.515, 0.516, 0.506, 0.515, 0.526, 0.516, 0.516, 0.512, 0.512, 0.506, 0.522, 0.511, 0.518, 0.521, 0.514, 0.519, 0.518, 0.525, 0.518, 0.517, 0.512, 0.509, 0.517, 0.516, 0.516, 0.523, 0.532, 0.485, 0.493, 0.52, 0.531, 0.516, 0.516, 0.493, 0.505, 0.526, 0.517, 0.505, 0.524, 0.523, 0.538, 0.529, 0.506, 0.539, 0.519, 0.539, 0.514, 0.518, 0.512, 0.513, 0.529]
Test Scores w/o background: [0.093, 0.12, 0.115, 0.116, 0.135, 0.169, 0.177, 0.198, 0.211, 0.212, 0.225, 0.207, 0.229, 0.221, 0.226, 0.222, 0.223, 0.25, 0.266, 0.255, 0.266, 0.266, 0.267, 0.26, 0.302, 0.28, 0.3, 0.305, 0.308, 0.303, 0.308, 0.303, 0.32, 0.341, 0.32, 0.326, 0.316, 0.342, 0.331, 0.326, 0.345, 0.342, 0.331, 0.326, 0.329, 0.34, 0.353, 0.344, 0.361, 0.365, 0.366, 0.369, 0.363, 0.375, 0.371, 0.37, 0.356, 0.36, 0.341, 0.37, 0.349, 0.36, 0.374, 0.36, 0.377, 0.364, 0.372, 0.371, 0.371, 0.353, 0.356, 0.359, 0.363, 0.375, 0.37, 0.393, 0.307, 0.319, 0.357, 0.38, 0.353, 0.354, 0.322, 0.34, 0.382, 0.348, 0.334, 0.37, 0.361, 0.379, 0.363, 0.337, 0.379, 0.356, 0.394, 0.346, 0.358, 0.344, 0.342, 0.367]
Train Scores: [0.196, 0.265, 0.288, 0.304, 0.336, 0.361, 0.368, 0.364, 0.38, 0.41, 0.429, 0.432, 0.412, 0.439, 0.441, 0.436, 0.445, 0.446, 0.448, 0.449, 0.455, 0.454, 0.446, 0.452, 0.452, 0.445, 0.463, 0.475, 0.45, 0.465, 0.478, 0.469, 0.471, 0.494, 0.477, 0.478, 0.483, 0.495, 0.491, 0.487, 0.502, 0.498, 0.505, 0.504, 0.502, 0.493, 0.519, 0.516, 0.528, 0.526, 0.53, 0.524, 0.536, 0.541, 0.538, 0.538, 0.536, 0.537, 0.531, 0.546, 0.543, 0.545, 0.547, 0.545, 0.54, 0.548, 0.548, 0.541, 0.55, 0.546, 0.542, 0.55, 0.546, 0.553, 0.555, 0.562, 0.514, 0.517, 0.55, 0.558, 0.535, 0.536, 0.515, 0.527, 0.55, 0.541, 0.529, 0.549, 0.542, 0.557, 0.544, 0.529, 0.563, 0.546, 0.564, 0.538, 0.547, 0.537, 0.533, 0.547]
Train Scores w/o background: [0.091, 0.11, 0.1, 0.1, 0.125, 0.165, 0.176, 0.19, 0.215, 0.233, 0.269, 0.252, 0.271, 0.278, 0.281, 0.279, 0.28, 0.3, 0.308, 0.299, 0.307, 0.305, 0.303, 0.302, 0.324, 0.307, 0.326, 0.334, 0.325, 0.324, 0.332, 0.325, 0.339, 0.353, 0.333, 0.336, 0.335, 0.357, 0.346, 0.335, 0.355, 0.35, 0.349, 0.347, 0.341, 0.362, 0.375, 0.369, 0.378, 0.377, 0.381, 0.388, 0.386, 0.391, 0.392, 0.392, 0.383, 0.387, 0.371, 0.396, 0.39, 0.394, 0.403, 0.398, 0.403, 0.401, 0.4, 0.4, 0.412, 0.395, 0.396, 0.4, 0.398, 0.418, 0.406, 0.426, 0.343, 0.347, 0.395, 0.413, 0.376, 0.377, 0.348, 0.365, 0.408, 0.379, 0.365, 0.4, 0.383, 0.403, 0.383, 0.365, 0.409, 0.388, 0.423, 0.374, 0.393, 0.374, 0.366, 0.388]
Train Loss: [2.749, 1.976, 1.235, 0.806, 0.512, 0.224, 0.102, 0.098, 0.097, 0.097, 0.097, 0.096, 0.096, 0.096, 0.095, 0.095, 0.095, 0.094, 0.094, 0.094, 0.093, 0.093, 0.092, 0.092, 0.092, 0.091, 0.091, 0.09, 0.09, 0.089, 0.089, 0.089, 0.088, 0.088, 0.088, 0.087, 0.087, 0.087, 0.086, 0.086, 0.086, 0.085, 0.085, 0.085, 0.084, 0.084, 0.084, 0.084, 0.083, 0.083, 0.083, 0.083, 0.082, 0.082, 0.082, 0.082, 0.081, 0.081, 0.081, 0.081, 0.081, 0.08, 0.08, 0.08, 0.08, 0.079, 0.079, 0.079, 0.079, 0.079, 0.078, 0.078, 0.078, 0.078, 0.078, 0.077, 0.077, 0.077, 0.077, 0.077, 0.076, 0.076, 0.076, 0.076, 0.076, 0.076, 0.075, 0.075, 0.075, 0.075, 0.075, 0.075, 0.074, 0.074, 0.074, 0.074, 0.074, 0.074, 0.073, 0.073]
Max test score: 0.539 found at epoch: 95
Max test score shapes: 0.394 found at epoch: 95
