seed 42
FullySupervisedPercentage: 0
logic loss multiplier: 0.01
Active: ImageLevelloss True True False 2 
Active: Arealoss True False 1 10 False 
Active: Adjacencyloss True True 30 0.0001 False False 
Active: OneHotloss True 20 
Active: MinSizeBackgroundloss True 1 
Active: MaxSizeBackgroundloss True 20 
Active: MinSizeShapesloss True 30 
Active: MaxSizeShapesloss True 1 

Test Scores: [0.215, 0.224, 0.232, 0.275, 0.267, 0.254, 0.261, 0.248, 0.248, 0.251, 0.252, 0.246, 0.248, 0.262, 0.242, 0.248, 0.266, 0.268, 0.262, 0.284, 0.258, 0.29, 0.274, 0.277, 0.27, 0.265, 0.278, 0.277, 0.28, 0.287, 0.258, 0.258, 0.283, 0.29, 0.282, 0.313, 0.297, 0.283, 0.322, 0.318, 0.314, 0.341, 0.357, 0.399, 0.45, 0.468, 0.524, 0.427, 0.548, 0.571, 0.595, 0.586, 0.604, 0.616, 0.599, 0.598, 0.622, 0.635, 0.649, 0.645, 0.648, 0.688, 0.667, 0.622, 0.696, 0.71, 0.602, 0.701, 0.692, 0.707, 0.683, 0.677, 0.709, 0.738, 0.69, 0.688, 0.709, 0.725, 0.665, 0.729, 0.692, 0.714, 0.675, 0.677, 0.657, 0.742, 0.701, 0.732, 0.743, 0.652, 0.723, 0.698, 0.699, 0.742, 0.733, 0.72, 0.719, 0.707, 0.722, 0.757, 0.73, 0.716, 0.702, 0.751, 0.742, 0.732, 0.673, 0.726, 0.715, 0.703, 0.718, 0.748, 0.734, 0.736, 0.738, 0.712, 0.677, 0.698, 0.729, 0.726, 0.74, 0.707, 0.725, 0.724, 0.707, 0.721, 0.745, 0.704, 0.739, 0.738, 0.698, 0.717, 0.756, 0.732, 0.74, 0.737, 0.758, 0.715, 0.741, 0.647, 0.743, 0.7, 0.77, 0.777, 0.726, 0.767, 0.771, 0.739, 0.749, 0.757, 0.747, 0.744, 0.739, 0.753, 0.759, 0.696, 0.754, 0.772, 0.759, 0.755, 0.732, 0.73, 0.761, 0.765, 0.735, 0.746, 0.75, 0.752, 0.747, 0.758, 0.757, 0.727, 0.717, 0.741, 0.762, 0.744, 0.761, 0.706, 0.748, 0.767, 0.759, 0.76, 0.768, 0.709, 0.742, 0.72, 0.755, 0.752, 0.751, 0.751, 0.747, 0.762, 0.758, 0.717, 0.745, 0.77, 0.708, 0.775, 0.746, 0.747, 0.708, 0.711, 0.74, 0.766, 0.758, 0.721, 0.73, 0.733, 0.732, 0.74, 0.722, 0.743, 0.743, 0.761, 0.727, 0.741, 0.755, 0.759, 0.746, 0.739, 0.75, 0.724, 0.762, 0.741, 0.733, 0.748, 0.75, 0.749, 0.732, 0.756, 0.764, 0.758, 0.758, 0.749, 0.751, 0.732, 0.756, 0.775, 0.738, 0.763]
Test Scores w/o background: [0.046, 0.072, 0.089, 0.077, 0.049, 0.029, 0.037, 0.021, 0.021, 0.025, 0.027, 0.02, 0.021, 0.037, 0.012, 0.02, 0.043, 0.047, 0.039, 0.065, 0.033, 0.075, 0.055, 0.058, 0.048, 0.042, 0.058, 0.057, 0.062, 0.071, 0.034, 0.034, 0.065, 0.074, 0.065, 0.104, 0.084, 0.066, 0.115, 0.11, 0.105, 0.138, 0.159, 0.213, 0.281, 0.304, 0.377, 0.249, 0.407, 0.437, 0.47, 0.456, 0.479, 0.496, 0.474, 0.471, 0.502, 0.519, 0.538, 0.533, 0.536, 0.59, 0.562, 0.501, 0.599, 0.619, 0.475, 0.607, 0.593, 0.614, 0.582, 0.574, 0.616, 0.655, 0.591, 0.588, 0.616, 0.637, 0.557, 0.643, 0.594, 0.623, 0.571, 0.573, 0.547, 0.66, 0.606, 0.647, 0.661, 0.54, 0.635, 0.602, 0.603, 0.66, 0.648, 0.631, 0.63, 0.614, 0.634, 0.68, 0.644, 0.625, 0.606, 0.672, 0.66, 0.647, 0.568, 0.639, 0.624, 0.608, 0.628, 0.669, 0.65, 0.652, 0.655, 0.62, 0.574, 0.602, 0.642, 0.639, 0.658, 0.613, 0.638, 0.636, 0.613, 0.632, 0.665, 0.61, 0.656, 0.655, 0.601, 0.627, 0.678, 0.647, 0.658, 0.654, 0.682, 0.624, 0.659, 0.533, 0.661, 0.604, 0.697, 0.706, 0.638, 0.693, 0.698, 0.656, 0.669, 0.68, 0.667, 0.662, 0.656, 0.674, 0.683, 0.599, 0.676, 0.699, 0.683, 0.677, 0.647, 0.644, 0.685, 0.691, 0.651, 0.665, 0.671, 0.673, 0.666, 0.682, 0.681, 0.64, 0.627, 0.659, 0.687, 0.662, 0.685, 0.612, 0.668, 0.693, 0.683, 0.684, 0.695, 0.616, 0.661, 0.631, 0.677, 0.673, 0.672, 0.672, 0.666, 0.687, 0.682, 0.627, 0.664, 0.698, 0.615, 0.705, 0.666, 0.667, 0.614, 0.619, 0.657, 0.692, 0.682, 0.633, 0.644, 0.648, 0.647, 0.658, 0.633, 0.661, 0.662, 0.685, 0.64, 0.659, 0.677, 0.683, 0.665, 0.656, 0.671, 0.636, 0.687, 0.658, 0.647, 0.668, 0.671, 0.669, 0.647, 0.679, 0.69, 0.682, 0.682, 0.669, 0.672, 0.647, 0.679, 0.704, 0.654, 0.688]
Train Scores: [0.222, 0.231, 0.222, 0.272, 0.266, 0.253, 0.259, 0.249, 0.248, 0.25, 0.254, 0.245, 0.249, 0.26, 0.244, 0.251, 0.261, 0.264, 0.257, 0.268, 0.266, 0.274, 0.269, 0.274, 0.276, 0.279, 0.277, 0.279, 0.274, 0.291, 0.278, 0.268, 0.297, 0.29, 0.288, 0.303, 0.302, 0.293, 0.345, 0.362, 0.353, 0.389, 0.394, 0.428, 0.471, 0.543, 0.554, 0.51, 0.586, 0.622, 0.644, 0.64, 0.661, 0.657, 0.643, 0.669, 0.677, 0.708, 0.683, 0.716, 0.712, 0.717, 0.738, 0.694, 0.756, 0.742, 0.699, 0.762, 0.752, 0.734, 0.735, 0.734, 0.77, 0.782, 0.744, 0.774, 0.77, 0.765, 0.736, 0.781, 0.757, 0.765, 0.769, 0.743, 0.75, 0.771, 0.773, 0.79, 0.79, 0.748, 0.78, 0.775, 0.768, 0.788, 0.793, 0.777, 0.79, 0.792, 0.77, 0.796, 0.795, 0.796, 0.763, 0.793, 0.775, 0.785, 0.773, 0.782, 0.763, 0.757, 0.783, 0.792, 0.792, 0.782, 0.787, 0.793, 0.767, 0.775, 0.797, 0.792, 0.782, 0.803, 0.807, 0.793, 0.798, 0.775, 0.8, 0.793, 0.786, 0.791, 0.78, 0.766, 0.811, 0.789, 0.805, 0.794, 0.8, 0.792, 0.789, 0.747, 0.782, 0.776, 0.81, 0.813, 0.784, 0.8, 0.812, 0.785, 0.805, 0.801, 0.812, 0.788, 0.787, 0.806, 0.814, 0.773, 0.808, 0.803, 0.81, 0.811, 0.795, 0.799, 0.812, 0.805, 0.801, 0.811, 0.81, 0.807, 0.792, 0.805, 0.815, 0.795, 0.79, 0.798, 0.81, 0.8, 0.809, 0.763, 0.793, 0.813, 0.803, 0.811, 0.801, 0.782, 0.797, 0.787, 0.8, 0.8, 0.797, 0.799, 0.799, 0.809, 0.81, 0.79, 0.801, 0.814, 0.796, 0.812, 0.809, 0.806, 0.789, 0.795, 0.8, 0.81, 0.81, 0.792, 0.804, 0.797, 0.8, 0.794, 0.784, 0.794, 0.79, 0.815, 0.792, 0.807, 0.812, 0.809, 0.809, 0.801, 0.812, 0.801, 0.81, 0.809, 0.81, 0.81, 0.809, 0.807, 0.808, 0.81, 0.814, 0.803, 0.813, 0.812, 0.801, 0.773, 0.812, 0.816, 0.802, 0.813]
Train Scores w/o background: [0.055, 0.08, 0.075, 0.073, 0.048, 0.027, 0.033, 0.022, 0.021, 0.023, 0.027, 0.017, 0.02, 0.034, 0.014, 0.023, 0.036, 0.039, 0.032, 0.044, 0.042, 0.053, 0.046, 0.052, 0.054, 0.058, 0.056, 0.059, 0.052, 0.074, 0.058, 0.045, 0.082, 0.073, 0.071, 0.09, 0.089, 0.077, 0.144, 0.167, 0.156, 0.201, 0.209, 0.253, 0.309, 0.403, 0.417, 0.359, 0.458, 0.505, 0.535, 0.528, 0.556, 0.551, 0.532, 0.565, 0.576, 0.617, 0.583, 0.627, 0.622, 0.629, 0.657, 0.597, 0.679, 0.662, 0.604, 0.688, 0.675, 0.65, 0.652, 0.651, 0.698, 0.714, 0.663, 0.704, 0.698, 0.692, 0.653, 0.712, 0.68, 0.69, 0.696, 0.661, 0.671, 0.699, 0.701, 0.725, 0.724, 0.668, 0.711, 0.705, 0.694, 0.721, 0.728, 0.707, 0.724, 0.727, 0.698, 0.732, 0.73, 0.731, 0.688, 0.728, 0.704, 0.718, 0.701, 0.714, 0.688, 0.68, 0.715, 0.727, 0.727, 0.713, 0.72, 0.729, 0.694, 0.704, 0.733, 0.726, 0.713, 0.741, 0.746, 0.728, 0.734, 0.704, 0.737, 0.728, 0.719, 0.725, 0.711, 0.692, 0.752, 0.723, 0.744, 0.73, 0.738, 0.727, 0.722, 0.667, 0.714, 0.706, 0.75, 0.754, 0.716, 0.737, 0.754, 0.718, 0.744, 0.739, 0.753, 0.722, 0.72, 0.746, 0.755, 0.701, 0.748, 0.741, 0.751, 0.751, 0.731, 0.736, 0.753, 0.744, 0.738, 0.752, 0.75, 0.747, 0.726, 0.744, 0.757, 0.731, 0.724, 0.735, 0.75, 0.738, 0.749, 0.689, 0.728, 0.755, 0.742, 0.752, 0.739, 0.713, 0.734, 0.72, 0.737, 0.737, 0.734, 0.736, 0.736, 0.749, 0.751, 0.724, 0.739, 0.756, 0.733, 0.753, 0.749, 0.745, 0.722, 0.73, 0.738, 0.75, 0.75, 0.727, 0.743, 0.733, 0.737, 0.729, 0.716, 0.73, 0.724, 0.757, 0.727, 0.747, 0.753, 0.749, 0.749, 0.739, 0.753, 0.739, 0.751, 0.75, 0.75, 0.75, 0.749, 0.746, 0.748, 0.751, 0.756, 0.742, 0.755, 0.753, 0.739, 0.701, 0.753, 0.759, 0.74, 0.754]
Train Loss: [3.018, 2.403, 2.036, 1.75, 1.535, 1.356, 1.181, 1.008, 0.856, 0.735, 0.604, 0.463, 0.35, 0.268, 0.219, 0.188, 0.167, 0.152, 0.141, 0.133, 0.127, 0.122, 0.118, 0.115, 0.113, 0.108, 0.107, 0.104, 0.1, 0.097, 0.095, 0.096, 0.091, 0.088, 0.083, 0.082, 0.082, 0.075, 0.077, 0.073, 0.067, 0.061, 0.055, 0.051, 0.045, 0.041, 0.036, 0.03, 0.025, 0.022, 0.017, 0.015, 0.014, 0.013, 0.011, 0.01, 0.009, 0.009, 0.008, 0.008, 0.007, 0.007, 0.006, 0.006, 0.006, 0.005, 0.005, 0.005, 0.005, 0.005, 0.004, 0.004, 0.004, 0.004, 0.004, 0.004, 0.003, 0.003, 0.003, 0.003, 0.003, 0.003, 0.003, 0.003, 0.003, 0.003, 0.003, 0.003, 0.002, 0.003, 0.002, 0.003, 0.003, 0.002, 0.002, 0.002, 0.002, 0.002, 0.002, 0.002, 0.002, 0.002, 0.002, 0.002, 0.002, 0.002, 0.002, 0.002, 0.002, 0.002, 0.002, 0.002, 0.002, 0.002, 0.002, 0.002, 0.002, 0.002, 0.002, 0.002, 0.002, 0.002, 0.002, 0.002, 0.001, 0.001, 0.002, 0.001, 0.001, 0.002, 0.001, 0.001, 0.001, 0.001, 0.001, 0.001, 0.001, 0.001, 0.001, 0.001, 0.001, 0.001, 0.001, 0.001, 0.001, 0.001, 0.001, 0.001, 0.001, 0.001, 0.001, 0.001, 0.001, 0.001, 0.001, 0.001, 0.001, 0.001, 0.001, 0.001, 0.001, 0.001, 0.001, 0.001, 0.002, 0.001, 0.001, 0.001, 0.001, 0.001, 0.001, 0.001, 0.001, 0.001, 0.001, 0.001, 0.001, 0.001, 0.001, 0.001, 0.001, 0.001, 0.001, 0.001, 0.001, 0.001, 0.001, 0.001, 0.001, 0.001, 0.001, 0.001, 0.001, 0.001, 0.001, 0.001, 0.001, 0.001, 0.001, 0.001, 0.001, 0.001, 0.001, 0.001, 0.001, 0.001, 0.001, 0.001, 0.001, 0.001, 0.001, 0.001, 0.001, 0.001, 0.001, 0.001, 0.001, 0.001, 0.001, 0.001, 0.001, 0.001, 0.001, 0.001, 0.001, 0.001, 0.001, 0.001, 0.001, 0.001, 0.001, 0.001, 0.001, 0.001, 0.001, 0.001, 0.001, 0.001, 0.001, 0.001]
Max test score: 0.777 found at epoch: 144
Max test score shapes: 0.706 found at epoch: 144
Avg generalisation ratio: 0.905
Avg generalisation diff: 0.065