seed 42
FullySupervisedPercentage: 0
logic loss multiplier: 0.01
Active: ImageLevelloss True True False 2 
Active: Adjacencyloss True True 30 0.0001 False False 
Active: Relationsloss True 2 True 0.1 True 
Active: OneHotloss True 20 
Active: MinSizeBackgroundloss True 1 
Active: MaxSizeBackgroundloss True 20 
Active: MinSizeShapesloss True 30 
Active: MaxSizeShapesloss True 1 

Test Scores: [0.195, 0.316, 0.354, 0.295, 0.27, 0.253, 0.256, 0.25, 0.242, 0.249, 0.239, 0.239, 0.238, 0.242, 0.239, 0.237, 0.241, 0.237, 0.237, 0.237, 0.237, 0.236, 0.239, 0.242, 0.243, 0.239, 0.24, 0.236, 0.238, 0.236, 0.235, 0.243, 0.242, 0.247, 0.252, 0.243, 0.237, 0.239, 0.238, 0.239, 0.249, 0.241, 0.239, 0.254, 0.268, 0.301, 0.284, 0.286, 0.296, 0.3, 0.315, 0.285, 0.3, 0.302, 0.317, 0.31, 0.322, 0.324, 0.32, 0.351, 0.391, 0.371, 0.401, 0.385, 0.419, 0.447, 0.411, 0.429, 0.454, 0.464, 0.464, 0.454, 0.464, 0.471, 0.477, 0.471, 0.489, 0.513, 0.444, 0.48, 0.476, 0.484, 0.491, 0.492, 0.504, 0.494, 0.548, 0.527, 0.523, 0.521, 0.541, 0.552, 0.52, 0.511, 0.486, 0.537, 0.565, 0.553, 0.575, 0.565, 0.568, 0.544, 0.545, 0.576, 0.575, 0.56, 0.556, 0.574, 0.564, 0.597, 0.587, 0.588, 0.567, 0.579, 0.577, 0.585, 0.591, 0.576, 0.593, 0.617, 0.585, 0.588, 0.589, 0.602, 0.611, 0.615, 0.64, 0.579, 0.577, 0.613, 0.55, 0.62, 0.569, 0.61, 0.576, 0.611, 0.582, 0.588, 0.612, 0.59, 0.649, 0.589, 0.629, 0.623, 0.629, 0.647, 0.6, 0.619, 0.613, 0.625, 0.641, 0.648, 0.604, 0.604, 0.629, 0.571, 0.621, 0.605, 0.654, 0.623, 0.608, 0.605, 0.665, 0.659, 0.661, 0.632, 0.641, 0.615, 0.661, 0.674, 0.66, 0.666, 0.615, 0.646, 0.613, 0.65, 0.652, 0.662, 0.667, 0.686, 0.662, 0.688, 0.672, 0.644, 0.667, 0.692, 0.641, 0.612, 0.604, 0.625, 0.685, 0.685, 0.632, 0.62, 0.688, 0.695, 0.609, 0.638, 0.68, 0.708, 0.683, 0.641, 0.685, 0.666, 0.682, 0.664, 0.657, 0.664, 0.622, 0.671, 0.646, 0.685, 0.648, 0.653, 0.688, 0.689, 0.677, 0.709, 0.687, 0.676, 0.672, 0.645, 0.667, 0.664, 0.634, 0.67, 0.625, 0.691, 0.651, 0.712, 0.704, 0.678, 0.706, 0.686, 0.696, 0.688, 0.719, 0.731, 0.687, 0.669]
Test Scores w/o background: [0.057, 0.138, 0.152, 0.079, 0.048, 0.027, 0.03, 0.023, 0.015, 0.021, 0.009, 0.008, 0.007, 0.013, 0.01, 0.006, 0.012, 0.007, 0.007, 0.007, 0.007, 0.005, 0.01, 0.013, 0.014, 0.009, 0.01, 0.006, 0.009, 0.007, 0.005, 0.017, 0.013, 0.02, 0.026, 0.015, 0.013, 0.011, 0.011, 0.011, 0.026, 0.012, 0.011, 0.029, 0.045, 0.085, 0.065, 0.067, 0.077, 0.083, 0.102, 0.064, 0.083, 0.085, 0.104, 0.095, 0.112, 0.114, 0.108, 0.148, 0.203, 0.181, 0.22, 0.194, 0.24, 0.278, 0.231, 0.256, 0.287, 0.302, 0.301, 0.286, 0.299, 0.309, 0.318, 0.307, 0.331, 0.363, 0.271, 0.322, 0.315, 0.323, 0.332, 0.334, 0.35, 0.335, 0.406, 0.382, 0.375, 0.37, 0.399, 0.412, 0.37, 0.359, 0.323, 0.39, 0.43, 0.413, 0.441, 0.429, 0.432, 0.403, 0.403, 0.443, 0.442, 0.422, 0.418, 0.441, 0.427, 0.472, 0.458, 0.459, 0.431, 0.446, 0.444, 0.456, 0.463, 0.443, 0.467, 0.497, 0.455, 0.458, 0.462, 0.478, 0.489, 0.493, 0.527, 0.447, 0.444, 0.491, 0.406, 0.5, 0.433, 0.487, 0.444, 0.49, 0.449, 0.458, 0.49, 0.46, 0.539, 0.459, 0.512, 0.504, 0.513, 0.537, 0.475, 0.499, 0.492, 0.507, 0.528, 0.538, 0.478, 0.48, 0.512, 0.434, 0.502, 0.479, 0.546, 0.504, 0.484, 0.48, 0.56, 0.552, 0.555, 0.515, 0.529, 0.494, 0.555, 0.573, 0.554, 0.56, 0.492, 0.535, 0.491, 0.54, 0.543, 0.555, 0.563, 0.587, 0.556, 0.59, 0.568, 0.532, 0.562, 0.595, 0.527, 0.489, 0.478, 0.506, 0.585, 0.586, 0.515, 0.499, 0.589, 0.6, 0.485, 0.524, 0.579, 0.616, 0.584, 0.527, 0.586, 0.561, 0.582, 0.557, 0.548, 0.557, 0.501, 0.566, 0.533, 0.586, 0.536, 0.543, 0.59, 0.591, 0.576, 0.617, 0.588, 0.573, 0.569, 0.533, 0.561, 0.558, 0.518, 0.566, 0.505, 0.594, 0.54, 0.623, 0.611, 0.576, 0.613, 0.587, 0.601, 0.589, 0.632, 0.647, 0.589, 0.564]
Train Scores: [0.189, 0.298, 0.357, 0.297, 0.279, 0.258, 0.262, 0.256, 0.247, 0.254, 0.244, 0.243, 0.24, 0.246, 0.242, 0.24, 0.244, 0.24, 0.239, 0.241, 0.24, 0.239, 0.243, 0.246, 0.248, 0.242, 0.244, 0.239, 0.241, 0.237, 0.237, 0.245, 0.243, 0.25, 0.255, 0.244, 0.238, 0.241, 0.241, 0.239, 0.25, 0.243, 0.243, 0.262, 0.279, 0.299, 0.291, 0.297, 0.319, 0.304, 0.341, 0.304, 0.327, 0.32, 0.332, 0.333, 0.374, 0.37, 0.359, 0.397, 0.451, 0.405, 0.443, 0.414, 0.495, 0.497, 0.466, 0.488, 0.53, 0.534, 0.549, 0.536, 0.547, 0.537, 0.565, 0.574, 0.579, 0.572, 0.528, 0.577, 0.552, 0.588, 0.553, 0.578, 0.609, 0.609, 0.636, 0.59, 0.617, 0.642, 0.625, 0.646, 0.625, 0.605, 0.579, 0.637, 0.637, 0.634, 0.649, 0.638, 0.671, 0.606, 0.63, 0.669, 0.671, 0.663, 0.66, 0.665, 0.672, 0.665, 0.679, 0.675, 0.678, 0.672, 0.677, 0.665, 0.685, 0.664, 0.677, 0.697, 0.673, 0.699, 0.685, 0.693, 0.691, 0.682, 0.707, 0.687, 0.677, 0.707, 0.655, 0.708, 0.69, 0.677, 0.67, 0.692, 0.699, 0.691, 0.668, 0.712, 0.715, 0.702, 0.713, 0.716, 0.719, 0.69, 0.705, 0.712, 0.71, 0.701, 0.724, 0.725, 0.706, 0.691, 0.726, 0.661, 0.71, 0.695, 0.722, 0.718, 0.706, 0.716, 0.731, 0.731, 0.716, 0.722, 0.725, 0.714, 0.733, 0.731, 0.745, 0.724, 0.711, 0.722, 0.722, 0.737, 0.714, 0.745, 0.747, 0.732, 0.729, 0.75, 0.753, 0.72, 0.748, 0.741, 0.736, 0.713, 0.718, 0.686, 0.749, 0.739, 0.72, 0.726, 0.739, 0.751, 0.691, 0.685, 0.748, 0.763, 0.748, 0.705, 0.738, 0.749, 0.745, 0.741, 0.742, 0.732, 0.729, 0.737, 0.745, 0.746, 0.746, 0.755, 0.762, 0.744, 0.751, 0.759, 0.761, 0.758, 0.739, 0.741, 0.748, 0.748, 0.69, 0.749, 0.739, 0.756, 0.709, 0.746, 0.762, 0.734, 0.761, 0.76, 0.767, 0.771, 0.766, 0.765, 0.765, 0.736]
Train Scores w/o background: [0.046, 0.115, 0.156, 0.082, 0.058, 0.032, 0.037, 0.03, 0.02, 0.026, 0.014, 0.012, 0.01, 0.017, 0.012, 0.009, 0.014, 0.009, 0.008, 0.01, 0.01, 0.008, 0.013, 0.017, 0.019, 0.012, 0.014, 0.009, 0.012, 0.008, 0.007, 0.018, 0.014, 0.023, 0.029, 0.016, 0.015, 0.011, 0.014, 0.011, 0.027, 0.014, 0.016, 0.039, 0.058, 0.084, 0.073, 0.083, 0.109, 0.089, 0.136, 0.088, 0.118, 0.109, 0.124, 0.126, 0.179, 0.174, 0.16, 0.211, 0.284, 0.23, 0.279, 0.235, 0.344, 0.347, 0.306, 0.336, 0.391, 0.396, 0.415, 0.397, 0.41, 0.399, 0.437, 0.446, 0.453, 0.444, 0.385, 0.452, 0.418, 0.463, 0.417, 0.45, 0.491, 0.491, 0.525, 0.467, 0.501, 0.533, 0.513, 0.54, 0.511, 0.486, 0.449, 0.526, 0.527, 0.523, 0.542, 0.527, 0.57, 0.486, 0.516, 0.568, 0.57, 0.561, 0.557, 0.563, 0.571, 0.563, 0.581, 0.576, 0.58, 0.571, 0.578, 0.563, 0.589, 0.561, 0.579, 0.605, 0.573, 0.607, 0.588, 0.598, 0.597, 0.584, 0.617, 0.591, 0.578, 0.617, 0.548, 0.618, 0.595, 0.578, 0.569, 0.597, 0.606, 0.597, 0.565, 0.624, 0.627, 0.609, 0.625, 0.63, 0.634, 0.594, 0.615, 0.624, 0.621, 0.61, 0.638, 0.641, 0.616, 0.596, 0.643, 0.555, 0.621, 0.601, 0.637, 0.631, 0.615, 0.629, 0.649, 0.648, 0.629, 0.636, 0.64, 0.626, 0.651, 0.649, 0.668, 0.639, 0.621, 0.636, 0.637, 0.656, 0.627, 0.666, 0.67, 0.65, 0.646, 0.674, 0.678, 0.634, 0.671, 0.662, 0.655, 0.624, 0.631, 0.589, 0.671, 0.659, 0.632, 0.641, 0.659, 0.674, 0.595, 0.587, 0.67, 0.69, 0.671, 0.613, 0.657, 0.671, 0.666, 0.66, 0.662, 0.648, 0.645, 0.656, 0.665, 0.668, 0.667, 0.68, 0.69, 0.666, 0.675, 0.685, 0.688, 0.683, 0.659, 0.661, 0.67, 0.67, 0.592, 0.671, 0.658, 0.68, 0.618, 0.668, 0.689, 0.652, 0.688, 0.686, 0.696, 0.7, 0.695, 0.692, 0.693, 0.655]
Train Loss: [2.959, 2.357, 1.938, 1.654, 1.434, 1.254, 1.099, 0.947, 0.8, 0.682, 0.579, 0.485, 0.402, 0.332, 0.279, 0.242, 0.219, 0.205, 0.197, 0.19, 0.183, 0.178, 0.174, 0.17, 0.168, 0.166, 0.165, 0.165, 0.165, 0.165, 0.163, 0.162, 0.161, 0.159, 0.158, 0.159, 0.158, 0.157, 0.155, 0.153, 0.151, 0.151, 0.151, 0.147, 0.146, 0.142, 0.138, 0.136, 0.132, 0.128, 0.121, 0.115, 0.106, 0.1, 0.089, 0.081, 0.075, 0.07, 0.063, 0.057, 0.05, 0.047, 0.041, 0.037, 0.033, 0.028, 0.026, 0.02, 0.022, 0.015, 0.015, 0.015, 0.014, 0.016, 0.014, 0.012, 0.011, 0.008, 0.006, 0.007, 0.008, 0.008, 0.008, 0.008, 0.006, 0.007, 0.007, 0.006, 0.005, 0.005, 0.005, 0.006, 0.006, 0.004, 0.004, 0.007, 0.004, 0.003, 0.003, 0.004, 0.004, 0.003, 0.003, 0.004, 0.004, 0.003, 0.003, 0.004, 0.003, 0.003, 0.003, 0.003, 0.002, 0.003, 0.004, 0.003, 0.003, 0.003, 0.003, 0.005, 0.004, 0.003, 0.003, 0.002, 0.002, 0.003, 0.002, 0.002, 0.002, 0.002, 0.002, 0.002, 0.002, 0.002, 0.002, 0.002, 0.002, 0.002, 0.002, 0.002, 0.001, 0.002, 0.002, 0.002, 0.002, 0.004, 0.002, 0.002, 0.002, 0.002, 0.002, 0.002, 0.002, 0.002, 0.002, 0.002, 0.001, 0.002, 0.002, 0.002, 0.001, 0.002, 0.001, 0.002, 0.002, 0.002, 0.001, 0.001, 0.002, 0.002, 0.001, 0.002, 0.001, 0.001, 0.001, 0.001, 0.001, 0.001, 0.001, 0.001, 0.001, 0.001, 0.001, 0.001, 0.001, 0.001, 0.001, 0.001, 0.001, 0.002, 0.001, 0.001, 0.001, 0.001, 0.001, 0.001, 0.001, 0.001, 0.001, 0.001, 0.001, 0.001, 0.001, 0.001, 0.001, 0.001, 0.001, 0.001, 0.001, 0.001, 0.001, 0.001, 0.001, 0.001, 0.001, 0.001, 0.001, 0.001, 0.001, 0.001, 0.001, 0.001, 0.001, 0.002, 0.002, 0.001, 0.001, 0.002, 0.001, 0.001, 0.001, 0.001, 0.001, 0.001, 0.001, 0.001, 0.001, 0.001, 0.001, 0.001]
Max test score: 0.731 found at epoch: 238
Max test score shapes: 0.647 found at epoch: 238
Avg generalisation ratio: 0.809
Avg generalisation diff: 0.084