seed 123
percentFullySupervised 0.2
domainLossMultiplier 0.001
Active: Adjacencyloss True True 30 0.0001 False False 
Active: Relationsloss True 2 True 0.1 False True False 
Active: MinSizeShapesloss True 1 0.5 0.0035 0.015 
Active: MaxSizeShapesloss True 1 0.98 0.2 0.42 

Test Scores: [0.294, 0.324, 0.376, 0.415, 0.415, 0.417, 0.433, 0.48, 0.498, 0.527, 0.493, 0.554, 0.513, 0.508, 0.53, 0.508, 0.521, 0.525, 0.538, 0.522, 0.515, 0.524, 0.468, 0.513, 0.511, 0.525, 0.528, 0.517, 0.536, 0.493, 0.497, 0.516, 0.529, 0.509, 0.512, 0.483, 0.494, 0.493, 0.525, 0.509, 0.479, 0.516, 0.501, 0.495, 0.524, 0.522, 0.5, 0.491, 0.487, 0.521, 0.465, 0.501, 0.547, 0.506, 0.516, 0.511, 0.503, 0.498, 0.493, 0.497, 0.5, 0.504, 0.494, 0.48, 0.504, 0.478, 0.493, 0.488, 0.486, 0.498, 0.474, 0.508, 0.501, 0.519, 0.486, 0.524, 0.482, 0.511, 0.478, 0.501, 0.499, 0.49, 0.481, 0.491, 0.494, 0.487, 0.486, 0.494, 0.481, 0.48, 0.504, 0.507, 0.501, 0.489, 0.507, 0.524, 0.494, 0.488, 0.494, 0.504]
Test Scores w/o background: [0.14, 0.147, 0.183, 0.204, 0.212, 0.207, 0.246, 0.298, 0.334, 0.369, 0.319, 0.398, 0.363, 0.34, 0.373, 0.356, 0.364, 0.37, 0.387, 0.375, 0.358, 0.377, 0.338, 0.357, 0.366, 0.366, 0.379, 0.359, 0.384, 0.336, 0.357, 0.362, 0.386, 0.352, 0.364, 0.329, 0.347, 0.345, 0.38, 0.356, 0.326, 0.371, 0.351, 0.33, 0.383, 0.374, 0.355, 0.323, 0.337, 0.369, 0.289, 0.359, 0.395, 0.345, 0.356, 0.364, 0.344, 0.342, 0.342, 0.341, 0.35, 0.346, 0.352, 0.321, 0.349, 0.31, 0.34, 0.321, 0.337, 0.346, 0.316, 0.364, 0.35, 0.372, 0.34, 0.369, 0.336, 0.363, 0.328, 0.359, 0.337, 0.343, 0.323, 0.345, 0.35, 0.337, 0.345, 0.345, 0.324, 0.326, 0.345, 0.353, 0.337, 0.328, 0.347, 0.372, 0.343, 0.332, 0.334, 0.35]
Train Scores: [0.302, 0.358, 0.423, 0.461, 0.486, 0.512, 0.475, 0.543, 0.611, 0.635, 0.563, 0.651, 0.612, 0.626, 0.635, 0.578, 0.656, 0.651, 0.646, 0.647, 0.639, 0.645, 0.574, 0.643, 0.625, 0.672, 0.664, 0.607, 0.68, 0.612, 0.629, 0.709, 0.659, 0.667, 0.656, 0.642, 0.673, 0.639, 0.663, 0.653, 0.626, 0.659, 0.644, 0.647, 0.68, 0.71, 0.613, 0.643, 0.625, 0.69, 0.624, 0.661, 0.694, 0.698, 0.715, 0.686, 0.687, 0.695, 0.672, 0.64, 0.683, 0.666, 0.679, 0.646, 0.682, 0.674, 0.68, 0.657, 0.686, 0.672, 0.661, 0.718, 0.659, 0.706, 0.677, 0.723, 0.675, 0.716, 0.671, 0.662, 0.664, 0.667, 0.609, 0.632, 0.678, 0.679, 0.68, 0.703, 0.679, 0.669, 0.696, 0.703, 0.663, 0.685, 0.672, 0.707, 0.689, 0.679, 0.691, 0.685]
Train Scores w/o background: [0.144, 0.164, 0.222, 0.25, 0.283, 0.316, 0.284, 0.374, 0.47, 0.489, 0.405, 0.513, 0.486, 0.496, 0.501, 0.423, 0.528, 0.52, 0.51, 0.517, 0.504, 0.513, 0.446, 0.509, 0.504, 0.542, 0.539, 0.465, 0.562, 0.48, 0.508, 0.602, 0.541, 0.552, 0.532, 0.527, 0.566, 0.522, 0.557, 0.529, 0.491, 0.536, 0.517, 0.515, 0.574, 0.604, 0.471, 0.506, 0.496, 0.57, 0.488, 0.553, 0.575, 0.581, 0.601, 0.58, 0.581, 0.589, 0.565, 0.516, 0.572, 0.544, 0.571, 0.522, 0.57, 0.561, 0.577, 0.533, 0.581, 0.555, 0.545, 0.623, 0.539, 0.599, 0.564, 0.617, 0.573, 0.604, 0.559, 0.553, 0.54, 0.55, 0.474, 0.514, 0.568, 0.571, 0.572, 0.604, 0.567, 0.558, 0.584, 0.596, 0.534, 0.576, 0.553, 0.604, 0.581, 0.565, 0.582, 0.574]
Train Loss: [0.125, 0.078, 0.071, 0.064, 0.059, 0.055, 0.053, 0.05, 0.046, 0.044, 0.042, 0.04, 0.039, 0.038, 0.037, 0.037, 0.036, 0.035, 0.035, 0.035, 0.034, 0.034, 0.033, 0.033, 0.033, 0.032, 0.033, 0.032, 0.032, 0.032, 0.034, 0.032, 0.031, 0.032, 0.031, 0.031, 0.031, 0.031, 0.031, 0.031, 0.031, 0.031, 0.031, 0.031, 0.03, 0.03, 0.03, 0.031, 0.031, 0.031, 0.031, 0.031, 0.031, 0.03, 0.03, 0.03, 0.03, 0.03, 0.03, 0.03, 0.03, 0.03, 0.03, 0.03, 0.03, 0.029, 0.029, 0.029, 0.029, 0.029, 0.029, 0.03, 0.029, 0.029, 0.03, 0.029, 0.029, 0.029, 0.029, 0.029, 0.029, 0.029, 0.029, 0.03, 0.03, 0.029, 0.029, 0.029, 0.029, 0.029, 0.029, 0.029, 0.029, 0.029, 0.029, 0.029, 0.029, 0.029, 0.029, 0.029]
Max test score: 0.554 found at epoch: 12
Max test score shapes: 0.398 found at epoch: 12
Avg generalisation ratio: 0.664
Avg generalisation diff: 0.181