seed 999
percentFullySupervised 0.2
domainLossMultiplier 0.001
Active: Adjacencyloss True True 30 0.0001 False False 
Active: Relationsloss True 2 True 0.1 False True False 
Active: MinSizeShapesloss True 1 0.5 0.0035 0.015 
Active: MaxSizeShapesloss True 1 0.98 0.2 0.42 

Test Scores: [0.317, 0.394, 0.396, 0.417, 0.405, 0.414, 0.459, 0.468, 0.461, 0.505, 0.421, 0.471, 0.464, 0.475, 0.432, 0.508, 0.497, 0.493, 0.506, 0.511, 0.473, 0.444, 0.488, 0.482, 0.489, 0.485, 0.5, 0.495, 0.502, 0.5, 0.515, 0.498, 0.518, 0.506, 0.498, 0.451, 0.517, 0.508, 0.517, 0.503, 0.509, 0.494, 0.425, 0.489, 0.504, 0.483, 0.499, 0.498, 0.501, 0.51, 0.486, 0.496, 0.506, 0.506, 0.509, 0.474, 0.527, 0.519, 0.508, 0.484, 0.474, 0.511, 0.465, 0.519, 0.509, 0.512, 0.512, 0.517, 0.518, 0.533, 0.533, 0.521, 0.51, 0.521, 0.502, 0.494, 0.509, 0.501, 0.496, 0.505, 0.506, 0.516, 0.519, 0.47, 0.502, 0.492, 0.482, 0.502, 0.487, 0.49, 0.493, 0.47, 0.511, 0.461, 0.499, 0.507, 0.494, 0.487, 0.512, 0.505]
Test Scores w/o background: [0.146, 0.185, 0.188, 0.22, 0.198, 0.217, 0.277, 0.295, 0.3, 0.346, 0.268, 0.292, 0.304, 0.317, 0.267, 0.358, 0.336, 0.335, 0.349, 0.351, 0.301, 0.312, 0.334, 0.323, 0.34, 0.342, 0.348, 0.345, 0.355, 0.348, 0.367, 0.345, 0.379, 0.354, 0.342, 0.281, 0.357, 0.342, 0.367, 0.34, 0.357, 0.33, 0.251, 0.326, 0.35, 0.33, 0.354, 0.349, 0.332, 0.355, 0.321, 0.338, 0.339, 0.359, 0.358, 0.337, 0.382, 0.365, 0.352, 0.323, 0.326, 0.357, 0.307, 0.375, 0.351, 0.362, 0.353, 0.359, 0.37, 0.376, 0.384, 0.365, 0.35, 0.364, 0.338, 0.326, 0.358, 0.341, 0.326, 0.342, 0.356, 0.366, 0.365, 0.296, 0.341, 0.34, 0.32, 0.332, 0.328, 0.335, 0.336, 0.301, 0.349, 0.291, 0.33, 0.352, 0.335, 0.331, 0.358, 0.346]
Train Scores: [0.35, 0.458, 0.454, 0.477, 0.44, 0.448, 0.548, 0.555, 0.548, 0.517, 0.488, 0.534, 0.513, 0.586, 0.562, 0.626, 0.608, 0.62, 0.569, 0.618, 0.597, 0.591, 0.626, 0.6, 0.609, 0.598, 0.61, 0.634, 0.652, 0.654, 0.654, 0.634, 0.639, 0.637, 0.649, 0.558, 0.669, 0.642, 0.644, 0.629, 0.625, 0.635, 0.544, 0.618, 0.63, 0.64, 0.643, 0.662, 0.626, 0.651, 0.589, 0.615, 0.655, 0.663, 0.638, 0.626, 0.659, 0.692, 0.668, 0.594, 0.613, 0.644, 0.598, 0.673, 0.66, 0.681, 0.635, 0.668, 0.67, 0.681, 0.672, 0.667, 0.67, 0.632, 0.62, 0.601, 0.649, 0.623, 0.611, 0.633, 0.64, 0.657, 0.673, 0.553, 0.675, 0.638, 0.622, 0.634, 0.653, 0.675, 0.677, 0.614, 0.633, 0.606, 0.651, 0.725, 0.614, 0.647, 0.63, 0.641]
Train Scores w/o background: [0.159, 0.241, 0.237, 0.272, 0.23, 0.249, 0.378, 0.393, 0.384, 0.346, 0.331, 0.361, 0.35, 0.438, 0.408, 0.48, 0.458, 0.481, 0.399, 0.467, 0.438, 0.459, 0.483, 0.442, 0.463, 0.452, 0.471, 0.495, 0.515, 0.516, 0.522, 0.491, 0.498, 0.498, 0.515, 0.394, 0.539, 0.494, 0.507, 0.481, 0.489, 0.503, 0.375, 0.481, 0.5, 0.516, 0.518, 0.542, 0.474, 0.514, 0.43, 0.468, 0.519, 0.535, 0.507, 0.498, 0.526, 0.569, 0.541, 0.446, 0.479, 0.509, 0.462, 0.556, 0.539, 0.563, 0.496, 0.537, 0.547, 0.551, 0.546, 0.536, 0.54, 0.492, 0.478, 0.453, 0.519, 0.484, 0.461, 0.496, 0.51, 0.534, 0.548, 0.386, 0.554, 0.51, 0.484, 0.494, 0.531, 0.549, 0.562, 0.468, 0.491, 0.462, 0.513, 0.614, 0.466, 0.517, 0.496, 0.517]
Train Loss: [0.136, 0.081, 0.071, 0.065, 0.06, 0.055, 0.052, 0.048, 0.045, 0.042, 0.041, 0.04, 0.04, 0.038, 0.039, 0.039, 0.037, 0.036, 0.035, 0.035, 0.035, 0.035, 0.035, 0.034, 0.035, 0.034, 0.034, 0.033, 0.033, 0.033, 0.033, 0.032, 0.032, 0.032, 0.032, 0.032, 0.032, 0.032, 0.031, 0.031, 0.032, 0.031, 0.031, 0.031, 0.031, 0.031, 0.031, 0.031, 0.031, 0.031, 0.031, 0.03, 0.031, 0.031, 0.031, 0.031, 0.031, 0.03, 0.031, 0.031, 0.03, 0.03, 0.03, 0.03, 0.03, 0.03, 0.03, 0.029, 0.03, 0.029, 0.03, 0.029, 0.029, 0.029, 0.029, 0.029, 0.029, 0.029, 0.029, 0.029, 0.029, 0.029, 0.03, 0.029, 0.03, 0.03, 0.029, 0.029, 0.029, 0.029, 0.029, 0.029, 0.029, 0.029, 0.029, 0.029, 0.029, 0.029, 0.029, 0.029]
Max test score: 0.533 found at epoch: 70
Max test score shapes: 0.384 found at epoch: 71
Avg generalisation ratio: 0.707
Avg generalisation diff: 0.142