seed 42
percentFullySupervised 0.2
domainLossMultiplier 0.001
Active: Adjacencyloss True True 30 0.0001 False False 
Active: Relationsloss True 2 True 0.1 False True False 
Active: MinSizeShapesloss True 1 0.5 0.0035 0.015 
Active: MaxSizeShapesloss True 1 0.98 0.2 0.42 

Test Scores: [0.346, 0.373, 0.392, 0.413, 0.413, 0.416, 0.423, 0.404, 0.43, 0.446, 0.499, 0.471, 0.47, 0.472, 0.434, 0.522, 0.462, 0.525, 0.515, 0.489, 0.489, 0.522, 0.5, 0.523, 0.527, 0.484, 0.53, 0.507, 0.52, 0.515, 0.492, 0.508, 0.496, 0.514, 0.466, 0.501, 0.491, 0.47, 0.463, 0.496, 0.495, 0.482, 0.491, 0.499, 0.491, 0.476, 0.488, 0.477, 0.498, 0.518, 0.478, 0.499, 0.455, 0.502, 0.483, 0.458, 0.519, 0.49, 0.47, 0.483, 0.508, 0.498, 0.512, 0.507, 0.498, 0.512, 0.524, 0.502, 0.537, 0.508, 0.505, 0.486, 0.507, 0.524, 0.492, 0.535, 0.542, 0.508, 0.534, 0.526, 0.527, 0.519, 0.509, 0.492, 0.498, 0.503, 0.511, 0.48, 0.528, 0.489, 0.498, 0.489, 0.487, 0.515, 0.506, 0.524, 0.524, 0.513, 0.501, 0.521]
Test Scores w/o background: [0.189, 0.182, 0.192, 0.209, 0.203, 0.21, 0.211, 0.206, 0.225, 0.246, 0.334, 0.294, 0.285, 0.31, 0.233, 0.357, 0.306, 0.372, 0.362, 0.33, 0.326, 0.365, 0.343, 0.366, 0.372, 0.324, 0.371, 0.35, 0.359, 0.369, 0.344, 0.353, 0.327, 0.361, 0.299, 0.334, 0.345, 0.303, 0.31, 0.324, 0.338, 0.31, 0.34, 0.345, 0.335, 0.316, 0.325, 0.318, 0.34, 0.354, 0.305, 0.337, 0.277, 0.332, 0.304, 0.275, 0.36, 0.337, 0.295, 0.317, 0.361, 0.348, 0.364, 0.343, 0.342, 0.358, 0.368, 0.345, 0.387, 0.348, 0.346, 0.322, 0.354, 0.371, 0.328, 0.381, 0.385, 0.352, 0.379, 0.372, 0.369, 0.361, 0.355, 0.322, 0.345, 0.342, 0.35, 0.311, 0.371, 0.315, 0.346, 0.328, 0.339, 0.365, 0.346, 0.37, 0.373, 0.353, 0.351, 0.359]
Train Scores: [0.351, 0.395, 0.43, 0.484, 0.465, 0.473, 0.503, 0.457, 0.494, 0.524, 0.605, 0.576, 0.567, 0.593, 0.536, 0.666, 0.6, 0.631, 0.62, 0.631, 0.611, 0.662, 0.656, 0.67, 0.648, 0.65, 0.681, 0.631, 0.638, 0.637, 0.64, 0.65, 0.638, 0.662, 0.607, 0.664, 0.647, 0.622, 0.642, 0.633, 0.628, 0.657, 0.655, 0.672, 0.656, 0.665, 0.677, 0.645, 0.64, 0.68, 0.628, 0.681, 0.625, 0.666, 0.612, 0.596, 0.653, 0.662, 0.665, 0.655, 0.662, 0.656, 0.686, 0.686, 0.673, 0.686, 0.663, 0.675, 0.71, 0.657, 0.696, 0.665, 0.66, 0.706, 0.626, 0.679, 0.681, 0.68, 0.673, 0.691, 0.703, 0.681, 0.674, 0.64, 0.68, 0.674, 0.689, 0.631, 0.69, 0.671, 0.655, 0.668, 0.638, 0.678, 0.647, 0.693, 0.71, 0.684, 0.661, 0.674]
Train Scores w/o background: [0.187, 0.199, 0.216, 0.274, 0.255, 0.26, 0.3, 0.261, 0.285, 0.332, 0.453, 0.426, 0.401, 0.453, 0.365, 0.533, 0.463, 0.5, 0.481, 0.505, 0.46, 0.534, 0.529, 0.541, 0.511, 0.525, 0.554, 0.5, 0.505, 0.521, 0.523, 0.53, 0.5, 0.551, 0.477, 0.53, 0.529, 0.487, 0.519, 0.499, 0.501, 0.527, 0.54, 0.555, 0.536, 0.552, 0.562, 0.524, 0.523, 0.565, 0.501, 0.57, 0.493, 0.541, 0.469, 0.454, 0.527, 0.546, 0.543, 0.534, 0.549, 0.536, 0.576, 0.569, 0.564, 0.58, 0.546, 0.565, 0.612, 0.539, 0.593, 0.553, 0.544, 0.601, 0.484, 0.565, 0.565, 0.568, 0.558, 0.584, 0.591, 0.565, 0.559, 0.503, 0.57, 0.562, 0.58, 0.496, 0.58, 0.552, 0.536, 0.552, 0.522, 0.571, 0.524, 0.585, 0.614, 0.574, 0.549, 0.56]
Train Loss: [0.131, 0.08, 0.073, 0.067, 0.061, 0.057, 0.055, 0.052, 0.051, 0.049, 0.046, 0.043, 0.043, 0.04, 0.041, 0.038, 0.037, 0.037, 0.036, 0.035, 0.034, 0.035, 0.034, 0.034, 0.033, 0.034, 0.033, 0.033, 0.032, 0.033, 0.032, 0.032, 0.032, 0.032, 0.031, 0.032, 0.032, 0.032, 0.031, 0.031, 0.031, 0.031, 0.031, 0.031, 0.031, 0.032, 0.031, 0.031, 0.031, 0.031, 0.031, 0.03, 0.031, 0.031, 0.03, 0.031, 0.03, 0.03, 0.03, 0.03, 0.03, 0.03, 0.03, 0.03, 0.03, 0.03, 0.03, 0.029, 0.029, 0.029, 0.029, 0.029, 0.029, 0.029, 0.029, 0.029, 0.029, 0.029, 0.029, 0.029, 0.029, 0.029, 0.029, 0.029, 0.029, 0.029, 0.029, 0.029, 0.029, 0.029, 0.029, 0.029, 0.029, 0.029, 0.029, 0.029, 0.029, 0.029, 0.029, 0.029]
Max test score: 0.542 found at epoch: 77
Max test score shapes: 0.387 found at epoch: 69
Avg generalisation ratio: 0.659
Avg generalisation diff: 0.177