seed 100
percentFullySupervised 0.2
domainLossMultiplier 0.001
Active: Adjacencyloss True True 30 0.0001 False False 
Active: Relationsloss True 2 True 0.1 False True False 
Active: MinSizeShapesloss True 1 0.5 0.0035 0.015 
Active: MaxSizeShapesloss True 1 0.98 0.2 0.42 

Test Scores: [0.25, 0.386, 0.41, 0.473, 0.474, 0.513, 0.539, 0.506, 0.502, 0.542, 0.482, 0.528, 0.514, 0.48, 0.5, 0.512, 0.503, 0.488, 0.474, 0.487, 0.484, 0.518, 0.493, 0.497, 0.542, 0.488, 0.511, 0.489, 0.513, 0.482, 0.47, 0.509, 0.481, 0.514, 0.507, 0.484, 0.498, 0.505, 0.51, 0.51, 0.511, 0.476, 0.518, 0.512, 0.501, 0.514, 0.499, 0.533, 0.498, 0.511, 0.525, 0.519, 0.514, 0.516, 0.528, 0.515, 0.51, 0.499, 0.488, 0.5, 0.523, 0.532, 0.529, 0.495, 0.499, 0.492, 0.515, 0.508, 0.503, 0.508, 0.49, 0.535, 0.528, 0.523, 0.514, 0.541, 0.499, 0.526, 0.488, 0.511, 0.546, 0.507, 0.504, 0.511, 0.506, 0.516, 0.538, 0.513, 0.514, 0.488, 0.485, 0.507, 0.502, 0.493, 0.52, 0.503, 0.499, 0.497, 0.512, 0.511]
Test Scores w/o background: [0.188, 0.215, 0.248, 0.297, 0.306, 0.346, 0.381, 0.354, 0.351, 0.39, 0.302, 0.371, 0.371, 0.319, 0.335, 0.354, 0.336, 0.322, 0.303, 0.34, 0.318, 0.364, 0.323, 0.342, 0.391, 0.31, 0.367, 0.327, 0.368, 0.296, 0.311, 0.344, 0.336, 0.359, 0.35, 0.323, 0.34, 0.351, 0.36, 0.346, 0.357, 0.314, 0.364, 0.35, 0.337, 0.353, 0.347, 0.37, 0.344, 0.345, 0.374, 0.347, 0.357, 0.358, 0.367, 0.365, 0.352, 0.354, 0.345, 0.357, 0.369, 0.383, 0.369, 0.342, 0.341, 0.336, 0.359, 0.354, 0.338, 0.361, 0.313, 0.388, 0.374, 0.367, 0.364, 0.39, 0.34, 0.377, 0.319, 0.365, 0.393, 0.349, 0.336, 0.355, 0.342, 0.363, 0.386, 0.356, 0.357, 0.317, 0.315, 0.343, 0.334, 0.327, 0.357, 0.344, 0.34, 0.324, 0.358, 0.349]
Train Scores: [0.259, 0.43, 0.466, 0.571, 0.539, 0.597, 0.626, 0.6, 0.626, 0.638, 0.596, 0.639, 0.656, 0.61, 0.671, 0.647, 0.647, 0.636, 0.646, 0.609, 0.653, 0.676, 0.604, 0.668, 0.684, 0.633, 0.681, 0.634, 0.699, 0.632, 0.648, 0.669, 0.651, 0.697, 0.672, 0.694, 0.691, 0.697, 0.716, 0.695, 0.709, 0.67, 0.708, 0.69, 0.705, 0.7, 0.704, 0.715, 0.683, 0.684, 0.697, 0.684, 0.677, 0.694, 0.748, 0.706, 0.679, 0.7, 0.704, 0.696, 0.729, 0.712, 0.709, 0.714, 0.729, 0.704, 0.704, 0.711, 0.709, 0.685, 0.665, 0.705, 0.729, 0.725, 0.721, 0.709, 0.691, 0.722, 0.693, 0.73, 0.722, 0.699, 0.682, 0.739, 0.707, 0.706, 0.731, 0.717, 0.72, 0.67, 0.699, 0.696, 0.709, 0.693, 0.733, 0.717, 0.705, 0.71, 0.744, 0.724]
Train Scores w/o background: [0.204, 0.256, 0.293, 0.404, 0.376, 0.445, 0.477, 0.464, 0.491, 0.491, 0.434, 0.501, 0.522, 0.476, 0.54, 0.507, 0.503, 0.496, 0.51, 0.464, 0.515, 0.547, 0.449, 0.541, 0.555, 0.483, 0.554, 0.494, 0.581, 0.485, 0.516, 0.536, 0.532, 0.584, 0.545, 0.572, 0.572, 0.58, 0.606, 0.577, 0.597, 0.545, 0.594, 0.569, 0.585, 0.586, 0.591, 0.602, 0.574, 0.574, 0.588, 0.558, 0.562, 0.581, 0.651, 0.601, 0.555, 0.59, 0.602, 0.593, 0.622, 0.597, 0.592, 0.606, 0.627, 0.587, 0.582, 0.603, 0.596, 0.567, 0.534, 0.592, 0.621, 0.617, 0.612, 0.593, 0.573, 0.613, 0.575, 0.63, 0.615, 0.587, 0.556, 0.637, 0.596, 0.599, 0.625, 0.612, 0.619, 0.538, 0.584, 0.576, 0.6, 0.574, 0.626, 0.61, 0.591, 0.595, 0.646, 0.618]
Train Loss: [0.166, 0.094, 0.077, 0.069, 0.062, 0.056, 0.052, 0.048, 0.046, 0.043, 0.042, 0.041, 0.038, 0.038, 0.037, 0.037, 0.035, 0.035, 0.035, 0.035, 0.035, 0.036, 0.034, 0.034, 0.034, 0.033, 0.033, 0.033, 0.033, 0.033, 0.033, 0.032, 0.032, 0.032, 0.032, 0.032, 0.032, 0.032, 0.032, 0.031, 0.031, 0.031, 0.031, 0.031, 0.031, 0.031, 0.031, 0.031, 0.031, 0.031, 0.031, 0.031, 0.031, 0.031, 0.03, 0.03, 0.03, 0.03, 0.03, 0.03, 0.03, 0.03, 0.03, 0.03, 0.03, 0.03, 0.03, 0.03, 0.03, 0.03, 0.03, 0.03, 0.03, 0.03, 0.029, 0.029, 0.029, 0.029, 0.029, 0.029, 0.03, 0.029, 0.029, 0.029, 0.029, 0.03, 0.03, 0.03, 0.03, 0.029, 0.029, 0.029, 0.029, 0.029, 0.029, 0.029, 0.029, 0.029, 0.029, 0.029]
Max test score: 0.546 found at epoch: 81
Max test score shapes: 0.393 found at epoch: 81
Avg generalisation ratio: 0.631
Avg generalisation diff: 0.209