percentFullySupervised0.2
domainLossMultiplier0.001

20 images fully supervised

Test Scores: [0.153, 0.287, 0.318, 0.334, 0.323, 0.357, 0.391, 0.471, 0.49, 0.49, 0.512, 0.451, 0.541, 0.516, 0.557, 0.53, 0.531, 0.509, 0.536, 0.535, 0.546, 0.515, 0.552, 0.498, 0.554, 0.528, 0.529, 0.539, 0.536, 0.552, 0.536, 0.546, 0.539, 0.535, 0.525, 0.548, 0.556, 0.562, 0.56, 0.542, 0.564, 0.532, 0.556, 0.52, 0.531, 0.553, 0.554, 0.528, 0.484, 0.444, 0.533, 0.553, 0.554, 0.552, 0.543, 0.514, 0.483, 0.536, 0.558, 0.532, 0.549, 0.511, 0.521, 0.523, 0.558, 0.538, 0.533, 0.56, 0.573, 0.578, 0.554, 0.556, 0.545, 0.56, 0.534, 0.496, 0.541, 0.547, 0.528, 0.551, 0.512, 0.519, 0.552, 0.535, 0.528, 0.551, 0.522, 0.561, 0.566, 0.547, 0.569, 0.535, 0.551, 0.564, 0.556, 0.534, 0.54, 0.536, 0.547, 0.569, 0.535, 0.547, 0.561, 0.549, 0.534, 0.557, 0.547, 0.519, 0.534, 0.526, 0.535, 0.574, 0.554, 0.52, 0.527, 0.542, 0.558, 0.557, 0.545, 0.54]
Test Scores w/o background: [0.125, 0.217, 0.238, 0.244, 0.241, 0.262, 0.271, 0.314, 0.337, 0.347, 0.352, 0.284, 0.381, 0.365, 0.407, 0.372, 0.368, 0.335, 0.379, 0.37, 0.392, 0.342, 0.395, 0.32, 0.401, 0.362, 0.358, 0.375, 0.371, 0.398, 0.374, 0.398, 0.375, 0.372, 0.358, 0.393, 0.406, 0.407, 0.406, 0.376, 0.409, 0.362, 0.399, 0.358, 0.37, 0.401, 0.4, 0.361, 0.306, 0.241, 0.371, 0.399, 0.396, 0.394, 0.378, 0.335, 0.295, 0.367, 0.403, 0.361, 0.383, 0.335, 0.354, 0.352, 0.401, 0.374, 0.366, 0.401, 0.421, 0.426, 0.392, 0.394, 0.385, 0.399, 0.366, 0.318, 0.38, 0.385, 0.358, 0.391, 0.342, 0.344, 0.393, 0.366, 0.355, 0.388, 0.346, 0.403, 0.419, 0.387, 0.424, 0.368, 0.404, 0.41, 0.401, 0.367, 0.373, 0.376, 0.387, 0.417, 0.368, 0.386, 0.404, 0.386, 0.367, 0.399, 0.383, 0.345, 0.366, 0.359, 0.367, 0.427, 0.395, 0.347, 0.356, 0.375, 0.402, 0.408, 0.386, 0.378]
Train Scores: [0.16, 0.287, 0.338, 0.338, 0.349, 0.374, 0.414, 0.481, 0.521, 0.511, 0.546, 0.464, 0.574, 0.541, 0.565, 0.558, 0.553, 0.529, 0.558, 0.561, 0.554, 0.55, 0.585, 0.512, 0.571, 0.56, 0.543, 0.565, 0.553, 0.572, 0.563, 0.582, 0.567, 0.563, 0.55, 0.555, 0.562, 0.585, 0.585, 0.565, 0.583, 0.544, 0.572, 0.549, 0.554, 0.574, 0.589, 0.556, 0.491, 0.431, 0.553, 0.563, 0.578, 0.579, 0.57, 0.539, 0.508, 0.559, 0.583, 0.556, 0.56, 0.538, 0.565, 0.549, 0.581, 0.565, 0.564, 0.569, 0.59, 0.601, 0.579, 0.573, 0.563, 0.581, 0.554, 0.491, 0.55, 0.569, 0.544, 0.566, 0.534, 0.531, 0.575, 0.539, 0.541, 0.566, 0.53, 0.576, 0.582, 0.57, 0.594, 0.553, 0.577, 0.582, 0.584, 0.569, 0.58, 0.583, 0.587, 0.607, 0.575, 0.587, 0.6, 0.581, 0.565, 0.589, 0.573, 0.548, 0.559, 0.548, 0.549, 0.6, 0.574, 0.539, 0.545, 0.553, 0.573, 0.585, 0.583, 0.572]
Train Scores w/o background: [0.132, 0.212, 0.257, 0.249, 0.261, 0.276, 0.29, 0.319, 0.37, 0.369, 0.393, 0.299, 0.42, 0.388, 0.413, 0.403, 0.392, 0.362, 0.406, 0.4, 0.401, 0.382, 0.433, 0.338, 0.424, 0.404, 0.375, 0.408, 0.389, 0.424, 0.406, 0.439, 0.408, 0.407, 0.388, 0.397, 0.409, 0.432, 0.435, 0.406, 0.432, 0.376, 0.419, 0.392, 0.399, 0.422, 0.439, 0.395, 0.311, 0.221, 0.396, 0.411, 0.425, 0.426, 0.409, 0.368, 0.326, 0.393, 0.43, 0.392, 0.398, 0.368, 0.409, 0.38, 0.428, 0.406, 0.403, 0.412, 0.444, 0.455, 0.422, 0.415, 0.408, 0.425, 0.39, 0.309, 0.39, 0.413, 0.378, 0.407, 0.366, 0.358, 0.421, 0.371, 0.372, 0.405, 0.355, 0.418, 0.438, 0.416, 0.454, 0.389, 0.436, 0.432, 0.434, 0.409, 0.422, 0.434, 0.435, 0.464, 0.418, 0.434, 0.451, 0.424, 0.403, 0.439, 0.416, 0.381, 0.394, 0.384, 0.384, 0.46, 0.422, 0.369, 0.377, 0.39, 0.42, 0.444, 0.43, 0.413]
Train Loss: [0.091, 0.062, 0.056, 0.052, 0.048, 0.045, 0.042, 0.04, 0.037, 0.035, 0.033, 0.031, 0.029, 0.028, 0.027, 0.026, 0.024, 0.023, 0.023, 0.022, 0.021, 0.021, 0.022, 0.021, 0.021, 0.02, 0.02, 0.02, 0.019, 0.019, 0.019, 0.018, 0.018, 0.018, 0.018, 0.018, 0.018, 0.018, 0.018, 0.017, 0.017, 0.017, 0.017, 0.017, 0.017, 0.017, 0.017, 0.017, 0.017, 0.017, 0.017, 0.017, 0.017, 0.016, 0.016, 0.016, 0.016, 0.016, 0.016, 0.016, 0.016, 0.016, 0.016, 0.016, 0.016, 0.016, 0.016, 0.016, 0.016, 0.015, 0.016, 0.015, 0.016, 0.016, 0.016, 0.016, 0.015, 0.016, 0.015, 0.015, 0.015, 0.015, 0.015, 0.015, 0.015, 0.015, 0.015, 0.015, 0.015, 0.015, 0.015, 0.015, 0.015, 0.015, 0.016, 0.015, 0.015, 0.015, 0.015, 0.015, 0.015, 0.015, 0.015, 0.015, 0.015, 0.015, 0.015, 0.015, 0.015, 0.015, 0.015, 0.015, 0.015, 0.015, 0.014, 0.015, 0.015, 0.015, 0.015, 0.015]
Max test score: 0.578 found at epoch: 70
Max test score shapes: 0.427 found at epoch: 112
