percentFullySupervised0.2
domainLossMultiplier0.001
Active: Adjacencyloss True True 30 0.0001 True False 
Active: Relationsloss True 2 True 0.1 False True 
Active: OneHotloss True 35 
Active: MinSizeShapesloss True 1 0.6 0.0035 0.015 
Active: MaxSizeShapesloss True 1 0.98 0.2 0.42 

20 images fully supervised

Test Scores: [0.187, 0.292, 0.323, 0.341, 0.414, 0.441, 0.449, 0.485, 0.454, 0.448, 0.518, 0.516, 0.544, 0.522, 0.525, 0.554, 0.533, 0.524, 0.543, 0.511, 0.542, 0.536, 0.56, 0.548, 0.519, 0.521, 0.516, 0.495, 0.561, 0.546, 0.544, 0.558, 0.544, 0.515, 0.566, 0.548, 0.55, 0.554, 0.541, 0.539, 0.538, 0.579, 0.556, 0.564, 0.555, 0.569, 0.572, 0.572, 0.533, 0.435, 0.554, 0.54, 0.554, 0.535, 0.578, 0.549, 0.558, 0.55, 0.566, 0.547, 0.531, 0.566, 0.555, 0.558, 0.567, 0.552, 0.526, 0.536, 0.55, 0.559, 0.533, 0.522, 0.544, 0.522, 0.553, 0.538, 0.553, 0.536, 0.546, 0.514, 0.483, 0.517, 0.564, 0.546, 0.53, 0.544, 0.53, 0.538, 0.556, 0.555, 0.576, 0.541, 0.56, 0.525, 0.54, 0.532, 0.553, 0.556, 0.565, 0.587, 0.544, 0.574, 0.529, 0.529, 0.568, 0.57, 0.552, 0.548, 0.553, 0.561, 0.537, 0.552, 0.537, 0.512, 0.571, 0.536, 0.567, 0.568, 0.559, 0.559]
Test Scores w/o background: [0.11, 0.189, 0.185, 0.183, 0.238, 0.269, 0.299, 0.345, 0.301, 0.308, 0.365, 0.354, 0.401, 0.379, 0.368, 0.405, 0.367, 0.356, 0.388, 0.341, 0.4, 0.378, 0.41, 0.393, 0.347, 0.354, 0.343, 0.312, 0.412, 0.396, 0.384, 0.409, 0.385, 0.341, 0.415, 0.385, 0.394, 0.396, 0.374, 0.374, 0.37, 0.433, 0.398, 0.415, 0.399, 0.42, 0.421, 0.423, 0.365, 0.228, 0.398, 0.377, 0.397, 0.366, 0.429, 0.387, 0.403, 0.389, 0.41, 0.383, 0.361, 0.413, 0.4, 0.4, 0.412, 0.393, 0.355, 0.369, 0.392, 0.402, 0.367, 0.35, 0.383, 0.351, 0.397, 0.372, 0.394, 0.368, 0.383, 0.342, 0.301, 0.346, 0.412, 0.385, 0.366, 0.384, 0.362, 0.374, 0.4, 0.397, 0.425, 0.376, 0.41, 0.357, 0.377, 0.365, 0.396, 0.397, 0.409, 0.441, 0.38, 0.42, 0.358, 0.358, 0.413, 0.416, 0.391, 0.387, 0.39, 0.406, 0.371, 0.392, 0.37, 0.334, 0.418, 0.367, 0.412, 0.412, 0.4, 0.402]
Train Scores: [0.191, 0.302, 0.345, 0.362, 0.44, 0.488, 0.457, 0.522, 0.488, 0.487, 0.53, 0.528, 0.557, 0.545, 0.546, 0.577, 0.539, 0.531, 0.572, 0.536, 0.562, 0.557, 0.584, 0.571, 0.52, 0.535, 0.555, 0.533, 0.591, 0.569, 0.571, 0.594, 0.563, 0.531, 0.58, 0.567, 0.573, 0.583, 0.557, 0.563, 0.573, 0.602, 0.593, 0.586, 0.577, 0.591, 0.578, 0.586, 0.556, 0.452, 0.578, 0.574, 0.593, 0.57, 0.609, 0.582, 0.595, 0.594, 0.59, 0.574, 0.559, 0.61, 0.595, 0.588, 0.605, 0.59, 0.556, 0.573, 0.587, 0.599, 0.569, 0.563, 0.574, 0.56, 0.592, 0.583, 0.59, 0.571, 0.578, 0.553, 0.518, 0.558, 0.604, 0.581, 0.567, 0.581, 0.566, 0.57, 0.588, 0.59, 0.61, 0.582, 0.583, 0.552, 0.573, 0.571, 0.58, 0.586, 0.597, 0.618, 0.576, 0.599, 0.554, 0.554, 0.598, 0.6, 0.586, 0.581, 0.588, 0.594, 0.566, 0.579, 0.581, 0.554, 0.599, 0.571, 0.592, 0.607, 0.591, 0.595]
Train Scores w/o background: [0.105, 0.19, 0.198, 0.199, 0.265, 0.323, 0.309, 0.383, 0.337, 0.346, 0.375, 0.369, 0.416, 0.404, 0.396, 0.433, 0.373, 0.365, 0.423, 0.377, 0.425, 0.403, 0.438, 0.42, 0.348, 0.372, 0.392, 0.359, 0.447, 0.419, 0.415, 0.449, 0.406, 0.361, 0.433, 0.408, 0.419, 0.431, 0.397, 0.404, 0.414, 0.463, 0.444, 0.44, 0.424, 0.448, 0.427, 0.44, 0.392, 0.246, 0.427, 0.42, 0.445, 0.412, 0.466, 0.432, 0.45, 0.447, 0.44, 0.419, 0.399, 0.468, 0.448, 0.436, 0.462, 0.444, 0.392, 0.416, 0.435, 0.452, 0.413, 0.403, 0.422, 0.4, 0.447, 0.428, 0.441, 0.413, 0.423, 0.392, 0.343, 0.396, 0.459, 0.426, 0.41, 0.428, 0.407, 0.413, 0.439, 0.441, 0.467, 0.426, 0.435, 0.389, 0.418, 0.413, 0.428, 0.434, 0.448, 0.481, 0.422, 0.451, 0.39, 0.389, 0.449, 0.453, 0.433, 0.427, 0.435, 0.445, 0.408, 0.426, 0.426, 0.388, 0.454, 0.412, 0.442, 0.463, 0.442, 0.45]
Train Loss: [0.133, 0.085, 0.072, 0.063, 0.056, 0.051, 0.047, 0.043, 0.04, 0.036, 0.034, 0.032, 0.03, 0.028, 0.027, 0.026, 0.025, 0.024, 0.023, 0.023, 0.023, 0.023, 0.022, 0.022, 0.021, 0.021, 0.021, 0.02, 0.02, 0.02, 0.019, 0.019, 0.019, 0.019, 0.019, 0.019, 0.019, 0.018, 0.018, 0.018, 0.018, 0.018, 0.018, 0.018, 0.018, 0.018, 0.018, 0.018, 0.017, 0.017, 0.017, 0.017, 0.017, 0.017, 0.017, 0.017, 0.017, 0.017, 0.017, 0.016, 0.017, 0.017, 0.016, 0.016, 0.016, 0.016, 0.016, 0.016, 0.016, 0.016, 0.016, 0.016, 0.016, 0.016, 0.016, 0.016, 0.016, 0.016, 0.016, 0.016, 0.016, 0.016, 0.016, 0.016, 0.016, 0.016, 0.016, 0.016, 0.016, 0.016, 0.016, 0.016, 0.015, 0.016, 0.016, 0.015, 0.015, 0.015, 0.015, 0.015, 0.015, 0.015, 0.015, 0.015, 0.015, 0.015, 0.015, 0.015, 0.015, 0.015, 0.015, 0.015, 0.015, 0.015, 0.015, 0.015, 0.015, 0.015, 0.015, 0.015]
Max test score: 0.587 found at epoch: 100
Max test score shapes: 0.441 found at epoch: 100
