percentFullySupervised0.2
domainLossMultiplier0.001
Active: Adjacencyloss True True 30 0.0001 True False 
Active: Relationsloss True 2 True 0.1 False True 
Active: OneHotloss True 35 
Active: MinSizeShapesloss True 1 0.6 0.0035 0.015 
Active: MaxSizeShapesloss True 1 0.98 0.2 0.42 

2 x 20 images fully supervised (augmented)

Test Scores: [0.247, 0.322, 0.374, 0.396, 0.498, 0.48, 0.495, 0.506, 0.533, 0.542, 0.535, 0.565, 0.569, 0.565, 0.562, 0.559, 0.543, 0.507, 0.564, 0.551, 0.585, 0.556, 0.572, 0.567, 0.546, 0.573, 0.546, 0.562, 0.571, 0.593, 0.516, 0.581, 0.541, 0.529, 0.561, 0.589, 0.562, 0.596, 0.555, 0.533, 0.515, 0.567, 0.554, 0.544, 0.545, 0.555, 0.584, 0.544, 0.563, 0.539, 0.58, 0.575, 0.56, 0.564, 0.568, 0.555, 0.549, 0.568, 0.588, 0.566, 0.562, 0.537, 0.558, 0.527, 0.537, 0.54, 0.518, 0.584, 0.548, 0.568, 0.565, 0.529, 0.568, 0.552, 0.583, 0.56, 0.559, 0.567, 0.549, 0.542, 0.497, 0.537, 0.565, 0.579, 0.53, 0.583, 0.55, 0.568, 0.56, 0.581, 0.586, 0.538, 0.577, 0.537, 0.57, 0.559, 0.574, 0.568, 0.587, 0.581, 0.536, 0.56, 0.54, 0.555, 0.564, 0.562, 0.577, 0.527, 0.547, 0.562, 0.517, 0.572, 0.558, 0.564, 0.541, 0.531, 0.562, 0.592, 0.588, 0.592]
Test Scores w/o background: [0.174, 0.21, 0.233, 0.261, 0.333, 0.338, 0.346, 0.351, 0.377, 0.4, 0.376, 0.415, 0.42, 0.416, 0.409, 0.4, 0.376, 0.325, 0.418, 0.386, 0.436, 0.403, 0.427, 0.412, 0.383, 0.428, 0.378, 0.402, 0.42, 0.456, 0.339, 0.435, 0.376, 0.362, 0.4, 0.443, 0.403, 0.451, 0.389, 0.362, 0.337, 0.409, 0.395, 0.38, 0.379, 0.396, 0.435, 0.379, 0.403, 0.369, 0.427, 0.419, 0.398, 0.408, 0.411, 0.394, 0.387, 0.411, 0.44, 0.408, 0.401, 0.37, 0.399, 0.354, 0.37, 0.378, 0.346, 0.436, 0.39, 0.413, 0.408, 0.359, 0.411, 0.39, 0.436, 0.404, 0.399, 0.409, 0.387, 0.378, 0.316, 0.366, 0.408, 0.428, 0.361, 0.432, 0.385, 0.411, 0.412, 0.431, 0.436, 0.37, 0.426, 0.37, 0.413, 0.4, 0.418, 0.409, 0.437, 0.432, 0.369, 0.399, 0.371, 0.394, 0.404, 0.402, 0.423, 0.354, 0.38, 0.407, 0.339, 0.42, 0.399, 0.407, 0.372, 0.359, 0.402, 0.446, 0.441, 0.446]
Train Scores: [0.267, 0.332, 0.408, 0.437, 0.506, 0.499, 0.51, 0.527, 0.551, 0.558, 0.549, 0.573, 0.588, 0.576, 0.585, 0.565, 0.556, 0.52, 0.58, 0.561, 0.606, 0.578, 0.602, 0.572, 0.567, 0.597, 0.576, 0.584, 0.589, 0.606, 0.525, 0.597, 0.567, 0.565, 0.584, 0.61, 0.59, 0.62, 0.572, 0.561, 0.534, 0.585, 0.587, 0.58, 0.571, 0.577, 0.608, 0.575, 0.575, 0.558, 0.6, 0.6, 0.583, 0.581, 0.59, 0.567, 0.564, 0.586, 0.604, 0.589, 0.586, 0.552, 0.581, 0.554, 0.559, 0.561, 0.562, 0.602, 0.574, 0.589, 0.593, 0.562, 0.588, 0.585, 0.61, 0.583, 0.58, 0.604, 0.575, 0.559, 0.521, 0.569, 0.598, 0.603, 0.56, 0.614, 0.585, 0.586, 0.584, 0.606, 0.615, 0.566, 0.6, 0.575, 0.589, 0.585, 0.593, 0.58, 0.616, 0.615, 0.57, 0.584, 0.563, 0.58, 0.604, 0.579, 0.598, 0.543, 0.578, 0.591, 0.539, 0.6, 0.58, 0.588, 0.563, 0.565, 0.572, 0.616, 0.61, 0.615]
Train Scores w/o background: [0.188, 0.208, 0.258, 0.301, 0.337, 0.362, 0.366, 0.376, 0.4, 0.415, 0.388, 0.425, 0.444, 0.425, 0.437, 0.407, 0.392, 0.34, 0.433, 0.395, 0.458, 0.424, 0.461, 0.418, 0.406, 0.456, 0.416, 0.426, 0.438, 0.471, 0.349, 0.452, 0.406, 0.404, 0.427, 0.469, 0.437, 0.478, 0.409, 0.396, 0.36, 0.432, 0.434, 0.425, 0.41, 0.42, 0.464, 0.417, 0.417, 0.395, 0.453, 0.452, 0.427, 0.429, 0.437, 0.41, 0.404, 0.433, 0.461, 0.438, 0.43, 0.388, 0.425, 0.387, 0.396, 0.401, 0.399, 0.455, 0.418, 0.436, 0.44, 0.398, 0.434, 0.429, 0.469, 0.431, 0.424, 0.456, 0.416, 0.397, 0.342, 0.408, 0.449, 0.456, 0.4, 0.471, 0.43, 0.431, 0.439, 0.46, 0.471, 0.401, 0.451, 0.416, 0.434, 0.431, 0.439, 0.422, 0.472, 0.473, 0.411, 0.428, 0.4, 0.424, 0.455, 0.422, 0.45, 0.371, 0.42, 0.444, 0.367, 0.458, 0.425, 0.435, 0.398, 0.403, 0.413, 0.477, 0.466, 0.473]
Train Loss: [0.192, 0.136, 0.117, 0.104, 0.093, 0.084, 0.077, 0.071, 0.066, 0.061, 0.057, 0.054, 0.05, 0.048, 0.045, 0.044, 0.042, 0.042, 0.041, 0.04, 0.04, 0.039, 0.039, 0.04, 0.039, 0.038, 0.037, 0.038, 0.038, 0.037, 0.037, 0.037, 0.036, 0.036, 0.036, 0.036, 0.035, 0.035, 0.035, 0.034, 0.034, 0.034, 0.034, 0.034, 0.033, 0.033, 0.033, 0.033, 0.033, 0.033, 0.033, 0.033, 0.033, 0.032, 0.033, 0.033, 0.032, 0.032, 0.032, 0.032, 0.032, 0.032, 0.033, 0.033, 0.032, 0.032, 0.032, 0.032, 0.032, 0.032, 0.032, 0.031, 0.031, 0.031, 0.031, 0.031, 0.031, 0.031, 0.031, 0.031, 0.031, 0.031, 0.031, 0.03, 0.031, 0.031, 0.031, 0.03, 0.031, 0.03, 0.03, 0.031, 0.03, 0.031, 0.031, 0.031, 0.03, 0.03, 0.03, 0.03, 0.03, 0.03, 0.03, 0.03, 0.03, 0.03, 0.03, 0.03, 0.03, 0.03, 0.03, 0.03, 0.03, 0.03, 0.03, 0.03, 0.03, 0.03, 0.03, 0.03]
Max test score: 0.596 found at epoch: 38
Max test score shapes: 0.456 found at epoch: 30
