seed 42
percentFullySupervised 0.2
Active:  BBox loss [True, True, 1] [True, 0.2] [False, 1] linear False False 0 
Active: Scribblesloss True 1 
domainLossMultiplier 0.01
Active: Adjacencyloss True True 30 0.0001 False False 
Active: Relationsloss True 2 True 0.1 False True False 
Active: OneHotloss True 20 
Active: Smoothnessloss True 100 
Active: MinSizeShapesloss True 1 0.5 0.0035 0.015 
Active: MaxSizeShapesloss True 1 0.98 0.2 0.42 

Test Scores: [0.137, 0.199, 0.222, 0.239, 0.256, 0.286, 0.296, 0.295, 0.296, 0.315, 0.344, 0.348, 0.401, 0.405, 0.401, 0.416, 0.415, 0.414, 0.419, 0.444, 0.447, 0.455, 0.49, 0.477, 0.491, 0.477, 0.482, 0.502, 0.475, 0.501, 0.494, 0.486, 0.496, 0.496, 0.51, 0.505, 0.496, 0.5, 0.533, 0.519, 0.504, 0.516, 0.518, 0.515, 0.491, 0.512, 0.528, 0.501, 0.515, 0.52, 0.525, 0.517, 0.525, 0.516, 0.525, 0.516, 0.503, 0.515, 0.533, 0.53, 0.532, 0.533, 0.529, 0.508, 0.537, 0.522, 0.514, 0.513, 0.51, 0.525, 0.513, 0.54, 0.54, 0.534, 0.535, 0.54, 0.547, 0.535, 0.515, 0.531, 0.533, 0.537, 0.532, 0.546, 0.537, 0.529, 0.505, 0.535, 0.538, 0.517, 0.536, 0.549, 0.537, 0.546, 0.536, 0.544, 0.541, 0.549, 0.547, 0.548, 0.54, 0.546, 0.522, 0.533, 0.512, 0.523, 0.521, 0.538, 0.548, 0.547, 0.531, 0.545, 0.53, 0.52, 0.534, 0.538, 0.525, 0.541, 0.52, 0.52, 0.539, 0.518, 0.548, 0.539, 0.541, 0.542, 0.551, 0.529, 0.56, 0.565]
Test Scores w/o background: [0.164, 0.189, 0.202, 0.213, 0.23, 0.23, 0.232, 0.232, 0.237, 0.231, 0.239, 0.23, 0.26, 0.267, 0.26, 0.264, 0.273, 0.254, 0.277, 0.291, 0.3, 0.292, 0.335, 0.326, 0.334, 0.318, 0.335, 0.346, 0.305, 0.35, 0.355, 0.318, 0.356, 0.348, 0.354, 0.352, 0.346, 0.331, 0.385, 0.365, 0.334, 0.374, 0.36, 0.363, 0.322, 0.352, 0.369, 0.347, 0.353, 0.365, 0.371, 0.362, 0.376, 0.354, 0.385, 0.354, 0.331, 0.351, 0.377, 0.378, 0.379, 0.38, 0.371, 0.338, 0.382, 0.359, 0.346, 0.354, 0.339, 0.36, 0.343, 0.384, 0.388, 0.377, 0.378, 0.388, 0.395, 0.376, 0.346, 0.38, 0.376, 0.382, 0.378, 0.398, 0.381, 0.371, 0.33, 0.385, 0.383, 0.35, 0.377, 0.395, 0.377, 0.391, 0.379, 0.388, 0.388, 0.398, 0.393, 0.396, 0.387, 0.399, 0.359, 0.372, 0.343, 0.363, 0.362, 0.38, 0.391, 0.392, 0.366, 0.39, 0.366, 0.35, 0.375, 0.378, 0.364, 0.383, 0.356, 0.356, 0.383, 0.346, 0.394, 0.385, 0.387, 0.382, 0.395, 0.361, 0.408, 0.42]
Train Scores: [0.156, 0.241, 0.253, 0.253, 0.28, 0.305, 0.313, 0.333, 0.323, 0.353, 0.376, 0.362, 0.413, 0.434, 0.439, 0.428, 0.437, 0.447, 0.437, 0.48, 0.5, 0.496, 0.546, 0.528, 0.559, 0.536, 0.567, 0.56, 0.539, 0.567, 0.562, 0.558, 0.561, 0.577, 0.561, 0.561, 0.559, 0.551, 0.579, 0.586, 0.568, 0.576, 0.569, 0.556, 0.546, 0.573, 0.57, 0.557, 0.58, 0.584, 0.583, 0.595, 0.585, 0.578, 0.595, 0.592, 0.571, 0.582, 0.605, 0.592, 0.598, 0.602, 0.581, 0.566, 0.605, 0.588, 0.592, 0.575, 0.575, 0.587, 0.585, 0.609, 0.6, 0.591, 0.601, 0.617, 0.609, 0.609, 0.591, 0.602, 0.607, 0.598, 0.606, 0.626, 0.612, 0.609, 0.574, 0.599, 0.611, 0.596, 0.611, 0.616, 0.611, 0.62, 0.615, 0.601, 0.616, 0.62, 0.589, 0.609, 0.608, 0.619, 0.596, 0.602, 0.605, 0.604, 0.608, 0.615, 0.637, 0.632, 0.62, 0.617, 0.613, 0.577, 0.598, 0.599, 0.583, 0.608, 0.609, 0.617, 0.633, 0.593, 0.608, 0.596, 0.601, 0.604, 0.605, 0.587, 0.613, 0.629]
Train Scores w/o background: [0.189, 0.222, 0.232, 0.225, 0.266, 0.249, 0.241, 0.275, 0.266, 0.275, 0.272, 0.271, 0.283, 0.305, 0.309, 0.284, 0.3, 0.303, 0.295, 0.331, 0.364, 0.347, 0.39, 0.39, 0.414, 0.387, 0.438, 0.416, 0.387, 0.43, 0.428, 0.403, 0.424, 0.444, 0.409, 0.426, 0.426, 0.397, 0.44, 0.449, 0.418, 0.439, 0.422, 0.414, 0.392, 0.424, 0.425, 0.411, 0.436, 0.445, 0.439, 0.458, 0.436, 0.436, 0.461, 0.452, 0.423, 0.439, 0.466, 0.451, 0.457, 0.46, 0.434, 0.409, 0.47, 0.447, 0.45, 0.431, 0.426, 0.445, 0.433, 0.473, 0.463, 0.443, 0.461, 0.481, 0.471, 0.469, 0.443, 0.472, 0.47, 0.458, 0.473, 0.498, 0.473, 0.474, 0.421, 0.463, 0.472, 0.452, 0.468, 0.475, 0.474, 0.485, 0.477, 0.455, 0.477, 0.483, 0.442, 0.467, 0.469, 0.486, 0.451, 0.459, 0.461, 0.464, 0.468, 0.473, 0.5, 0.498, 0.479, 0.479, 0.472, 0.422, 0.453, 0.452, 0.433, 0.464, 0.463, 0.477, 0.502, 0.444, 0.467, 0.455, 0.47, 0.464, 0.461, 0.437, 0.473, 0.491]
Train Loss: [10.518, 8.566, 6.839, 5.476, 4.646, 3.836, 3.231, 2.734, 2.374, 2.121, 1.898, 1.772, 1.641, 1.528, 1.427, 1.343, 1.299, 1.235, 1.198, 1.141, 1.098, 1.031, 0.964, 0.915, 0.885, 0.841, 0.798, 0.769, 0.738, 0.709, 0.66, 0.647, 0.616, 0.581, 0.556, 0.54, 0.511, 0.499, 0.48, 0.443, 0.444, 0.435, 0.397, 0.388, 0.386, 0.363, 0.355, 0.335, 0.324, 0.311, 0.293, 0.295, 0.29, 0.288, 0.263, 0.268, 0.253, 0.252, 0.226, 0.201, 0.198, 0.215, 0.197, 0.203, 0.194, 0.206, 0.191, 0.187, 0.193, 0.17, 0.168, 0.164, 0.143, 0.148, 0.152, 0.145, 0.145, 0.139, 0.144, 0.142, 0.136, 0.158, 0.164, 0.152, 0.138, 0.133, 0.137, 0.139, 0.137, 0.132, 0.133, 0.122, 0.113, 0.123, 0.114, 0.108, 0.102, 0.098, 0.093, 0.108, 0.106, 0.139, 0.165, 0.152, 0.116, 0.113, 0.111, 0.116, 0.092, 0.152, 0.131, 0.096, 0.098, 0.097, 0.095, 0.094, 0.106, 0.122, 0.116, 0.118, 0.115, 0.102, 0.127, 0.084, 0.1, 0.091, 0.081, 0.086, 0.092, 0.079]
Max test score: 0.565 found at epoch: 130
Max test score shapes: 0.42 found at epoch: 130
Avg generalisation ratio: 0.827
Avg generalisation diff: 0.075