seed 42
percentFullySupervised 0.2
Active:  BBox loss [True, True, 1] [True, 0.2] [False, 1] linear False False 0 
domainLossMultiplier 0.01
Active: Adjacencyloss True True 30 0.0001 False False 
Active: Relationsloss True 2 True 0.1 False True False 
Active: OneHotloss True 20 
Active: Smoothnessloss True 100 
Active: MinSizeShapesloss True 1 0.5 0.0035 0.015 
Active: MaxSizeShapesloss True 1 0.98 0.2 0.42 

Test Scores: [0.221, 0.272, 0.28, 0.305, 0.281, 0.311, 0.393, 0.394, 0.388, 0.413, 0.42, 0.38, 0.403, 0.401, 0.43, 0.411, 0.411, 0.403, 0.421, 0.411, 0.417, 0.405, 0.407, 0.411, 0.402, 0.414, 0.431, 0.405, 0.399, 0.41, 0.408, 0.399, 0.43, 0.417, 0.429, 0.43, 0.425, 0.42, 0.441, 0.417, 0.392, 0.436, 0.428, 0.437, 0.399, 0.412, 0.427, 0.42, 0.418, 0.426, 0.457, 0.415, 0.461, 0.423, 0.45, 0.44, 0.416, 0.41, 0.438, 0.415, 0.431, 0.449, 0.416, 0.437, 0.466, 0.417, 0.419, 0.437, 0.439, 0.446, 0.434, 0.431, 0.459, 0.453, 0.432, 0.457, 0.451, 0.445, 0.427, 0.452, 0.442, 0.437, 0.449, 0.443, 0.452, 0.432, 0.433, 0.434, 0.456, 0.424, 0.464, 0.459, 0.444, 0.45, 0.424, 0.457, 0.458, 0.465, 0.441, 0.459, 0.446, 0.463, 0.433, 0.469, 0.458, 0.45, 0.457, 0.419, 0.449, 0.458, 0.417, 0.445, 0.458, 0.441, 0.467, 0.437, 0.436, 0.435, 0.463, 0.455, 0.465, 0.431, 0.466, 0.452, 0.462, 0.455, 0.475, 0.433, 0.462, 0.492]
Test Scores w/o background: [0.147, 0.179, 0.188, 0.191, 0.172, 0.19, 0.238, 0.234, 0.223, 0.245, 0.248, 0.207, 0.239, 0.217, 0.258, 0.232, 0.229, 0.232, 0.246, 0.233, 0.248, 0.218, 0.224, 0.222, 0.223, 0.245, 0.243, 0.224, 0.199, 0.237, 0.216, 0.203, 0.253, 0.227, 0.232, 0.25, 0.253, 0.22, 0.267, 0.224, 0.18, 0.257, 0.242, 0.248, 0.207, 0.223, 0.237, 0.231, 0.224, 0.23, 0.282, 0.215, 0.289, 0.231, 0.267, 0.249, 0.21, 0.213, 0.257, 0.217, 0.235, 0.274, 0.209, 0.24, 0.289, 0.222, 0.216, 0.254, 0.241, 0.258, 0.237, 0.243, 0.275, 0.27, 0.229, 0.277, 0.276, 0.255, 0.231, 0.271, 0.252, 0.243, 0.263, 0.254, 0.264, 0.233, 0.238, 0.239, 0.267, 0.225, 0.287, 0.27, 0.254, 0.26, 0.224, 0.268, 0.289, 0.283, 0.251, 0.28, 0.257, 0.283, 0.231, 0.284, 0.268, 0.257, 0.269, 0.212, 0.263, 0.272, 0.217, 0.258, 0.277, 0.248, 0.283, 0.238, 0.24, 0.235, 0.285, 0.277, 0.285, 0.229, 0.281, 0.262, 0.286, 0.262, 0.295, 0.238, 0.276, 0.332]
Train Scores: [0.266, 0.307, 0.306, 0.362, 0.294, 0.338, 0.421, 0.416, 0.404, 0.421, 0.439, 0.395, 0.449, 0.432, 0.461, 0.416, 0.416, 0.393, 0.434, 0.435, 0.462, 0.416, 0.451, 0.454, 0.452, 0.433, 0.469, 0.454, 0.437, 0.447, 0.443, 0.45, 0.493, 0.456, 0.451, 0.46, 0.487, 0.459, 0.489, 0.438, 0.422, 0.484, 0.471, 0.473, 0.438, 0.473, 0.475, 0.482, 0.447, 0.461, 0.501, 0.468, 0.476, 0.457, 0.482, 0.495, 0.441, 0.444, 0.504, 0.459, 0.462, 0.507, 0.439, 0.466, 0.502, 0.438, 0.443, 0.46, 0.455, 0.449, 0.464, 0.456, 0.45, 0.51, 0.474, 0.496, 0.495, 0.487, 0.486, 0.496, 0.486, 0.471, 0.482, 0.482, 0.488, 0.487, 0.481, 0.479, 0.484, 0.468, 0.477, 0.467, 0.463, 0.477, 0.463, 0.486, 0.51, 0.491, 0.46, 0.488, 0.481, 0.486, 0.47, 0.477, 0.475, 0.469, 0.488, 0.452, 0.5, 0.516, 0.476, 0.482, 0.496, 0.471, 0.489, 0.455, 0.489, 0.477, 0.5, 0.486, 0.5, 0.47, 0.486, 0.491, 0.501, 0.493, 0.507, 0.481, 0.483, 0.536]
Train Scores w/o background: [0.178, 0.202, 0.203, 0.23, 0.183, 0.213, 0.257, 0.255, 0.232, 0.248, 0.26, 0.221, 0.263, 0.256, 0.281, 0.216, 0.233, 0.223, 0.239, 0.252, 0.282, 0.222, 0.267, 0.273, 0.27, 0.263, 0.281, 0.28, 0.246, 0.273, 0.254, 0.263, 0.323, 0.269, 0.255, 0.278, 0.321, 0.267, 0.316, 0.24, 0.216, 0.308, 0.287, 0.298, 0.244, 0.285, 0.288, 0.304, 0.256, 0.268, 0.323, 0.279, 0.296, 0.278, 0.3, 0.317, 0.244, 0.263, 0.34, 0.267, 0.273, 0.334, 0.234, 0.274, 0.333, 0.246, 0.241, 0.277, 0.254, 0.259, 0.27, 0.268, 0.261, 0.339, 0.284, 0.324, 0.316, 0.306, 0.301, 0.319, 0.308, 0.283, 0.297, 0.299, 0.308, 0.304, 0.296, 0.293, 0.3, 0.276, 0.309, 0.278, 0.267, 0.288, 0.27, 0.3, 0.34, 0.313, 0.273, 0.307, 0.3, 0.307, 0.275, 0.286, 0.285, 0.273, 0.306, 0.252, 0.319, 0.34, 0.288, 0.301, 0.317, 0.277, 0.3, 0.254, 0.304, 0.281, 0.322, 0.301, 0.316, 0.275, 0.296, 0.304, 0.333, 0.306, 0.328, 0.292, 0.292, 0.37]
Train Loss: [5.276, 3.93, 3.028, 2.576, 2.255, 2.007, 1.817, 1.644, 1.564, 1.439, 1.344, 1.265, 1.179, 1.134, 1.085, 1.035, 0.976, 0.94, 0.898, 0.859, 0.811, 0.755, 0.748, 0.721, 0.715, 0.682, 0.643, 0.654, 0.587, 0.563, 0.523, 0.51, 0.487, 0.469, 0.461, 0.438, 0.419, 0.409, 0.377, 0.375, 0.364, 0.369, 0.356, 0.326, 0.301, 0.307, 0.293, 0.27, 0.267, 0.256, 0.255, 0.246, 0.24, 0.249, 0.239, 0.249, 0.239, 0.218, 0.21, 0.213, 0.208, 0.192, 0.195, 0.195, 0.199, 0.199, 0.213, 0.197, 0.2, 0.193, 0.186, 0.162, 0.157, 0.164, 0.149, 0.149, 0.15, 0.158, 0.153, 0.139, 0.143, 0.14, 0.118, 0.12, 0.11, 0.113, 0.109, 0.106, 0.114, 0.111, 0.117, 0.114, 0.111, 0.105, 0.107, 0.107, 0.1, 0.094, 0.095, 0.092, 0.095, 0.101, 0.107, 0.115, 0.124, 0.114, 0.109, 0.101, 0.099, 0.101, 0.103, 0.116, 0.1, 0.11, 0.114, 0.113, 0.11, 0.104, 0.089, 0.081, 0.083, 0.079, 0.091, 0.079, 0.073, 0.066, 0.07, 0.07, 0.077, 0.086]
Max test score: 0.492 found at epoch: 130
Max test score shapes: 0.332 found at epoch: 130
Avg generalisation ratio: 0.875
Avg generalisation diff: 0.036