seed 42
percentFullySupervised 0.2
Active:  BBox loss [True, False, 1] [True, 0.2] [False, 1] linear True False 0 
Active: Scribblesloss True 1 
domainLossMultiplier 0.01
Active: Adjacencyloss True True 30 0.0001 False False 
Active: Relationsloss True 2 True 0.1 False True False 
Active: OneHotloss True 20 
Active: Smoothnessloss True 100 
Active: MinSizeShapesloss True 1 0.5 0.0035 0.015 
Active: MaxSizeShapesloss True 1 0.98 0.2 0.42 

Test Scores: [0.314, 0.384, 0.409, 0.458, 0.446, 0.459, 0.478, 0.476, 0.47, 0.496, 0.462, 0.505, 0.478, 0.468, 0.448, 0.477, 0.458, 0.467, 0.472, 0.481, 0.47, 0.46, 0.45, 0.487, 0.455, 0.464, 0.486, 0.489, 0.478, 0.466, 0.478, 0.473, 0.466, 0.474, 0.476, 0.484, 0.47, 0.489, 0.489, 0.483, 0.452, 0.512, 0.499, 0.488, 0.472, 0.473, 0.49, 0.498, 0.493, 0.479, 0.492, 0.476, 0.501, 0.481, 0.503, 0.488, 0.457, 0.47, 0.504, 0.478, 0.487, 0.506, 0.489, 0.483, 0.514, 0.482, 0.488, 0.496, 0.49, 0.48, 0.48, 0.501, 0.516, 0.5, 0.482, 0.499, 0.504, 0.491, 0.457, 0.491, 0.491, 0.482, 0.495, 0.486, 0.499, 0.491, 0.493, 0.469, 0.5, 0.481, 0.508, 0.502, 0.503, 0.518, 0.508, 0.517, 0.515, 0.505, 0.515, 0.508, 0.484, 0.482, 0.485, 0.508, 0.509, 0.508, 0.507, 0.495, 0.493, 0.508, 0.502, 0.497, 0.509, 0.473, 0.489, 0.485, 0.473, 0.488, 0.472, 0.496, 0.501, 0.497, 0.498, 0.481, 0.493, 0.485, 0.482, 0.47, 0.509, 0.521]
Test Scores w/o background: [0.175, 0.244, 0.284, 0.307, 0.309, 0.315, 0.329, 0.333, 0.316, 0.346, 0.305, 0.35, 0.316, 0.314, 0.298, 0.32, 0.301, 0.299, 0.324, 0.325, 0.325, 0.292, 0.288, 0.331, 0.306, 0.305, 0.339, 0.327, 0.308, 0.317, 0.313, 0.309, 0.316, 0.311, 0.31, 0.335, 0.31, 0.32, 0.323, 0.32, 0.267, 0.356, 0.342, 0.323, 0.297, 0.304, 0.321, 0.335, 0.323, 0.305, 0.332, 0.299, 0.335, 0.308, 0.34, 0.321, 0.266, 0.287, 0.342, 0.3, 0.323, 0.351, 0.318, 0.307, 0.352, 0.309, 0.316, 0.327, 0.313, 0.301, 0.299, 0.339, 0.357, 0.332, 0.303, 0.332, 0.335, 0.326, 0.272, 0.32, 0.326, 0.305, 0.329, 0.317, 0.336, 0.322, 0.323, 0.286, 0.33, 0.307, 0.342, 0.335, 0.339, 0.358, 0.344, 0.349, 0.36, 0.343, 0.351, 0.347, 0.308, 0.306, 0.308, 0.339, 0.34, 0.34, 0.341, 0.32, 0.321, 0.341, 0.328, 0.33, 0.344, 0.291, 0.318, 0.308, 0.289, 0.311, 0.298, 0.327, 0.336, 0.326, 0.328, 0.303, 0.319, 0.304, 0.3, 0.286, 0.343, 0.366]
Train Scores: [0.397, 0.494, 0.471, 0.542, 0.517, 0.538, 0.527, 0.527, 0.529, 0.55, 0.536, 0.552, 0.526, 0.508, 0.494, 0.528, 0.508, 0.507, 0.523, 0.535, 0.541, 0.493, 0.488, 0.521, 0.491, 0.517, 0.525, 0.511, 0.511, 0.511, 0.518, 0.523, 0.515, 0.517, 0.507, 0.539, 0.526, 0.546, 0.539, 0.527, 0.479, 0.578, 0.547, 0.54, 0.503, 0.544, 0.532, 0.558, 0.544, 0.529, 0.554, 0.523, 0.552, 0.536, 0.58, 0.545, 0.493, 0.513, 0.57, 0.514, 0.522, 0.583, 0.548, 0.547, 0.589, 0.536, 0.532, 0.558, 0.559, 0.546, 0.545, 0.539, 0.557, 0.545, 0.521, 0.539, 0.544, 0.519, 0.493, 0.513, 0.519, 0.524, 0.522, 0.506, 0.519, 0.522, 0.518, 0.497, 0.557, 0.524, 0.553, 0.536, 0.549, 0.564, 0.535, 0.552, 0.578, 0.549, 0.552, 0.558, 0.51, 0.522, 0.514, 0.534, 0.547, 0.549, 0.532, 0.517, 0.528, 0.564, 0.54, 0.547, 0.53, 0.5, 0.507, 0.504, 0.497, 0.514, 0.549, 0.519, 0.538, 0.534, 0.554, 0.533, 0.559, 0.524, 0.522, 0.495, 0.535, 0.551]
Train Scores w/o background: [0.242, 0.359, 0.331, 0.387, 0.374, 0.401, 0.385, 0.387, 0.387, 0.41, 0.392, 0.406, 0.382, 0.359, 0.35, 0.383, 0.356, 0.344, 0.379, 0.396, 0.405, 0.324, 0.323, 0.364, 0.339, 0.362, 0.382, 0.353, 0.343, 0.367, 0.358, 0.368, 0.369, 0.361, 0.344, 0.397, 0.376, 0.391, 0.384, 0.367, 0.297, 0.441, 0.405, 0.387, 0.332, 0.393, 0.373, 0.408, 0.39, 0.367, 0.409, 0.358, 0.399, 0.377, 0.441, 0.393, 0.311, 0.343, 0.427, 0.341, 0.358, 0.446, 0.393, 0.392, 0.451, 0.376, 0.37, 0.409, 0.405, 0.389, 0.385, 0.381, 0.405, 0.389, 0.352, 0.38, 0.384, 0.357, 0.316, 0.345, 0.351, 0.355, 0.354, 0.334, 0.356, 0.358, 0.352, 0.321, 0.403, 0.36, 0.4, 0.376, 0.396, 0.416, 0.377, 0.393, 0.438, 0.395, 0.395, 0.404, 0.336, 0.354, 0.339, 0.364, 0.382, 0.392, 0.37, 0.344, 0.365, 0.411, 0.371, 0.391, 0.363, 0.317, 0.33, 0.321, 0.313, 0.337, 0.392, 0.348, 0.377, 0.368, 0.399, 0.365, 0.398, 0.347, 0.344, 0.313, 0.37, 0.394]
Train Loss: [8.788, 6.166, 4.451, 3.303, 2.483, 2.012, 1.613, 1.295, 1.082, 0.93, 0.81, 0.739, 0.65, 0.623, 0.545, 0.491, 0.448, 0.41, 0.371, 0.342, 0.301, 0.287, 0.259, 0.239, 0.21, 0.205, 0.191, 0.182, 0.151, 0.153, 0.145, 0.129, 0.122, 0.118, 0.115, 0.107, 0.088, 0.091, 0.073, 0.068, 0.07, 0.073, 0.062, 0.062, 0.076, 0.05, 0.055, 0.053, 0.044, 0.042, 0.056, 0.067, 0.054, 0.037, 0.05, 0.06, 0.041, 0.045, 0.042, 0.047, 0.042, 0.034, 0.061, 0.067, 0.06, 0.05, 0.05, 0.079, 0.051, 0.033, 0.07, 0.058, 0.042, 0.028, 0.031, 0.033, 0.052, 0.05, 0.061, 0.023, 0.034, 0.035, 0.048, 0.034, 0.027, 0.074, 0.078, 0.041, 0.054, 0.046, 0.044, 0.045, 0.026, 0.039, 0.039, 0.038, 0.017, 0.035, 0.065, 0.059, 0.08, 0.076, 0.066, 0.038, 0.049, 0.013, 0.067, 0.025, 0.043, 0.058, 0.017, 0.02, 0.042, 0.018, 0.062, 0.026, 0.027, 0.068, 0.083, 0.039, 0.039, 0.047, 0.095, 0.034, 0.059, 0.019, 0.016, 0.063, 0.024, 0.051]
Max test score: 0.521 found at epoch: 130
Max test score shapes: 0.366 found at epoch: 130
Avg generalisation ratio: 0.859
Avg generalisation diff: 0.053