seed 42
percentFullySupervised 0.2
Active: ImageLevelloss True True False 2 
Active: Scribblesloss True 1 
domainLossMultiplier 0.01
Active: Adjacencyloss True True 30 0.0001 False False 
Active: Relationsloss True 2 True 0.1 False True False 
Active: OneHotloss True 20 
Active: Smoothnessloss True 100 
Active: MinSizeShapesloss True 1 0.5 0.0035 0.015 
Active: MaxSizeShapesloss True 1 0.98 0.2 0.42 

Test Scores: [0.3, 0.37, 0.409, 0.449, 0.464, 0.458, 0.498, 0.455, 0.446, 0.43, 0.437, 0.381, 0.353, 0.39, 0.38, 0.393, 0.418, 0.409, 0.444, 0.42, 0.456, 0.453, 0.457, 0.479, 0.473, 0.482, 0.494, 0.493, 0.447, 0.527, 0.488, 0.494, 0.508, 0.494, 0.503, 0.504, 0.496, 0.51, 0.523, 0.515, 0.499, 0.53, 0.53, 0.55, 0.525, 0.532, 0.52, 0.511, 0.519, 0.52, 0.522, 0.515, 0.538, 0.52, 0.554, 0.536, 0.526, 0.527, 0.532, 0.531, 0.533, 0.548, 0.534, 0.535, 0.553, 0.51, 0.524, 0.545, 0.526, 0.528, 0.539, 0.535, 0.534, 0.538, 0.496, 0.558, 0.526, 0.554, 0.552, 0.529, 0.545, 0.545, 0.538, 0.551, 0.527, 0.551, 0.553, 0.555, 0.562, 0.54, 0.528, 0.545, 0.535, 0.552, 0.547, 0.552, 0.545, 0.544, 0.552, 0.55, 0.546, 0.55, 0.543, 0.555, 0.551, 0.54, 0.555, 0.52, 0.549, 0.554, 0.556, 0.564, 0.556, 0.554, 0.552, 0.553, 0.55, 0.548, 0.556, 0.565, 0.571, 0.557, 0.551, 0.562, 0.55, 0.538, 0.559, 0.543, 0.557, 0.565]
Test Scores w/o background: [0.144, 0.218, 0.279, 0.294, 0.319, 0.309, 0.339, 0.288, 0.257, 0.229, 0.238, 0.158, 0.118, 0.17, 0.156, 0.172, 0.207, 0.195, 0.247, 0.208, 0.258, 0.252, 0.256, 0.292, 0.283, 0.294, 0.315, 0.31, 0.241, 0.362, 0.31, 0.31, 0.346, 0.31, 0.322, 0.329, 0.33, 0.336, 0.363, 0.341, 0.319, 0.369, 0.362, 0.392, 0.355, 0.367, 0.349, 0.336, 0.348, 0.349, 0.354, 0.346, 0.377, 0.35, 0.397, 0.371, 0.355, 0.361, 0.374, 0.363, 0.369, 0.391, 0.37, 0.37, 0.398, 0.332, 0.355, 0.388, 0.359, 0.36, 0.377, 0.372, 0.371, 0.388, 0.312, 0.403, 0.364, 0.395, 0.393, 0.369, 0.384, 0.382, 0.377, 0.39, 0.356, 0.394, 0.396, 0.395, 0.409, 0.374, 0.359, 0.383, 0.368, 0.394, 0.387, 0.393, 0.389, 0.382, 0.395, 0.392, 0.384, 0.392, 0.38, 0.399, 0.389, 0.373, 0.395, 0.346, 0.393, 0.398, 0.401, 0.411, 0.4, 0.394, 0.395, 0.394, 0.389, 0.391, 0.399, 0.411, 0.422, 0.398, 0.39, 0.404, 0.391, 0.37, 0.401, 0.375, 0.4, 0.412]
Train Scores: [0.32, 0.428, 0.459, 0.5, 0.521, 0.521, 0.541, 0.516, 0.507, 0.485, 0.532, 0.452, 0.419, 0.468, 0.467, 0.451, 0.463, 0.458, 0.508, 0.495, 0.519, 0.513, 0.507, 0.538, 0.537, 0.543, 0.556, 0.551, 0.5, 0.593, 0.566, 0.55, 0.574, 0.542, 0.573, 0.592, 0.575, 0.579, 0.609, 0.575, 0.564, 0.6, 0.603, 0.619, 0.592, 0.601, 0.593, 0.579, 0.582, 0.572, 0.603, 0.59, 0.616, 0.598, 0.616, 0.604, 0.584, 0.606, 0.626, 0.597, 0.608, 0.646, 0.595, 0.59, 0.621, 0.579, 0.614, 0.62, 0.613, 0.602, 0.614, 0.607, 0.59, 0.617, 0.583, 0.623, 0.604, 0.627, 0.606, 0.619, 0.615, 0.615, 0.621, 0.613, 0.601, 0.639, 0.644, 0.625, 0.631, 0.595, 0.606, 0.62, 0.63, 0.638, 0.628, 0.63, 0.63, 0.643, 0.617, 0.621, 0.605, 0.628, 0.633, 0.652, 0.631, 0.617, 0.633, 0.592, 0.625, 0.626, 0.636, 0.639, 0.633, 0.63, 0.629, 0.639, 0.632, 0.628, 0.644, 0.659, 0.663, 0.66, 0.654, 0.665, 0.647, 0.638, 0.656, 0.648, 0.651, 0.642]
Train Scores w/o background: [0.159, 0.272, 0.317, 0.341, 0.373, 0.372, 0.386, 0.369, 0.329, 0.295, 0.362, 0.247, 0.2, 0.27, 0.27, 0.244, 0.261, 0.252, 0.326, 0.302, 0.336, 0.323, 0.314, 0.362, 0.359, 0.365, 0.39, 0.38, 0.305, 0.439, 0.397, 0.376, 0.415, 0.364, 0.408, 0.433, 0.414, 0.417, 0.465, 0.41, 0.396, 0.449, 0.454, 0.475, 0.438, 0.452, 0.439, 0.417, 0.425, 0.411, 0.452, 0.433, 0.468, 0.446, 0.469, 0.451, 0.423, 0.455, 0.485, 0.442, 0.461, 0.51, 0.44, 0.432, 0.476, 0.417, 0.468, 0.475, 0.465, 0.449, 0.467, 0.459, 0.435, 0.476, 0.419, 0.482, 0.457, 0.483, 0.457, 0.476, 0.471, 0.467, 0.478, 0.465, 0.449, 0.503, 0.507, 0.481, 0.493, 0.437, 0.454, 0.477, 0.491, 0.502, 0.487, 0.491, 0.492, 0.508, 0.474, 0.478, 0.455, 0.487, 0.492, 0.52, 0.49, 0.469, 0.491, 0.435, 0.481, 0.482, 0.496, 0.503, 0.494, 0.489, 0.488, 0.501, 0.489, 0.487, 0.508, 0.528, 0.533, 0.529, 0.522, 0.536, 0.51, 0.499, 0.522, 0.511, 0.517, 0.508]
Train Loss: [11.059, 8.931, 7.214, 5.909, 4.898, 4.136, 3.588, 3.126, 2.737, 2.436, 2.185, 2.0, 1.784, 1.668, 1.5, 1.388, 1.26, 1.162, 1.07, 0.982, 0.889, 0.827, 0.767, 0.71, 0.667, 0.599, 0.566, 0.547, 0.495, 0.465, 0.439, 0.398, 0.374, 0.359, 0.339, 0.322, 0.292, 0.307, 0.28, 0.263, 0.252, 0.244, 0.227, 0.219, 0.217, 0.212, 0.205, 0.191, 0.183, 0.181, 0.17, 0.18, 0.176, 0.169, 0.166, 0.157, 0.15, 0.144, 0.148, 0.152, 0.142, 0.147, 0.129, 0.124, 0.136, 0.141, 0.151, 0.15, 0.142, 0.154, 0.153, 0.145, 0.135, 0.131, 0.141, 0.145, 0.131, 0.13, 0.129, 0.115, 0.114, 0.113, 0.121, 0.111, 0.11, 0.115, 0.107, 0.107, 0.103, 0.09, 0.089, 0.096, 0.102, 0.089, 0.105, 0.105, 0.089, 0.091, 0.099, 0.098, 0.101, 0.099, 0.091, 0.092, 0.085, 0.08, 0.074, 0.081, 0.079, 0.076, 0.066, 0.074, 0.071, 0.076, 0.074, 0.067, 0.074, 0.071, 0.07, 0.073, 0.072, 0.066, 0.067, 0.076, 0.069, 0.067, 0.08, 0.064, 0.067, 0.066]
Max test score: 0.571 found at epoch: 121
Max test score shapes: 0.422 found at epoch: 121
Avg generalisation ratio: 0.795
Avg generalisation diff: 0.088