seed 42
percentFullySupervised 0.2
Active:  BBox loss [True, False, 1] [True, 0.2] [False, 1] linear False False 0 
domainLossMultiplier 0.01
Active: Adjacencyloss True True 30 0.0001 False False 
Active: Relationsloss True 2 True 0.1 False True False 
Active: OneHotloss True 20 
Active: Smoothnessloss True 100 
Active: MinSizeShapesloss True 1 0.5 0.0035 0.015 
Active: MaxSizeShapesloss True 1 0.98 0.2 0.42 

Test Scores: [0.271, 0.291, 0.269, 0.269, 0.263, 0.312, 0.349, 0.362, 0.352, 0.357, 0.374, 0.373, 0.395, 0.422, 0.414, 0.433, 0.399, 0.403, 0.448, 0.415, 0.413, 0.415, 0.403, 0.432, 0.41, 0.394, 0.43, 0.447, 0.441, 0.456, 0.428, 0.449, 0.432, 0.434, 0.45, 0.45, 0.437, 0.443, 0.464, 0.437, 0.434, 0.438, 0.464, 0.448, 0.43, 0.45, 0.451, 0.426, 0.448, 0.43, 0.441, 0.435, 0.468, 0.454, 0.474, 0.441, 0.435, 0.407, 0.436, 0.444, 0.436, 0.47, 0.432, 0.442, 0.442, 0.426, 0.445, 0.432, 0.44, 0.451, 0.409, 0.455, 0.456, 0.472, 0.446, 0.448, 0.453, 0.449, 0.419, 0.458, 0.452, 0.45, 0.449, 0.441, 0.456, 0.439, 0.444, 0.434, 0.449, 0.427, 0.407, 0.43, 0.428, 0.458, 0.449, 0.461, 0.473, 0.481, 0.459, 0.46, 0.432, 0.443, 0.43, 0.442, 0.435, 0.423, 0.434, 0.4, 0.444, 0.482, 0.432, 0.449, 0.433, 0.397, 0.42, 0.426, 0.436, 0.439, 0.46, 0.443, 0.457, 0.42, 0.415, 0.436, 0.427, 0.395, 0.402, 0.38, 0.393, 0.438]
Test Scores w/o background: [0.155, 0.18, 0.187, 0.168, 0.165, 0.186, 0.2, 0.21, 0.214, 0.209, 0.227, 0.223, 0.238, 0.27, 0.268, 0.271, 0.234, 0.237, 0.292, 0.245, 0.268, 0.237, 0.236, 0.265, 0.248, 0.23, 0.268, 0.288, 0.266, 0.301, 0.257, 0.283, 0.273, 0.26, 0.272, 0.29, 0.27, 0.256, 0.3, 0.255, 0.239, 0.283, 0.294, 0.268, 0.253, 0.273, 0.27, 0.233, 0.276, 0.235, 0.259, 0.249, 0.292, 0.27, 0.302, 0.252, 0.241, 0.208, 0.266, 0.259, 0.248, 0.299, 0.238, 0.253, 0.252, 0.233, 0.257, 0.24, 0.25, 0.266, 0.202, 0.281, 0.274, 0.301, 0.256, 0.269, 0.272, 0.27, 0.22, 0.284, 0.267, 0.267, 0.264, 0.258, 0.273, 0.245, 0.253, 0.243, 0.257, 0.23, 0.214, 0.236, 0.229, 0.275, 0.262, 0.274, 0.298, 0.299, 0.266, 0.272, 0.236, 0.257, 0.235, 0.247, 0.243, 0.223, 0.236, 0.185, 0.246, 0.303, 0.225, 0.255, 0.233, 0.181, 0.214, 0.22, 0.237, 0.241, 0.274, 0.252, 0.27, 0.215, 0.207, 0.241, 0.235, 0.182, 0.192, 0.162, 0.183, 0.252]
Train Scores: [0.275, 0.306, 0.313, 0.272, 0.274, 0.322, 0.36, 0.376, 0.397, 0.393, 0.396, 0.416, 0.419, 0.445, 0.423, 0.427, 0.431, 0.451, 0.486, 0.442, 0.435, 0.453, 0.42, 0.477, 0.447, 0.43, 0.446, 0.456, 0.464, 0.471, 0.459, 0.485, 0.452, 0.446, 0.476, 0.46, 0.475, 0.488, 0.481, 0.483, 0.471, 0.479, 0.514, 0.489, 0.456, 0.475, 0.477, 0.456, 0.469, 0.464, 0.471, 0.496, 0.527, 0.501, 0.508, 0.494, 0.483, 0.438, 0.451, 0.483, 0.481, 0.488, 0.476, 0.487, 0.516, 0.469, 0.48, 0.458, 0.468, 0.479, 0.475, 0.494, 0.501, 0.503, 0.492, 0.496, 0.5, 0.475, 0.431, 0.475, 0.473, 0.479, 0.48, 0.478, 0.496, 0.511, 0.488, 0.45, 0.484, 0.451, 0.431, 0.496, 0.507, 0.52, 0.503, 0.481, 0.501, 0.508, 0.488, 0.499, 0.482, 0.469, 0.458, 0.455, 0.461, 0.431, 0.457, 0.425, 0.487, 0.524, 0.478, 0.491, 0.485, 0.432, 0.445, 0.437, 0.454, 0.453, 0.472, 0.456, 0.498, 0.468, 0.448, 0.48, 0.484, 0.434, 0.435, 0.412, 0.42, 0.469]
Train Scores w/o background: [0.159, 0.195, 0.22, 0.162, 0.178, 0.199, 0.215, 0.239, 0.252, 0.252, 0.247, 0.262, 0.268, 0.284, 0.271, 0.244, 0.273, 0.286, 0.327, 0.273, 0.277, 0.283, 0.254, 0.321, 0.298, 0.275, 0.289, 0.295, 0.299, 0.317, 0.293, 0.326, 0.295, 0.278, 0.312, 0.304, 0.316, 0.314, 0.325, 0.311, 0.286, 0.326, 0.362, 0.319, 0.294, 0.313, 0.305, 0.271, 0.301, 0.283, 0.3, 0.334, 0.379, 0.335, 0.35, 0.322, 0.304, 0.252, 0.279, 0.312, 0.303, 0.323, 0.295, 0.312, 0.352, 0.288, 0.298, 0.271, 0.28, 0.303, 0.289, 0.336, 0.332, 0.341, 0.312, 0.332, 0.335, 0.306, 0.238, 0.303, 0.283, 0.293, 0.3, 0.309, 0.326, 0.339, 0.305, 0.262, 0.301, 0.266, 0.253, 0.33, 0.334, 0.349, 0.328, 0.295, 0.328, 0.325, 0.294, 0.319, 0.301, 0.294, 0.277, 0.268, 0.279, 0.231, 0.259, 0.208, 0.291, 0.345, 0.279, 0.302, 0.299, 0.225, 0.244, 0.226, 0.252, 0.25, 0.279, 0.257, 0.312, 0.273, 0.247, 0.29, 0.307, 0.228, 0.232, 0.2, 0.209, 0.282]
Train Loss: [4.708, 3.327, 2.347, 1.904, 1.631, 1.444, 1.302, 1.182, 1.08, 0.996, 0.905, 0.833, 0.756, 0.687, 0.62, 0.563, 0.519, 0.478, 0.436, 0.397, 0.36, 0.321, 0.292, 0.269, 0.243, 0.215, 0.196, 0.174, 0.158, 0.141, 0.125, 0.115, 0.104, 0.094, 0.084, 0.075, 0.069, 0.064, 0.058, 0.054, 0.046, 0.041, 0.037, 0.035, 0.032, 0.031, 0.025, 0.023, 0.021, 0.022, 0.02, 0.018, 0.019, 0.014, 0.012, 0.011, 0.012, 0.011, 0.012, 0.009, 0.008, 0.009, 0.008, 0.008, 0.008, 0.005, 0.007, 0.006, 0.004, 0.004, 0.006, 0.011, 0.003, 0.008, 0.003, 0.005, 0.003, 0.005, 0.002, 0.003, 0.003, 0.003, 0.004, 0.001, 0.004, 0.003, 0.002, 0.002, 0.001, 0.005, 0.002, 0.004, 0.002, 0.002, 0.003, 0.001, 0.002, 0.002, 0.002, 0.003, 0.002, 0.002, 0.002, 0.002, 0.002, 0.002, 0.001, 0.006, 0.001, 0.01, 0.001, 0.009, 0.004, 0.003, 0.0, 0.004, 0.001, 0.001, 0.003, 0.002, 0.004, 0.001, 0.008, 0.006, 0.004, 0.005, 0.009, 0.0, 0.001, 0.002]
Max test score: 0.482 found at epoch: 110
Max test score shapes: 0.303 found at epoch: 110
Avg generalisation ratio: 0.867
Avg generalisation diff: 0.039