seed 42
percentFullySupervised 0.2
domainLossMultiplier 0.01

Test Scores: [0.317, 0.406, 0.433, 0.521, 0.559, 0.579, 0.583, 0.594, 0.559, 0.561, 0.589, 0.588, 0.558, 0.6, 0.586, 0.603, 0.591, 0.578, 0.582, 0.59, 0.612, 0.568, 0.572, 0.607, 0.604, 0.585, 0.595, 0.581, 0.544, 0.6, 0.591, 0.588, 0.617, 0.582, 0.562, 0.604, 0.591, 0.548, 0.593, 0.578, 0.547, 0.617, 0.589, 0.585, 0.575, 0.565, 0.582, 0.567, 0.607, 0.575, 0.591, 0.582, 0.608, 0.606, 0.615, 0.586, 0.579, 0.591, 0.614, 0.576, 0.597, 0.596, 0.574, 0.588, 0.616, 0.587, 0.589, 0.587, 0.598, 0.602, 0.6, 0.612, 0.618, 0.612, 0.598, 0.612, 0.613, 0.612, 0.586, 0.597, 0.611, 0.599, 0.622, 0.601, 0.596, 0.607, 0.592, 0.586, 0.625, 0.587, 0.624, 0.604, 0.62, 0.618, 0.606, 0.601, 0.619, 0.613, 0.619, 0.629, 0.606, 0.614, 0.594, 0.601, 0.599, 0.609, 0.621, 0.583, 0.608, 0.622, 0.608, 0.616, 0.615, 0.592, 0.614, 0.61, 0.59, 0.605, 0.58, 0.611, 0.62, 0.608, 0.621, 0.603, 0.608, 0.608, 0.617, 0.586, 0.622, 0.619]
Test Scores w/o background: [0.189, 0.254, 0.293, 0.358, 0.405, 0.433, 0.438, 0.45, 0.401, 0.402, 0.442, 0.439, 0.394, 0.452, 0.434, 0.455, 0.438, 0.42, 0.43, 0.44, 0.47, 0.408, 0.413, 0.463, 0.457, 0.433, 0.445, 0.426, 0.374, 0.453, 0.439, 0.434, 0.479, 0.428, 0.4, 0.458, 0.438, 0.376, 0.445, 0.419, 0.38, 0.476, 0.437, 0.434, 0.416, 0.404, 0.428, 0.408, 0.463, 0.417, 0.44, 0.427, 0.466, 0.461, 0.476, 0.433, 0.422, 0.439, 0.475, 0.419, 0.449, 0.451, 0.417, 0.435, 0.476, 0.434, 0.436, 0.436, 0.45, 0.457, 0.454, 0.472, 0.478, 0.47, 0.449, 0.471, 0.472, 0.468, 0.433, 0.449, 0.468, 0.451, 0.483, 0.456, 0.447, 0.462, 0.441, 0.433, 0.488, 0.434, 0.487, 0.458, 0.482, 0.478, 0.46, 0.456, 0.486, 0.472, 0.481, 0.494, 0.46, 0.474, 0.444, 0.455, 0.452, 0.465, 0.482, 0.431, 0.464, 0.484, 0.463, 0.475, 0.473, 0.44, 0.474, 0.467, 0.438, 0.459, 0.426, 0.47, 0.481, 0.465, 0.482, 0.457, 0.466, 0.462, 0.475, 0.43, 0.483, 0.482]
Train Scores: [0.342, 0.476, 0.508, 0.548, 0.586, 0.632, 0.621, 0.616, 0.602, 0.628, 0.668, 0.667, 0.634, 0.678, 0.64, 0.641, 0.647, 0.641, 0.639, 0.662, 0.691, 0.621, 0.621, 0.685, 0.677, 0.677, 0.676, 0.655, 0.62, 0.676, 0.66, 0.678, 0.718, 0.678, 0.627, 0.689, 0.672, 0.625, 0.671, 0.658, 0.625, 0.699, 0.698, 0.664, 0.658, 0.659, 0.673, 0.653, 0.71, 0.661, 0.673, 0.685, 0.74, 0.707, 0.725, 0.691, 0.668, 0.685, 0.722, 0.665, 0.697, 0.723, 0.671, 0.685, 0.721, 0.686, 0.673, 0.68, 0.697, 0.698, 0.709, 0.724, 0.735, 0.725, 0.687, 0.734, 0.735, 0.73, 0.703, 0.721, 0.705, 0.702, 0.724, 0.737, 0.712, 0.708, 0.703, 0.7, 0.717, 0.698, 0.72, 0.704, 0.729, 0.717, 0.708, 0.72, 0.75, 0.723, 0.724, 0.723, 0.704, 0.723, 0.72, 0.726, 0.723, 0.703, 0.734, 0.672, 0.723, 0.736, 0.724, 0.717, 0.713, 0.692, 0.725, 0.7, 0.699, 0.718, 0.711, 0.728, 0.749, 0.735, 0.723, 0.698, 0.738, 0.712, 0.72, 0.691, 0.722, 0.755]
Train Scores w/o background: [0.205, 0.325, 0.36, 0.385, 0.441, 0.489, 0.468, 0.462, 0.437, 0.476, 0.532, 0.531, 0.483, 0.545, 0.492, 0.492, 0.501, 0.494, 0.492, 0.522, 0.564, 0.464, 0.463, 0.554, 0.545, 0.541, 0.543, 0.513, 0.461, 0.541, 0.521, 0.545, 0.602, 0.544, 0.472, 0.56, 0.534, 0.467, 0.535, 0.515, 0.469, 0.573, 0.572, 0.525, 0.516, 0.517, 0.537, 0.511, 0.589, 0.52, 0.537, 0.553, 0.632, 0.584, 0.613, 0.563, 0.531, 0.553, 0.607, 0.525, 0.572, 0.609, 0.536, 0.553, 0.605, 0.554, 0.537, 0.547, 0.571, 0.573, 0.588, 0.608, 0.624, 0.609, 0.557, 0.622, 0.626, 0.618, 0.579, 0.609, 0.582, 0.579, 0.61, 0.628, 0.592, 0.587, 0.577, 0.574, 0.599, 0.572, 0.602, 0.58, 0.616, 0.599, 0.586, 0.603, 0.647, 0.607, 0.609, 0.608, 0.582, 0.608, 0.605, 0.613, 0.608, 0.58, 0.623, 0.537, 0.608, 0.625, 0.608, 0.601, 0.594, 0.563, 0.61, 0.575, 0.574, 0.6, 0.59, 0.614, 0.645, 0.625, 0.608, 0.573, 0.635, 0.592, 0.603, 0.562, 0.606, 0.654]
Train Loss: [1.811, 1.618, 1.499, 1.415, 1.355, 1.307, 1.27, 1.233, 1.197, 1.164, 1.131, 1.097, 1.066, 1.039, 1.01, 0.985, 0.96, 0.938, 0.916, 0.895, 0.876, 0.859, 0.842, 0.826, 0.811, 0.795, 0.781, 0.768, 0.755, 0.744, 0.733, 0.723, 0.714, 0.705, 0.697, 0.69, 0.683, 0.676, 0.671, 0.666, 0.659, 0.654, 0.649, 0.645, 0.64, 0.636, 0.634, 0.63, 0.627, 0.624, 0.621, 0.619, 0.616, 0.614, 0.612, 0.61, 0.608, 0.607, 0.607, 0.605, 0.603, 0.602, 0.601, 0.599, 0.599, 0.598, 0.597, 0.596, 0.595, 0.593, 0.593, 0.593, 0.593, 0.592, 0.591, 0.591, 0.59, 0.59, 0.59, 0.59, 0.589, 0.588, 0.588, 0.587, 0.587, 0.587, 0.587, 0.586, 0.586, 0.585, 0.585, 0.584, 0.584, 0.583, 0.583, 0.583, 0.582, 0.582, 0.582, 0.582, 0.581, 0.581, 0.581, 0.58, 0.58, 0.58, 0.58, 0.58, 0.579, 0.579, 0.579, 0.58, 0.579, 0.578, 0.578, 0.578, 0.578, 0.578, 0.578, 0.577, 0.577, 0.577, 0.577, 0.576, 0.576, 0.576, 0.576, 0.576, 0.575, 0.576]
Max test score: 0.629 found at epoch: 100
Max test score shapes: 0.494 found at epoch: 100
Avg generalisation ratio: 0.8
Avg generalisation diff: 0.113