FullySupervisedPercentage: 0.4
logic loss multiplier: 0.01
Active: OneHotloss True 35 

Test Scores: [0.248, 0.272, 0.278, 0.281, 0.294, 0.314, 0.317, 0.305, 0.353, 0.405, 0.445, 0.397, 0.485, 0.468, 0.466, 0.495, 0.52, 0.464, 0.49, 0.505, 0.486, 0.548, 0.545, 0.523, 0.52, 0.588, 0.57, 0.503, 0.522, 0.569, 0.553, 0.623, 0.585, 0.593, 0.624, 0.565, 0.562, 0.6, 0.641, 0.696, 0.647, 0.609, 0.641, 0.633, 0.593, 0.662, 0.615, 0.659, 0.685, 0.706, 0.685, 0.635, 0.655, 0.624, 0.637, 0.668, 0.665, 0.67, 0.715, 0.625, 0.605, 0.606, 0.617, 0.571, 0.639, 0.653, 0.732, 0.67, 0.604, 0.677, 0.664, 0.641, 0.668, 0.753, 0.672, 0.649, 0.738, 0.686, 0.688, 0.677, 0.753, 0.727, 0.661, 0.665, 0.745, 0.68, 0.676, 0.713, 0.655, 0.613, 0.715, 0.73, 0.722, 0.667, 0.647, 0.741, 0.7, 0.725, 0.685, 0.661, 0.706, 0.746, 0.663, 0.764, 0.748, 0.75, 0.666, 0.673, 0.656, 0.766, 0.683, 0.723, 0.696, 0.731, 0.702, 0.788, 0.716, 0.665, 0.737, 0.693]
Test Scores w/o background: [0.066, 0.085, 0.084, 0.093, 0.106, 0.129, 0.129, 0.141, 0.196, 0.25, 0.298, 0.229, 0.341, 0.33, 0.322, 0.347, 0.375, 0.297, 0.34, 0.35, 0.327, 0.408, 0.403, 0.379, 0.361, 0.452, 0.428, 0.339, 0.364, 0.426, 0.405, 0.499, 0.447, 0.459, 0.499, 0.421, 0.417, 0.467, 0.522, 0.595, 0.53, 0.479, 0.523, 0.511, 0.457, 0.55, 0.488, 0.546, 0.58, 0.609, 0.581, 0.514, 0.541, 0.499, 0.517, 0.558, 0.554, 0.561, 0.62, 0.501, 0.475, 0.475, 0.49, 0.429, 0.519, 0.539, 0.644, 0.56, 0.473, 0.57, 0.552, 0.522, 0.558, 0.672, 0.564, 0.532, 0.651, 0.582, 0.585, 0.57, 0.671, 0.636, 0.549, 0.554, 0.66, 0.574, 0.569, 0.618, 0.541, 0.484, 0.621, 0.641, 0.63, 0.556, 0.529, 0.656, 0.6, 0.634, 0.581, 0.548, 0.608, 0.662, 0.551, 0.686, 0.664, 0.667, 0.555, 0.565, 0.542, 0.689, 0.577, 0.631, 0.595, 0.642, 0.603, 0.718, 0.623, 0.554, 0.65, 0.592]
Train Scores: [0.238, 0.257, 0.272, 0.286, 0.295, 0.313, 0.335, 0.33, 0.399, 0.449, 0.504, 0.484, 0.545, 0.546, 0.538, 0.565, 0.602, 0.547, 0.573, 0.59, 0.556, 0.63, 0.591, 0.601, 0.64, 0.685, 0.67, 0.615, 0.649, 0.694, 0.665, 0.725, 0.692, 0.719, 0.716, 0.673, 0.703, 0.735, 0.742, 0.743, 0.722, 0.709, 0.759, 0.751, 0.689, 0.752, 0.691, 0.771, 0.792, 0.776, 0.759, 0.756, 0.746, 0.751, 0.731, 0.78, 0.759, 0.755, 0.789, 0.736, 0.746, 0.732, 0.739, 0.705, 0.738, 0.754, 0.799, 0.773, 0.74, 0.766, 0.767, 0.757, 0.748, 0.837, 0.779, 0.763, 0.822, 0.777, 0.78, 0.757, 0.845, 0.838, 0.781, 0.805, 0.824, 0.775, 0.787, 0.804, 0.757, 0.707, 0.814, 0.806, 0.811, 0.764, 0.746, 0.809, 0.809, 0.845, 0.802, 0.779, 0.801, 0.842, 0.753, 0.825, 0.807, 0.834, 0.802, 0.816, 0.786, 0.844, 0.818, 0.841, 0.821, 0.832, 0.824, 0.865, 0.8, 0.761, 0.817, 0.805]
Train Scores w/o background: [0.051, 0.064, 0.076, 0.099, 0.106, 0.128, 0.153, 0.174, 0.257, 0.309, 0.376, 0.345, 0.42, 0.432, 0.417, 0.441, 0.484, 0.406, 0.449, 0.463, 0.419, 0.517, 0.465, 0.483, 0.52, 0.581, 0.561, 0.487, 0.533, 0.592, 0.554, 0.634, 0.59, 0.626, 0.622, 0.564, 0.605, 0.647, 0.656, 0.657, 0.63, 0.612, 0.679, 0.669, 0.586, 0.67, 0.589, 0.696, 0.724, 0.702, 0.679, 0.675, 0.661, 0.669, 0.642, 0.708, 0.68, 0.674, 0.719, 0.648, 0.662, 0.643, 0.652, 0.607, 0.652, 0.673, 0.733, 0.698, 0.653, 0.688, 0.69, 0.676, 0.665, 0.783, 0.705, 0.684, 0.763, 0.704, 0.708, 0.677, 0.793, 0.784, 0.709, 0.74, 0.766, 0.7, 0.716, 0.739, 0.676, 0.61, 0.753, 0.742, 0.748, 0.685, 0.662, 0.746, 0.746, 0.794, 0.736, 0.706, 0.736, 0.789, 0.671, 0.767, 0.743, 0.779, 0.737, 0.755, 0.715, 0.792, 0.758, 0.788, 0.762, 0.777, 0.766, 0.821, 0.733, 0.682, 0.756, 0.74]
Train Loss: [1.009, 0.926, 0.884, 0.853, 0.823, 0.793, 0.763, 0.738, 0.705, 0.67, 0.639, 0.612, 0.584, 0.56, 0.541, 0.516, 0.495, 0.481, 0.469, 0.451, 0.438, 0.427, 0.418, 0.408, 0.391, 0.37, 0.361, 0.356, 0.346, 0.338, 0.335, 0.331, 0.332, 0.326, 0.324, 0.321, 0.315, 0.318, 0.313, 0.314, 0.311, 0.308, 0.307, 0.307, 0.306, 0.306, 0.306, 0.305, 0.306, 0.305, 0.304, 0.304, 0.306, 0.305, 0.303, 0.304, 0.303, 0.303, 0.302, 0.302, 0.303, 0.302, 0.304, 0.304, 0.302, 0.302, 0.302, 0.302, 0.302, 0.302, 0.302, 0.302, 0.301, 0.302, 0.302, 0.302, 0.302, 0.301, 0.302, 0.302, 0.301, 0.301, 0.301, 0.301, 0.302, 0.301, 0.301, 0.301, 0.301, 0.301, 0.301, 0.301, 0.301, 0.301, 0.301, 0.301, 0.301, 0.301, 0.301, 0.301, 0.302, 0.302, 0.301, 0.302, 0.301, 0.301, 0.301, 0.301, 0.3, 0.301, 0.3, 0.3, 0.3, 0.3, 0.3, 0.3, 0.3, 0.301, 0.3, 0.3]
Max test score: 0.788 found at epoch: 116
Max test score shapes: 0.718 found at epoch: 116
