FullySupervisedPercentage: 0.4
logic loss multiplier: 0.01
Active: Smoothnessloss True 100 

Test Scores: [0.278, 0.318, 0.343, 0.338, 0.36, 0.358, 0.39, 0.389, 0.438, 0.416, 0.421, 0.421, 0.463, 0.437, 0.489, 0.495, 0.489, 0.505, 0.514, 0.563, 0.533, 0.566, 0.546, 0.608, 0.526, 0.573, 0.547, 0.61, 0.559, 0.558, 0.582, 0.528, 0.574, 0.611, 0.596, 0.661, 0.576, 0.623, 0.578, 0.626, 0.623, 0.657, 0.604, 0.606, 0.535, 0.558, 0.61, 0.637, 0.541, 0.579, 0.632, 0.609, 0.597, 0.645, 0.68, 0.647, 0.593, 0.598, 0.603, 0.636, 0.626, 0.648, 0.662, 0.622, 0.684, 0.654, 0.676, 0.646, 0.702, 0.647, 0.617, 0.653, 0.619, 0.69, 0.603, 0.634, 0.549, 0.702, 0.716, 0.709, 0.65, 0.706, 0.632, 0.688, 0.699, 0.728, 0.704, 0.692, 0.664, 0.689, 0.678, 0.675, 0.668, 0.697, 0.568, 0.644, 0.613, 0.635, 0.665, 0.667, 0.669, 0.71, 0.733, 0.703, 0.65, 0.652, 0.69, 0.7, 0.698, 0.694, 0.625, 0.648, 0.699, 0.677, 0.671, 0.684, 0.701, 0.671, 0.673, 0.672]
Test Scores w/o background: [0.087, 0.127, 0.153, 0.145, 0.17, 0.169, 0.211, 0.206, 0.27, 0.24, 0.247, 0.244, 0.298, 0.262, 0.33, 0.336, 0.327, 0.344, 0.354, 0.419, 0.379, 0.423, 0.396, 0.479, 0.369, 0.431, 0.398, 0.481, 0.413, 0.412, 0.443, 0.372, 0.433, 0.482, 0.462, 0.548, 0.436, 0.498, 0.438, 0.503, 0.498, 0.544, 0.473, 0.476, 0.381, 0.412, 0.481, 0.517, 0.389, 0.439, 0.509, 0.479, 0.463, 0.527, 0.573, 0.53, 0.457, 0.465, 0.472, 0.515, 0.501, 0.531, 0.55, 0.496, 0.579, 0.54, 0.569, 0.529, 0.604, 0.529, 0.49, 0.539, 0.492, 0.588, 0.471, 0.513, 0.399, 0.603, 0.622, 0.613, 0.533, 0.609, 0.51, 0.584, 0.599, 0.638, 0.606, 0.59, 0.553, 0.586, 0.571, 0.567, 0.558, 0.597, 0.425, 0.526, 0.484, 0.514, 0.554, 0.557, 0.559, 0.614, 0.645, 0.605, 0.534, 0.536, 0.587, 0.6, 0.598, 0.592, 0.501, 0.531, 0.599, 0.57, 0.562, 0.58, 0.602, 0.562, 0.565, 0.564]
Train Scores: [0.284, 0.321, 0.354, 0.344, 0.392, 0.398, 0.428, 0.455, 0.485, 0.489, 0.481, 0.497, 0.538, 0.525, 0.553, 0.585, 0.567, 0.62, 0.631, 0.671, 0.646, 0.691, 0.65, 0.714, 0.673, 0.676, 0.67, 0.716, 0.669, 0.702, 0.714, 0.666, 0.705, 0.73, 0.712, 0.738, 0.714, 0.742, 0.727, 0.716, 0.717, 0.743, 0.718, 0.731, 0.671, 0.707, 0.75, 0.738, 0.672, 0.703, 0.74, 0.742, 0.727, 0.759, 0.747, 0.752, 0.728, 0.701, 0.698, 0.735, 0.748, 0.755, 0.751, 0.738, 0.755, 0.76, 0.752, 0.74, 0.758, 0.771, 0.755, 0.777, 0.736, 0.758, 0.733, 0.778, 0.705, 0.791, 0.787, 0.784, 0.754, 0.762, 0.753, 0.796, 0.785, 0.8, 0.788, 0.799, 0.757, 0.786, 0.778, 0.799, 0.79, 0.798, 0.735, 0.797, 0.771, 0.791, 0.79, 0.809, 0.803, 0.807, 0.814, 0.811, 0.806, 0.796, 0.829, 0.81, 0.788, 0.796, 0.791, 0.81, 0.804, 0.82, 0.802, 0.787, 0.815, 0.803, 0.798, 0.805]
Train Scores w/o background: [0.094, 0.131, 0.167, 0.153, 0.212, 0.222, 0.261, 0.294, 0.333, 0.338, 0.326, 0.346, 0.398, 0.379, 0.416, 0.457, 0.43, 0.498, 0.51, 0.563, 0.529, 0.589, 0.535, 0.62, 0.565, 0.569, 0.561, 0.623, 0.56, 0.603, 0.619, 0.555, 0.607, 0.64, 0.617, 0.652, 0.62, 0.656, 0.636, 0.623, 0.624, 0.659, 0.624, 0.642, 0.562, 0.611, 0.668, 0.652, 0.563, 0.605, 0.654, 0.656, 0.636, 0.679, 0.663, 0.67, 0.637, 0.602, 0.598, 0.648, 0.665, 0.674, 0.669, 0.651, 0.674, 0.68, 0.67, 0.653, 0.677, 0.695, 0.674, 0.703, 0.649, 0.678, 0.644, 0.705, 0.608, 0.722, 0.717, 0.712, 0.672, 0.684, 0.671, 0.729, 0.714, 0.734, 0.718, 0.733, 0.676, 0.716, 0.704, 0.732, 0.72, 0.732, 0.647, 0.73, 0.695, 0.722, 0.721, 0.745, 0.738, 0.744, 0.753, 0.748, 0.741, 0.728, 0.772, 0.747, 0.718, 0.728, 0.722, 0.747, 0.739, 0.76, 0.736, 0.717, 0.754, 0.737, 0.731, 0.74]
Train Loss: [0.943, 0.888, 0.86, 0.838, 0.821, 0.805, 0.785, 0.767, 0.753, 0.735, 0.72, 0.701, 0.679, 0.66, 0.636, 0.612, 0.59, 0.569, 0.546, 0.524, 0.503, 0.484, 0.468, 0.452, 0.437, 0.424, 0.411, 0.4, 0.389, 0.378, 0.369, 0.36, 0.352, 0.346, 0.341, 0.335, 0.331, 0.328, 0.325, 0.324, 0.323, 0.315, 0.315, 0.313, 0.309, 0.309, 0.307, 0.307, 0.309, 0.306, 0.305, 0.306, 0.305, 0.305, 0.304, 0.304, 0.303, 0.305, 0.303, 0.303, 0.302, 0.304, 0.304, 0.302, 0.302, 0.302, 0.302, 0.302, 0.301, 0.304, 0.301, 0.303, 0.301, 0.302, 0.302, 0.301, 0.301, 0.301, 0.301, 0.301, 0.301, 0.301, 0.301, 0.301, 0.301, 0.301, 0.3, 0.301, 0.301, 0.301, 0.301, 0.301, 0.302, 0.301, 0.3, 0.301, 0.301, 0.3, 0.3, 0.301, 0.3, 0.3, 0.3, 0.3, 0.3, 0.3, 0.3, 0.3, 0.3, 0.3, 0.3, 0.3, 0.3, 0.3, 0.3, 0.3, 0.3, 0.3, 0.3, 0.3]
Max test score: 0.733 found at epoch: 103
Max test score shapes: 0.645 found at epoch: 103
