FullySupervisedPercentage: 0.4
logic loss multiplier: 0.01

Test Scores: [0.266, 0.288, 0.286, 0.301, 0.316, 0.335, 0.341, 0.339, 0.389, 0.424, 0.437, 0.44, 0.431, 0.447, 0.462, 0.452, 0.494, 0.498, 0.496, 0.517, 0.539, 0.548, 0.527, 0.571, 0.536, 0.525, 0.57, 0.557, 0.553, 0.57, 0.598, 0.568, 0.542, 0.58, 0.575, 0.569, 0.585, 0.589, 0.569, 0.559, 0.545, 0.529, 0.564, 0.603, 0.561, 0.599, 0.588, 0.618, 0.603, 0.568, 0.56, 0.597, 0.619, 0.613, 0.586, 0.586, 0.61, 0.574, 0.592, 0.596, 0.585, 0.56, 0.616, 0.558, 0.619, 0.608, 0.554, 0.614, 0.552, 0.635, 0.641, 0.634, 0.635, 0.618, 0.618, 0.591, 0.587, 0.594, 0.635, 0.605, 0.611, 0.612, 0.62, 0.616, 0.596, 0.586, 0.607, 0.629, 0.632, 0.619, 0.64, 0.624, 0.591, 0.582, 0.62, 0.595, 0.602, 0.615, 0.636, 0.623, 0.643, 0.599, 0.593, 0.591, 0.619, 0.604, 0.625, 0.606, 0.621, 0.617, 0.654, 0.599, 0.624, 0.618, 0.597, 0.595, 0.637, 0.645, 0.604, 0.608]
Test Scores w/o background: [0.092, 0.101, 0.094, 0.106, 0.122, 0.142, 0.143, 0.139, 0.202, 0.247, 0.258, 0.26, 0.248, 0.267, 0.288, 0.274, 0.33, 0.334, 0.332, 0.359, 0.387, 0.399, 0.371, 0.43, 0.383, 0.369, 0.428, 0.411, 0.405, 0.429, 0.465, 0.426, 0.391, 0.441, 0.435, 0.426, 0.448, 0.454, 0.427, 0.413, 0.394, 0.373, 0.419, 0.472, 0.416, 0.467, 0.452, 0.491, 0.472, 0.425, 0.414, 0.463, 0.493, 0.485, 0.449, 0.449, 0.481, 0.433, 0.456, 0.461, 0.448, 0.414, 0.489, 0.411, 0.493, 0.479, 0.406, 0.486, 0.403, 0.513, 0.523, 0.513, 0.514, 0.492, 0.491, 0.455, 0.45, 0.459, 0.515, 0.474, 0.482, 0.484, 0.495, 0.489, 0.461, 0.448, 0.477, 0.506, 0.51, 0.492, 0.521, 0.499, 0.455, 0.443, 0.494, 0.461, 0.47, 0.488, 0.516, 0.497, 0.524, 0.466, 0.458, 0.455, 0.492, 0.473, 0.5, 0.476, 0.495, 0.49, 0.539, 0.466, 0.5, 0.491, 0.464, 0.461, 0.516, 0.528, 0.473, 0.478]
Train Scores: [0.257, 0.287, 0.298, 0.318, 0.328, 0.351, 0.374, 0.385, 0.434, 0.478, 0.486, 0.523, 0.541, 0.539, 0.6, 0.581, 0.573, 0.604, 0.642, 0.625, 0.67, 0.685, 0.632, 0.69, 0.678, 0.663, 0.7, 0.663, 0.671, 0.699, 0.724, 0.697, 0.672, 0.707, 0.71, 0.708, 0.717, 0.724, 0.695, 0.718, 0.682, 0.651, 0.702, 0.725, 0.712, 0.728, 0.736, 0.76, 0.744, 0.735, 0.699, 0.716, 0.713, 0.753, 0.723, 0.737, 0.729, 0.705, 0.726, 0.731, 0.727, 0.704, 0.757, 0.7, 0.753, 0.734, 0.674, 0.733, 0.698, 0.763, 0.77, 0.753, 0.759, 0.743, 0.738, 0.729, 0.71, 0.734, 0.771, 0.725, 0.753, 0.757, 0.753, 0.758, 0.717, 0.708, 0.755, 0.77, 0.752, 0.745, 0.755, 0.767, 0.746, 0.705, 0.729, 0.726, 0.733, 0.742, 0.771, 0.769, 0.782, 0.74, 0.738, 0.725, 0.775, 0.753, 0.752, 0.721, 0.724, 0.715, 0.769, 0.75, 0.747, 0.749, 0.709, 0.747, 0.766, 0.776, 0.754, 0.755]
Train Scores w/o background: [0.077, 0.098, 0.109, 0.128, 0.137, 0.162, 0.186, 0.2, 0.262, 0.319, 0.323, 0.37, 0.394, 0.39, 0.471, 0.446, 0.435, 0.475, 0.526, 0.503, 0.562, 0.583, 0.512, 0.588, 0.573, 0.552, 0.602, 0.552, 0.562, 0.6, 0.634, 0.598, 0.564, 0.611, 0.615, 0.611, 0.624, 0.633, 0.595, 0.624, 0.577, 0.535, 0.603, 0.635, 0.617, 0.638, 0.649, 0.681, 0.659, 0.648, 0.599, 0.622, 0.619, 0.671, 0.631, 0.65, 0.64, 0.607, 0.635, 0.642, 0.637, 0.606, 0.677, 0.601, 0.671, 0.646, 0.566, 0.645, 0.599, 0.684, 0.694, 0.672, 0.679, 0.658, 0.651, 0.639, 0.614, 0.645, 0.696, 0.634, 0.671, 0.676, 0.671, 0.677, 0.623, 0.612, 0.674, 0.694, 0.669, 0.661, 0.673, 0.69, 0.662, 0.607, 0.639, 0.635, 0.644, 0.656, 0.695, 0.693, 0.71, 0.653, 0.651, 0.634, 0.701, 0.672, 0.669, 0.629, 0.633, 0.62, 0.693, 0.668, 0.663, 0.665, 0.613, 0.663, 0.688, 0.702, 0.673, 0.674]
Train Loss: [0.884, 0.841, 0.813, 0.794, 0.777, 0.761, 0.746, 0.732, 0.716, 0.699, 0.685, 0.67, 0.657, 0.646, 0.635, 0.626, 0.614, 0.604, 0.594, 0.584, 0.575, 0.565, 0.556, 0.547, 0.538, 0.529, 0.52, 0.511, 0.502, 0.493, 0.485, 0.476, 0.467, 0.459, 0.451, 0.443, 0.435, 0.428, 0.42, 0.413, 0.406, 0.4, 0.393, 0.387, 0.381, 0.375, 0.369, 0.364, 0.36, 0.355, 0.351, 0.347, 0.343, 0.34, 0.336, 0.333, 0.331, 0.328, 0.326, 0.324, 0.322, 0.32, 0.318, 0.316, 0.315, 0.314, 0.313, 0.311, 0.31, 0.309, 0.309, 0.308, 0.307, 0.307, 0.306, 0.306, 0.305, 0.304, 0.304, 0.304, 0.303, 0.303, 0.303, 0.303, 0.302, 0.302, 0.302, 0.302, 0.302, 0.302, 0.301, 0.301, 0.301, 0.301, 0.301, 0.301, 0.301, 0.301, 0.301, 0.3, 0.3, 0.3, 0.3, 0.3, 0.3, 0.3, 0.3, 0.3, 0.3, 0.3, 0.3, 0.3, 0.3, 0.3, 0.3, 0.3, 0.3, 0.3, 0.3, 0.3]
Max test score: 0.654 found at epoch: 111
Max test score shapes: 0.539 found at epoch: 111
