FullySupervisedPercentage: 0.4
logic loss multiplier: 0.01
Active: OneHotloss True 35 
Active: Smoothnessloss True 100 

Test Scores: [0.276, 0.292, 0.312, 0.317, 0.328, 0.349, 0.372, 0.36, 0.393, 0.394, 0.451, 0.474, 0.461, 0.482, 0.523, 0.488, 0.536, 0.517, 0.603, 0.601, 0.615, 0.557, 0.627, 0.665, 0.663, 0.666, 0.665, 0.651, 0.654, 0.649, 0.672, 0.663, 0.678, 0.678, 0.719, 0.713, 0.624, 0.719, 0.735, 0.713, 0.677, 0.655, 0.69, 0.746, 0.687, 0.752, 0.761, 0.658, 0.727, 0.703, 0.697, 0.74, 0.738, 0.733, 0.676, 0.667, 0.7, 0.688, 0.767, 0.716, 0.713, 0.692, 0.72, 0.699, 0.731, 0.749, 0.709, 0.734, 0.74, 0.763, 0.71, 0.683, 0.73, 0.7, 0.713, 0.706, 0.703, 0.75, 0.742, 0.724, 0.725, 0.716, 0.745, 0.74, 0.738, 0.709, 0.709, 0.691, 0.696, 0.752, 0.722, 0.708, 0.726, 0.74, 0.701, 0.777, 0.762, 0.757, 0.719, 0.728, 0.706, 0.699, 0.683, 0.746, 0.777, 0.744, 0.721, 0.698, 0.715, 0.759, 0.756, 0.714, 0.72, 0.692, 0.726, 0.678, 0.724, 0.715, 0.735, 0.721]
Test Scores w/o background: [0.074, 0.096, 0.114, 0.119, 0.137, 0.161, 0.19, 0.182, 0.221, 0.217, 0.288, 0.317, 0.297, 0.319, 0.372, 0.33, 0.389, 0.367, 0.476, 0.472, 0.49, 0.414, 0.509, 0.556, 0.553, 0.556, 0.554, 0.537, 0.54, 0.534, 0.564, 0.552, 0.572, 0.572, 0.627, 0.618, 0.499, 0.626, 0.648, 0.619, 0.57, 0.541, 0.587, 0.662, 0.583, 0.67, 0.682, 0.545, 0.637, 0.604, 0.597, 0.654, 0.651, 0.644, 0.568, 0.556, 0.601, 0.585, 0.691, 0.622, 0.618, 0.591, 0.628, 0.6, 0.642, 0.666, 0.613, 0.646, 0.653, 0.684, 0.614, 0.579, 0.64, 0.601, 0.618, 0.608, 0.605, 0.668, 0.656, 0.632, 0.634, 0.622, 0.661, 0.655, 0.651, 0.612, 0.613, 0.588, 0.595, 0.67, 0.63, 0.611, 0.635, 0.654, 0.602, 0.704, 0.683, 0.676, 0.626, 0.638, 0.608, 0.599, 0.578, 0.662, 0.704, 0.659, 0.629, 0.599, 0.621, 0.679, 0.676, 0.619, 0.627, 0.59, 0.635, 0.571, 0.632, 0.62, 0.647, 0.629]
Train Scores: [0.285, 0.302, 0.318, 0.326, 0.334, 0.362, 0.394, 0.389, 0.428, 0.475, 0.511, 0.512, 0.538, 0.562, 0.585, 0.575, 0.615, 0.587, 0.684, 0.662, 0.712, 0.639, 0.707, 0.731, 0.741, 0.766, 0.739, 0.741, 0.755, 0.756, 0.738, 0.75, 0.784, 0.767, 0.807, 0.789, 0.78, 0.816, 0.804, 0.802, 0.792, 0.77, 0.775, 0.8, 0.814, 0.798, 0.819, 0.75, 0.781, 0.791, 0.808, 0.792, 0.795, 0.837, 0.783, 0.775, 0.824, 0.781, 0.825, 0.826, 0.822, 0.814, 0.801, 0.806, 0.819, 0.816, 0.798, 0.82, 0.806, 0.819, 0.799, 0.764, 0.813, 0.791, 0.799, 0.769, 0.805, 0.835, 0.834, 0.824, 0.838, 0.804, 0.812, 0.831, 0.838, 0.829, 0.821, 0.764, 0.803, 0.832, 0.845, 0.815, 0.8, 0.821, 0.793, 0.831, 0.842, 0.836, 0.825, 0.805, 0.806, 0.819, 0.812, 0.841, 0.837, 0.841, 0.775, 0.784, 0.82, 0.843, 0.827, 0.792, 0.817, 0.756, 0.812, 0.801, 0.832, 0.836, 0.833, 0.826]
Train Scores w/o background: [0.085, 0.108, 0.121, 0.129, 0.144, 0.178, 0.22, 0.223, 0.267, 0.325, 0.369, 0.368, 0.402, 0.427, 0.455, 0.448, 0.494, 0.462, 0.585, 0.556, 0.621, 0.524, 0.616, 0.644, 0.658, 0.689, 0.653, 0.656, 0.675, 0.677, 0.652, 0.669, 0.713, 0.691, 0.744, 0.719, 0.708, 0.756, 0.74, 0.736, 0.723, 0.694, 0.701, 0.734, 0.752, 0.731, 0.759, 0.668, 0.708, 0.721, 0.745, 0.723, 0.728, 0.783, 0.711, 0.701, 0.766, 0.709, 0.767, 0.769, 0.763, 0.752, 0.735, 0.741, 0.759, 0.755, 0.732, 0.761, 0.742, 0.759, 0.733, 0.686, 0.751, 0.721, 0.732, 0.693, 0.74, 0.78, 0.779, 0.766, 0.784, 0.739, 0.75, 0.775, 0.784, 0.773, 0.762, 0.685, 0.737, 0.776, 0.794, 0.754, 0.734, 0.761, 0.725, 0.775, 0.789, 0.781, 0.767, 0.74, 0.742, 0.759, 0.75, 0.788, 0.784, 0.788, 0.7, 0.713, 0.76, 0.792, 0.77, 0.723, 0.757, 0.675, 0.75, 0.734, 0.777, 0.782, 0.778, 0.769]
Train Loss: [1.028, 0.945, 0.897, 0.858, 0.819, 0.783, 0.743, 0.705, 0.663, 0.626, 0.588, 0.555, 0.528, 0.497, 0.473, 0.453, 0.433, 0.417, 0.392, 0.372, 0.363, 0.352, 0.345, 0.337, 0.336, 0.329, 0.325, 0.32, 0.318, 0.315, 0.315, 0.318, 0.313, 0.311, 0.309, 0.308, 0.307, 0.307, 0.305, 0.306, 0.305, 0.305, 0.305, 0.306, 0.305, 0.304, 0.303, 0.303, 0.305, 0.303, 0.303, 0.303, 0.303, 0.303, 0.303, 0.302, 0.302, 0.302, 0.302, 0.302, 0.302, 0.304, 0.302, 0.303, 0.302, 0.301, 0.301, 0.301, 0.301, 0.301, 0.301, 0.302, 0.302, 0.301, 0.301, 0.301, 0.301, 0.301, 0.301, 0.301, 0.301, 0.301, 0.301, 0.302, 0.301, 0.301, 0.301, 0.301, 0.301, 0.301, 0.301, 0.3, 0.301, 0.301, 0.301, 0.3, 0.3, 0.3, 0.3, 0.3, 0.3, 0.3, 0.3, 0.3, 0.3, 0.301, 0.3, 0.3, 0.3, 0.3, 0.3, 0.3, 0.3, 0.3, 0.3, 0.3, 0.301, 0.3, 0.3, 0.3]
Max test score: 0.777 found at epoch: 96
Max test score shapes: 0.704 found at epoch: 96
