FullySupervisedPercentage: 0.4
logic loss multiplier: 0.01

Test Scores: [0.247, 0.29, 0.3, 0.326, 0.341, 0.341, 0.361, 0.361, 0.365, 0.393, 0.383, 0.396, 0.41, 0.459, 0.45, 0.497, 0.521, 0.505, 0.538, 0.587, 0.518, 0.549, 0.542, 0.557, 0.575, 0.636, 0.605, 0.579, 0.593, 0.6, 0.603, 0.596, 0.612, 0.627, 0.655, 0.608, 0.614, 0.62, 0.627, 0.648, 0.635, 0.657, 0.604, 0.668, 0.61, 0.596, 0.596, 0.669, 0.637, 0.659, 0.638, 0.666, 0.672, 0.635, 0.648, 0.625, 0.691, 0.645, 0.642, 0.622, 0.66, 0.636, 0.66, 0.675, 0.652, 0.701, 0.696, 0.647, 0.661, 0.673, 0.687, 0.654, 0.624, 0.69, 0.643, 0.685, 0.65, 0.662, 0.702, 0.68, 0.699, 0.685, 0.675, 0.691, 0.694, 0.686, 0.644, 0.696, 0.702, 0.697, 0.694, 0.682, 0.663, 0.658, 0.653, 0.676, 0.672, 0.679, 0.689, 0.692, 0.66, 0.665, 0.648, 0.702, 0.707, 0.653, 0.686, 0.666, 0.68, 0.694, 0.682, 0.701, 0.685, 0.7, 0.701, 0.687, 0.702, 0.676, 0.695, 0.694]
Test Scores w/o background: [0.08, 0.102, 0.105, 0.131, 0.145, 0.143, 0.166, 0.164, 0.169, 0.206, 0.193, 0.208, 0.223, 0.287, 0.274, 0.335, 0.367, 0.344, 0.387, 0.453, 0.36, 0.401, 0.391, 0.411, 0.434, 0.517, 0.475, 0.439, 0.458, 0.468, 0.472, 0.462, 0.484, 0.503, 0.541, 0.479, 0.487, 0.495, 0.504, 0.532, 0.515, 0.544, 0.473, 0.558, 0.481, 0.462, 0.462, 0.559, 0.518, 0.547, 0.518, 0.556, 0.564, 0.514, 0.531, 0.5, 0.588, 0.528, 0.524, 0.496, 0.547, 0.516, 0.548, 0.568, 0.536, 0.602, 0.596, 0.531, 0.548, 0.565, 0.583, 0.539, 0.5, 0.587, 0.525, 0.581, 0.535, 0.55, 0.603, 0.574, 0.599, 0.58, 0.568, 0.588, 0.593, 0.581, 0.526, 0.596, 0.604, 0.597, 0.593, 0.576, 0.551, 0.545, 0.538, 0.569, 0.563, 0.573, 0.586, 0.59, 0.547, 0.554, 0.532, 0.603, 0.61, 0.538, 0.582, 0.555, 0.574, 0.593, 0.577, 0.602, 0.58, 0.601, 0.602, 0.583, 0.603, 0.569, 0.594, 0.593]
Train Scores: [0.251, 0.303, 0.315, 0.339, 0.356, 0.358, 0.37, 0.379, 0.374, 0.414, 0.42, 0.441, 0.46, 0.506, 0.536, 0.577, 0.608, 0.591, 0.655, 0.665, 0.611, 0.665, 0.646, 0.662, 0.697, 0.708, 0.719, 0.68, 0.682, 0.713, 0.733, 0.714, 0.742, 0.753, 0.738, 0.738, 0.737, 0.724, 0.729, 0.739, 0.745, 0.755, 0.739, 0.756, 0.734, 0.75, 0.735, 0.769, 0.75, 0.772, 0.766, 0.769, 0.784, 0.746, 0.761, 0.754, 0.773, 0.74, 0.766, 0.766, 0.786, 0.768, 0.778, 0.784, 0.754, 0.778, 0.79, 0.778, 0.78, 0.784, 0.787, 0.771, 0.753, 0.792, 0.758, 0.798, 0.77, 0.769, 0.81, 0.787, 0.8, 0.785, 0.766, 0.789, 0.802, 0.79, 0.749, 0.798, 0.8, 0.792, 0.809, 0.803, 0.787, 0.77, 0.769, 0.777, 0.779, 0.789, 0.797, 0.799, 0.774, 0.775, 0.761, 0.807, 0.813, 0.767, 0.799, 0.766, 0.794, 0.808, 0.795, 0.802, 0.783, 0.811, 0.812, 0.788, 0.793, 0.765, 0.797, 0.792]
Train Scores w/o background: [0.083, 0.118, 0.124, 0.148, 0.165, 0.166, 0.178, 0.188, 0.181, 0.233, 0.241, 0.268, 0.29, 0.349, 0.389, 0.443, 0.482, 0.459, 0.543, 0.556, 0.484, 0.555, 0.531, 0.552, 0.597, 0.612, 0.627, 0.574, 0.577, 0.618, 0.646, 0.62, 0.657, 0.672, 0.652, 0.651, 0.651, 0.633, 0.639, 0.653, 0.661, 0.675, 0.653, 0.675, 0.647, 0.668, 0.647, 0.693, 0.667, 0.696, 0.688, 0.693, 0.712, 0.663, 0.682, 0.673, 0.698, 0.655, 0.688, 0.688, 0.715, 0.691, 0.704, 0.713, 0.673, 0.704, 0.72, 0.704, 0.708, 0.713, 0.716, 0.695, 0.672, 0.723, 0.679, 0.732, 0.694, 0.693, 0.747, 0.716, 0.734, 0.714, 0.688, 0.719, 0.737, 0.721, 0.667, 0.731, 0.734, 0.723, 0.746, 0.738, 0.716, 0.694, 0.693, 0.704, 0.706, 0.719, 0.729, 0.733, 0.7, 0.701, 0.682, 0.744, 0.751, 0.689, 0.733, 0.689, 0.726, 0.744, 0.728, 0.737, 0.712, 0.748, 0.75, 0.718, 0.725, 0.687, 0.73, 0.723]
Train Loss: [0.88, 0.839, 0.812, 0.792, 0.774, 0.759, 0.745, 0.731, 0.718, 0.705, 0.688, 0.672, 0.657, 0.644, 0.632, 0.621, 0.61, 0.599, 0.589, 0.579, 0.569, 0.558, 0.548, 0.538, 0.529, 0.519, 0.51, 0.5, 0.491, 0.482, 0.473, 0.464, 0.455, 0.447, 0.438, 0.43, 0.422, 0.415, 0.407, 0.4, 0.393, 0.387, 0.381, 0.375, 0.369, 0.364, 0.359, 0.354, 0.35, 0.346, 0.342, 0.339, 0.336, 0.333, 0.33, 0.328, 0.327, 0.324, 0.322, 0.32, 0.318, 0.316, 0.315, 0.314, 0.313, 0.311, 0.311, 0.31, 0.309, 0.308, 0.307, 0.307, 0.306, 0.306, 0.305, 0.305, 0.304, 0.304, 0.304, 0.303, 0.303, 0.303, 0.302, 0.302, 0.302, 0.302, 0.302, 0.302, 0.302, 0.301, 0.301, 0.301, 0.301, 0.301, 0.301, 0.301, 0.301, 0.301, 0.3, 0.3, 0.3, 0.301, 0.3, 0.3, 0.3, 0.3, 0.3, 0.3, 0.3, 0.3, 0.3, 0.3, 0.3, 0.3, 0.3, 0.3, 0.3, 0.3, 0.3, 0.3]
Max test score: 0.707 found at epoch: 105
Max test score shapes: 0.61 found at epoch: 105
