FullySupervisedPercentage: 0.4
logic loss multiplier: 0.01
Active: OneHotloss True 35 

Test Scores: [0.182, 0.193, 0.213, 0.225, 0.239, 0.282, 0.305, 0.291, 0.323, 0.347, 0.347, 0.352, 0.346, 0.382, 0.372, 0.377, 0.411, 0.413, 0.409, 0.374, 0.454, 0.484, 0.424, 0.436, 0.453, 0.507, 0.552, 0.558, 0.583, 0.606, 0.609, 0.59, 0.572, 0.606, 0.624, 0.621, 0.62, 0.606, 0.614, 0.655, 0.674, 0.62, 0.585, 0.632, 0.594, 0.647, 0.614, 0.62, 0.673, 0.643, 0.605, 0.643, 0.648, 0.641, 0.661, 0.685, 0.66, 0.665, 0.67, 0.67, 0.642, 0.607, 0.658, 0.672, 0.675, 0.681, 0.636, 0.653, 0.671, 0.694, 0.655, 0.684, 0.665, 0.66, 0.671, 0.567, 0.699, 0.688, 0.673, 0.686, 0.719, 0.685, 0.7, 0.674, 0.695, 0.579, 0.636, 0.686, 0.709, 0.682, 0.699, 0.66, 0.674, 0.664, 0.668, 0.626, 0.683, 0.673, 0.692, 0.666, 0.676, 0.679, 0.659, 0.692, 0.646, 0.677, 0.689, 0.628, 0.71, 0.695, 0.709, 0.691, 0.69, 0.702, 0.699, 0.66, 0.666, 0.698, 0.709, 0.693]
Test Scores w/o background: [0.043, 0.051, 0.085, 0.099, 0.119, 0.165, 0.183, 0.162, 0.192, 0.212, 0.204, 0.214, 0.189, 0.236, 0.221, 0.22, 0.255, 0.261, 0.252, 0.215, 0.296, 0.323, 0.284, 0.299, 0.279, 0.353, 0.404, 0.411, 0.446, 0.475, 0.48, 0.454, 0.43, 0.475, 0.5, 0.495, 0.494, 0.475, 0.486, 0.54, 0.566, 0.494, 0.448, 0.51, 0.459, 0.531, 0.486, 0.494, 0.565, 0.525, 0.474, 0.525, 0.532, 0.522, 0.549, 0.581, 0.547, 0.554, 0.56, 0.561, 0.523, 0.477, 0.545, 0.564, 0.567, 0.575, 0.515, 0.538, 0.562, 0.592, 0.54, 0.58, 0.554, 0.547, 0.562, 0.424, 0.6, 0.585, 0.564, 0.582, 0.626, 0.58, 0.601, 0.566, 0.594, 0.44, 0.515, 0.582, 0.613, 0.576, 0.6, 0.548, 0.566, 0.552, 0.559, 0.502, 0.578, 0.564, 0.589, 0.555, 0.569, 0.572, 0.546, 0.59, 0.529, 0.57, 0.586, 0.504, 0.613, 0.594, 0.612, 0.589, 0.587, 0.603, 0.599, 0.547, 0.555, 0.599, 0.613, 0.591]
Train Scores: [0.183, 0.192, 0.211, 0.22, 0.253, 0.286, 0.327, 0.306, 0.358, 0.393, 0.406, 0.406, 0.441, 0.451, 0.461, 0.484, 0.49, 0.509, 0.518, 0.465, 0.546, 0.544, 0.508, 0.489, 0.55, 0.593, 0.656, 0.661, 0.682, 0.721, 0.719, 0.721, 0.696, 0.741, 0.735, 0.724, 0.748, 0.747, 0.762, 0.765, 0.762, 0.755, 0.717, 0.746, 0.748, 0.743, 0.732, 0.742, 0.757, 0.769, 0.706, 0.751, 0.768, 0.77, 0.76, 0.775, 0.77, 0.773, 0.756, 0.793, 0.762, 0.726, 0.756, 0.767, 0.766, 0.768, 0.73, 0.753, 0.772, 0.795, 0.758, 0.778, 0.776, 0.777, 0.772, 0.676, 0.796, 0.795, 0.804, 0.747, 0.785, 0.792, 0.792, 0.779, 0.766, 0.713, 0.747, 0.777, 0.776, 0.799, 0.781, 0.761, 0.792, 0.761, 0.772, 0.747, 0.793, 0.778, 0.788, 0.783, 0.805, 0.782, 0.77, 0.782, 0.763, 0.792, 0.808, 0.726, 0.796, 0.81, 0.825, 0.81, 0.771, 0.792, 0.79, 0.754, 0.754, 0.812, 0.808, 0.798]
Train Scores w/o background: [0.043, 0.05, 0.081, 0.092, 0.138, 0.169, 0.213, 0.182, 0.239, 0.273, 0.282, 0.286, 0.315, 0.328, 0.34, 0.363, 0.36, 0.388, 0.396, 0.334, 0.419, 0.402, 0.395, 0.369, 0.408, 0.467, 0.542, 0.549, 0.578, 0.629, 0.627, 0.629, 0.596, 0.655, 0.648, 0.633, 0.665, 0.663, 0.683, 0.687, 0.683, 0.673, 0.624, 0.662, 0.665, 0.658, 0.644, 0.657, 0.677, 0.692, 0.608, 0.669, 0.691, 0.694, 0.68, 0.7, 0.693, 0.698, 0.675, 0.724, 0.683, 0.635, 0.676, 0.689, 0.689, 0.691, 0.641, 0.671, 0.697, 0.727, 0.678, 0.705, 0.702, 0.703, 0.697, 0.568, 0.729, 0.727, 0.739, 0.663, 0.714, 0.723, 0.723, 0.706, 0.689, 0.618, 0.663, 0.703, 0.702, 0.733, 0.708, 0.682, 0.724, 0.682, 0.697, 0.664, 0.725, 0.704, 0.718, 0.711, 0.741, 0.71, 0.693, 0.709, 0.685, 0.723, 0.744, 0.636, 0.728, 0.747, 0.767, 0.747, 0.695, 0.724, 0.721, 0.672, 0.673, 0.75, 0.745, 0.731]
Train Loss: [0.996, 0.924, 0.884, 0.852, 0.822, 0.795, 0.764, 0.733, 0.704, 0.678, 0.653, 0.631, 0.611, 0.589, 0.574, 0.557, 0.541, 0.527, 0.511, 0.499, 0.486, 0.471, 0.461, 0.443, 0.42, 0.403, 0.385, 0.363, 0.349, 0.34, 0.336, 0.329, 0.326, 0.323, 0.319, 0.319, 0.315, 0.313, 0.312, 0.311, 0.31, 0.309, 0.307, 0.307, 0.307, 0.306, 0.305, 0.305, 0.304, 0.304, 0.304, 0.305, 0.303, 0.303, 0.304, 0.303, 0.303, 0.303, 0.304, 0.303, 0.302, 0.303, 0.302, 0.302, 0.302, 0.302, 0.302, 0.302, 0.302, 0.301, 0.302, 0.302, 0.302, 0.301, 0.301, 0.302, 0.303, 0.301, 0.302, 0.302, 0.302, 0.302, 0.301, 0.301, 0.301, 0.302, 0.302, 0.301, 0.301, 0.301, 0.301, 0.301, 0.301, 0.301, 0.301, 0.301, 0.301, 0.301, 0.301, 0.301, 0.301, 0.301, 0.301, 0.301, 0.301, 0.301, 0.3, 0.301, 0.301, 0.301, 0.3, 0.3, 0.3, 0.3, 0.301, 0.302, 0.301, 0.3, 0.3, 0.3]
Max test score: 0.719 found at epoch: 81
Max test score shapes: 0.626 found at epoch: 81
