FullySupervisedPercentage: 0.4
logic loss multiplier: 0.01

Test Scores: [0.28, 0.342, 0.337, 0.339, 0.354, 0.361, 0.374, 0.37, 0.363, 0.373, 0.407, 0.401, 0.455, 0.442, 0.493, 0.463, 0.474, 0.535, 0.523, 0.531, 0.545, 0.581, 0.564, 0.573, 0.56, 0.549, 0.588, 0.516, 0.582, 0.592, 0.596, 0.617, 0.609, 0.599, 0.606, 0.603, 0.587, 0.589, 0.636, 0.601, 0.619, 0.628, 0.618, 0.596, 0.611, 0.624, 0.614, 0.588, 0.631, 0.677, 0.666, 0.626, 0.683, 0.643, 0.64, 0.632, 0.615, 0.632, 0.635, 0.682, 0.656, 0.639, 0.596, 0.681, 0.661, 0.637, 0.642, 0.603, 0.689, 0.682, 0.643, 0.662, 0.66, 0.658, 0.676, 0.655, 0.656, 0.665, 0.673, 0.659, 0.652, 0.67, 0.64, 0.661, 0.65, 0.647, 0.637, 0.65, 0.63, 0.676, 0.664, 0.674, 0.622, 0.643, 0.621, 0.678, 0.66, 0.665, 0.647, 0.671, 0.641, 0.686, 0.689, 0.662, 0.674, 0.675, 0.657, 0.649, 0.669, 0.668, 0.702, 0.704, 0.698, 0.701, 0.671, 0.66, 0.659, 0.677, 0.698, 0.652]
Test Scores w/o background: [0.089, 0.144, 0.135, 0.137, 0.15, 0.156, 0.173, 0.167, 0.157, 0.17, 0.214, 0.208, 0.278, 0.261, 0.329, 0.288, 0.302, 0.383, 0.367, 0.378, 0.396, 0.444, 0.42, 0.432, 0.415, 0.399, 0.452, 0.356, 0.444, 0.457, 0.462, 0.49, 0.479, 0.466, 0.476, 0.472, 0.45, 0.452, 0.515, 0.469, 0.492, 0.505, 0.491, 0.462, 0.482, 0.5, 0.487, 0.451, 0.508, 0.57, 0.555, 0.502, 0.578, 0.525, 0.521, 0.51, 0.487, 0.51, 0.515, 0.577, 0.542, 0.52, 0.462, 0.576, 0.548, 0.517, 0.523, 0.472, 0.586, 0.577, 0.525, 0.55, 0.548, 0.544, 0.569, 0.541, 0.542, 0.555, 0.565, 0.546, 0.537, 0.561, 0.521, 0.549, 0.535, 0.53, 0.517, 0.534, 0.508, 0.569, 0.553, 0.566, 0.496, 0.524, 0.496, 0.571, 0.548, 0.554, 0.529, 0.562, 0.523, 0.581, 0.587, 0.55, 0.566, 0.568, 0.543, 0.532, 0.559, 0.558, 0.604, 0.606, 0.598, 0.602, 0.563, 0.547, 0.546, 0.57, 0.598, 0.537]
Train Scores: [0.269, 0.328, 0.34, 0.343, 0.36, 0.373, 0.382, 0.391, 0.413, 0.409, 0.445, 0.455, 0.499, 0.493, 0.525, 0.562, 0.579, 0.636, 0.647, 0.644, 0.666, 0.685, 0.667, 0.69, 0.696, 0.675, 0.715, 0.68, 0.72, 0.73, 0.73, 0.744, 0.769, 0.742, 0.743, 0.734, 0.756, 0.748, 0.759, 0.73, 0.746, 0.773, 0.785, 0.744, 0.723, 0.763, 0.761, 0.76, 0.778, 0.788, 0.757, 0.764, 0.791, 0.793, 0.786, 0.773, 0.758, 0.772, 0.787, 0.796, 0.79, 0.788, 0.73, 0.785, 0.791, 0.794, 0.788, 0.761, 0.802, 0.807, 0.788, 0.788, 0.793, 0.795, 0.799, 0.798, 0.798, 0.79, 0.801, 0.805, 0.79, 0.799, 0.78, 0.785, 0.802, 0.809, 0.798, 0.803, 0.792, 0.805, 0.796, 0.8, 0.792, 0.809, 0.78, 0.812, 0.811, 0.813, 0.805, 0.813, 0.807, 0.8, 0.817, 0.81, 0.822, 0.817, 0.802, 0.78, 0.797, 0.799, 0.814, 0.808, 0.826, 0.821, 0.812, 0.803, 0.796, 0.815, 0.808, 0.794]
Train Scores w/o background: [0.073, 0.123, 0.14, 0.143, 0.158, 0.173, 0.184, 0.196, 0.223, 0.218, 0.264, 0.279, 0.337, 0.329, 0.372, 0.42, 0.441, 0.518, 0.531, 0.527, 0.557, 0.582, 0.557, 0.588, 0.596, 0.568, 0.622, 0.575, 0.627, 0.642, 0.641, 0.66, 0.693, 0.657, 0.658, 0.646, 0.675, 0.665, 0.679, 0.641, 0.662, 0.699, 0.714, 0.659, 0.631, 0.685, 0.682, 0.681, 0.705, 0.718, 0.677, 0.687, 0.723, 0.724, 0.715, 0.698, 0.678, 0.697, 0.717, 0.729, 0.721, 0.718, 0.641, 0.714, 0.722, 0.726, 0.718, 0.681, 0.737, 0.744, 0.718, 0.718, 0.725, 0.728, 0.733, 0.732, 0.732, 0.721, 0.735, 0.741, 0.72, 0.732, 0.708, 0.714, 0.737, 0.745, 0.732, 0.738, 0.723, 0.741, 0.729, 0.734, 0.724, 0.746, 0.707, 0.75, 0.749, 0.751, 0.74, 0.752, 0.743, 0.734, 0.757, 0.748, 0.763, 0.756, 0.737, 0.707, 0.73, 0.732, 0.752, 0.745, 0.768, 0.762, 0.749, 0.738, 0.728, 0.754, 0.744, 0.726]
Train Loss: [0.862, 0.816, 0.788, 0.767, 0.751, 0.736, 0.722, 0.707, 0.694, 0.683, 0.672, 0.658, 0.644, 0.626, 0.611, 0.598, 0.587, 0.575, 0.564, 0.554, 0.544, 0.533, 0.523, 0.514, 0.504, 0.494, 0.485, 0.476, 0.467, 0.458, 0.45, 0.441, 0.433, 0.425, 0.418, 0.41, 0.403, 0.396, 0.389, 0.383, 0.377, 0.371, 0.366, 0.361, 0.356, 0.352, 0.348, 0.345, 0.34, 0.337, 0.334, 0.331, 0.328, 0.326, 0.324, 0.322, 0.32, 0.318, 0.317, 0.315, 0.314, 0.313, 0.312, 0.311, 0.31, 0.309, 0.308, 0.308, 0.307, 0.306, 0.306, 0.305, 0.305, 0.304, 0.304, 0.304, 0.303, 0.303, 0.303, 0.303, 0.303, 0.302, 0.302, 0.302, 0.302, 0.302, 0.301, 0.301, 0.301, 0.301, 0.301, 0.301, 0.301, 0.301, 0.301, 0.301, 0.3, 0.3, 0.3, 0.3, 0.3, 0.3, 0.3, 0.3, 0.3, 0.3, 0.3, 0.3, 0.3, 0.3, 0.3, 0.3, 0.3, 0.3, 0.3, 0.3, 0.3, 0.3, 0.3, 0.3]
Max test score: 0.704 found at epoch: 112
Max test score shapes: 0.606 found at epoch: 112
