Active:  BBox loss [True, False, 1] [False, 0.2] [False, 0.2] linear 

Test Scores: [0.085, 0.173, 0.168, 0.171, 0.184, 0.18, 0.191, 0.205, 0.187, 0.198, 0.188, 0.204, 0.198, 0.193, 0.195, 0.2, 0.201, 0.196, 0.201, 0.183, 0.189, 0.202, 0.192, 0.204, 0.194, 0.192, 0.187, 0.194, 0.196, 0.201, 0.186, 0.197, 0.191, 0.195, 0.188, 0.194, 0.202, 0.19, 0.191, 0.203, 0.187, 0.199, 0.203, 0.188, 0.201, 0.193, 0.199, 0.195, 0.189, 0.188, 0.199, 0.189, 0.207, 0.194, 0.186, 0.179, 0.194, 0.191, 0.182, 0.189, 0.182, 0.189, 0.193, 0.189, 0.199, 0.189, 0.205, 0.191, 0.194, 0.191, 0.208, 0.19, 0.192, 0.199, 0.2, 0.2, 0.198, 0.186, 0.193, 0.189, 0.197, 0.2, 0.183, 0.189, 0.19, 0.191, 0.188, 0.19, 0.196, 0.207, 0.194, 0.203, 0.193, 0.19, 0.183, 0.196, 0.197, 0.187, 0.202, 0.197, 0.192, 0.196, 0.204, 0.194, 0.201, 0.203, 0.183, 0.197, 0.194, 0.2, 0.204, 0.194, 0.198, 0.2, 0.191, 0.193, 0.188, 0.193, 0.194, 0.193, 0.19, 0.19, 0.202, 0.196, 0.197, 0.201, 0.193, 0.207, 0.201, 0.193, 0.187, 0.193, 0.186, 0.194, 0.183, 0.193, 0.192, 0.195, 0.19, 0.192, 0.184, 0.19, 0.196, 0.199, 0.19, 0.198, 0.198, 0.182, 0.188, 0.203, 0.194, 0.192, 0.188, 0.203, 0.182, 0.198, 0.195, 0.19, 0.197, 0.192, 0.184, 0.192, 0.187, 0.193, 0.196, 0.195, 0.197, 0.196, 0.201, 0.19, 0.199, 0.198, 0.191, 0.19, 0.198, 0.188, 0.202, 0.193, 0.205, 0.181, 0.185, 0.195, 0.196, 0.186, 0.198, 0.196, 0.198, 0.196, 0.191, 0.195, 0.179, 0.193, 0.203, 0.199, 0.198, 0.191, 0.196, 0.188, 0.2, 0.201]
Test Scores w/o background: [0.037, 0.074, 0.073, 0.08, 0.096, 0.091, 0.103, 0.104, 0.096, 0.101, 0.094, 0.105, 0.104, 0.1, 0.103, 0.102, 0.102, 0.103, 0.103, 0.095, 0.1, 0.103, 0.101, 0.103, 0.097, 0.096, 0.097, 0.099, 0.101, 0.102, 0.094, 0.102, 0.099, 0.1, 0.094, 0.1, 0.104, 0.097, 0.097, 0.107, 0.095, 0.102, 0.107, 0.094, 0.101, 0.1, 0.102, 0.099, 0.099, 0.094, 0.101, 0.098, 0.107, 0.099, 0.093, 0.093, 0.101, 0.099, 0.089, 0.097, 0.09, 0.099, 0.099, 0.096, 0.104, 0.097, 0.102, 0.098, 0.101, 0.104, 0.107, 0.102, 0.099, 0.105, 0.103, 0.102, 0.102, 0.093, 0.096, 0.096, 0.104, 0.102, 0.091, 0.096, 0.097, 0.097, 0.096, 0.096, 0.104, 0.111, 0.102, 0.101, 0.101, 0.098, 0.09, 0.096, 0.102, 0.101, 0.105, 0.103, 0.099, 0.1, 0.105, 0.099, 0.107, 0.103, 0.091, 0.103, 0.098, 0.099, 0.106, 0.1, 0.106, 0.105, 0.102, 0.101, 0.097, 0.099, 0.101, 0.098, 0.101, 0.102, 0.106, 0.102, 0.101, 0.1, 0.1, 0.105, 0.1, 0.099, 0.096, 0.1, 0.098, 0.1, 0.094, 0.099, 0.099, 0.1, 0.096, 0.098, 0.095, 0.095, 0.103, 0.101, 0.097, 0.103, 0.101, 0.089, 0.097, 0.098, 0.1, 0.101, 0.097, 0.104, 0.091, 0.103, 0.098, 0.095, 0.104, 0.097, 0.09, 0.096, 0.096, 0.099, 0.101, 0.097, 0.1, 0.1, 0.105, 0.096, 0.1, 0.103, 0.102, 0.098, 0.105, 0.098, 0.105, 0.1, 0.102, 0.093, 0.097, 0.104, 0.101, 0.098, 0.102, 0.103, 0.105, 0.103, 0.098, 0.099, 0.09, 0.101, 0.107, 0.102, 0.103, 0.098, 0.102, 0.098, 0.103, 0.101]
Train Scores: [0.086, 0.18, 0.188, 0.185, 0.202, 0.206, 0.215, 0.232, 0.22, 0.225, 0.218, 0.232, 0.229, 0.224, 0.221, 0.232, 0.231, 0.225, 0.229, 0.213, 0.213, 0.231, 0.223, 0.232, 0.224, 0.22, 0.217, 0.223, 0.224, 0.233, 0.218, 0.227, 0.219, 0.228, 0.219, 0.225, 0.229, 0.221, 0.224, 0.229, 0.22, 0.228, 0.231, 0.221, 0.231, 0.22, 0.23, 0.226, 0.219, 0.223, 0.227, 0.219, 0.237, 0.226, 0.217, 0.213, 0.221, 0.219, 0.212, 0.223, 0.216, 0.22, 0.22, 0.221, 0.23, 0.219, 0.232, 0.217, 0.226, 0.219, 0.238, 0.218, 0.226, 0.225, 0.229, 0.232, 0.229, 0.218, 0.227, 0.219, 0.222, 0.23, 0.217, 0.219, 0.219, 0.223, 0.217, 0.223, 0.228, 0.231, 0.224, 0.235, 0.222, 0.222, 0.217, 0.232, 0.229, 0.216, 0.233, 0.225, 0.219, 0.224, 0.23, 0.224, 0.226, 0.232, 0.216, 0.225, 0.224, 0.236, 0.235, 0.222, 0.226, 0.23, 0.217, 0.223, 0.22, 0.227, 0.223, 0.225, 0.219, 0.216, 0.232, 0.225, 0.229, 0.232, 0.222, 0.234, 0.228, 0.224, 0.218, 0.223, 0.218, 0.226, 0.216, 0.224, 0.224, 0.226, 0.222, 0.224, 0.215, 0.221, 0.225, 0.227, 0.219, 0.233, 0.227, 0.216, 0.216, 0.234, 0.221, 0.222, 0.22, 0.231, 0.214, 0.229, 0.228, 0.224, 0.228, 0.229, 0.22, 0.227, 0.22, 0.225, 0.228, 0.228, 0.227, 0.226, 0.227, 0.22, 0.231, 0.227, 0.217, 0.223, 0.226, 0.217, 0.229, 0.222, 0.235, 0.213, 0.216, 0.227, 0.225, 0.216, 0.233, 0.224, 0.225, 0.227, 0.221, 0.226, 0.213, 0.224, 0.229, 0.229, 0.228, 0.224, 0.222, 0.218, 0.234, 0.23]
Train Scores w/o background: [0.037, 0.079, 0.095, 0.096, 0.115, 0.122, 0.13, 0.137, 0.135, 0.135, 0.131, 0.14, 0.142, 0.138, 0.134, 0.141, 0.139, 0.139, 0.137, 0.131, 0.129, 0.14, 0.139, 0.138, 0.132, 0.129, 0.133, 0.134, 0.136, 0.142, 0.133, 0.139, 0.133, 0.141, 0.13, 0.137, 0.137, 0.135, 0.137, 0.139, 0.134, 0.138, 0.142, 0.134, 0.138, 0.133, 0.14, 0.137, 0.135, 0.136, 0.135, 0.134, 0.144, 0.138, 0.131, 0.132, 0.134, 0.134, 0.124, 0.138, 0.13, 0.136, 0.132, 0.135, 0.142, 0.133, 0.135, 0.13, 0.139, 0.138, 0.144, 0.135, 0.14, 0.137, 0.139, 0.142, 0.141, 0.132, 0.136, 0.132, 0.135, 0.139, 0.133, 0.132, 0.131, 0.137, 0.132, 0.136, 0.143, 0.141, 0.139, 0.141, 0.137, 0.137, 0.13, 0.14, 0.141, 0.135, 0.144, 0.137, 0.132, 0.135, 0.137, 0.135, 0.138, 0.138, 0.13, 0.137, 0.134, 0.143, 0.143, 0.135, 0.139, 0.141, 0.133, 0.137, 0.136, 0.14, 0.135, 0.138, 0.136, 0.132, 0.143, 0.137, 0.139, 0.137, 0.134, 0.139, 0.132, 0.138, 0.133, 0.136, 0.136, 0.139, 0.133, 0.136, 0.138, 0.137, 0.135, 0.137, 0.132, 0.133, 0.138, 0.135, 0.131, 0.145, 0.137, 0.129, 0.131, 0.136, 0.132, 0.137, 0.135, 0.138, 0.129, 0.141, 0.139, 0.137, 0.142, 0.143, 0.133, 0.139, 0.135, 0.137, 0.139, 0.137, 0.137, 0.136, 0.137, 0.132, 0.139, 0.138, 0.133, 0.139, 0.138, 0.132, 0.138, 0.134, 0.139, 0.131, 0.133, 0.143, 0.136, 0.133, 0.144, 0.136, 0.138, 0.142, 0.135, 0.137, 0.13, 0.139, 0.139, 0.139, 0.14, 0.138, 0.134, 0.133, 0.145, 0.136]
Train Loss: [111.578, 76.429, 35.932, 13.814, 6.293, 2.878, 1.22, 0.605, 0.317, 0.166, 0.041, 0.02, 0.011, 0.005, 0.002, 0.001, 0.0, 0.0, 0.0, 0.0, 0.0, 0.0, 0.0, 0.0, 0.0, 0.0, 0.0, 0.0, 0.0, 0.0, 0.0, 0.0, 0.0, 0.0, 0.0, 0.0, 0.0, 0.0, 0.0, 0.0, 0.0, 0.0, 0.0, 0.0, 0.0, 0.0, 0.0, 0.0, 0.0, 0.0, 0.0, 0.0, 0.0, 0.0, 0.0, 0.0, 0.0, 0.0, 0.0, 0.0, 0.0, 0.0, 0.0, 0.0, 0.0, 0.0, 0.0, 0.0, 0.0, 0.0, 0.0, 0.0, 0.0, 0.0, 0.0, 0.0, 0.0, 0.0, 0.0, 0.0, 0.0, 0.0, 0.0, 0.0, 0.0, 0.0, 0.0, 0.0, 0.0, 0.0, 0.0, 0.0, 0.0, 0.0, 0.0, 0.0, 0.0, 0.0, 0.0, 0.0, 0.0, 0.0, 0.0, 0.0, 0.0, 0.0, 0.0, 0.0, 0.0, 0.0, 0.0, 0.0, 0.0, 0.0, 0.0, 0.0, 0.0, 0.0, 0.0, 0.0, 0.0, 0.0, 0.0, 0.0, 0.0, 0.0, 0.0, 0.0, 0.0, 0.0, 0.0, 0.0, 0.0, 0.0, 0.0, 0.0, 0.0, 0.0, 0.0, 0.0, 0.0, 0.0, 0.0, 0.0, 0.0, 0.0, 0.0, 0.0, 0.0, 0.0, 0.0, 0.0, 0.0, 0.0, 0.0, 0.0, 0.0, 0.0, 0.0, 0.0, 0.0, 0.0, 0.0, 0.0, 0.0, 0.0, 0.0, 0.0, 0.0, 0.0, 0.0, 0.0, 0.0, 0.0, 0.0, 0.0, 0.0, 0.0, 0.0, 0.0, 0.0, 0.0, 0.0, 0.0, 0.0, 0.0, 0.0, 0.0, 0.0, 0.0, 0.0, 0.0, 0.0, 0.0, 0.0, 0.0, 0.0, 0.0, 0.0, 0.0]
Test Loss: [114.39, 84.845, 59.88, 47.166, 39.083, 33.635, 32.861, 36.586, 36.691, 34.844, 33.376, 32.472, 32.254, 32.129, 31.935, 31.896, 31.782, 31.782, 31.782, 31.782, 31.782, 31.782, 31.782, 31.782, 31.782, 31.782, 31.782, 31.782, 31.782, 31.782, 31.782, 31.782, 31.782, 31.782, 31.782, 31.782, 31.782, 31.782, 31.782, 31.782, 31.782, 31.782, 31.782, 31.782, 31.782, 31.782, 31.782, 31.782, 31.782, 31.782, 31.782, 31.782, 31.782, 31.782, 31.782, 31.782, 31.782, 31.782, 31.782, 31.782, 31.782, 31.782, 31.782, 31.782, 31.782, 31.782, 31.782, 31.782, 31.782, 31.782, 31.782, 31.782, 31.782, 31.782, 31.782, 31.782, 31.782, 31.782, 31.782, 31.782, 31.782, 31.782, 31.782, 31.782, 31.782, 31.782, 31.782, 31.782, 31.782, 31.782, 31.782, 31.782, 31.782, 31.782, 31.782, 31.782, 31.782, 31.782, 31.782, 31.782, 31.782, 31.782, 31.782, 31.782, 31.782, 31.782, 31.782, 31.782, 31.782, 31.782, 31.782, 31.782, 31.782, 31.782, 31.782, 31.782, 31.782, 31.782, 31.782, 31.782, 31.782, 31.782, 31.782, 31.782, 31.782, 31.782, 31.782, 31.782, 31.782, 31.782, 31.782, 31.782, 31.782, 31.782, 31.782, 31.782, 31.782, 31.782, 31.782, 31.782, 31.782, 31.782, 31.782, 31.782, 31.782, 31.782, 31.782, 31.782, 31.782, 31.782, 31.782, 31.782, 31.782, 31.782, 31.782, 31.782, 31.782, 31.782, 31.782, 31.782, 31.782, 31.782, 31.782, 31.782, 31.782, 31.782, 31.782, 31.782, 31.782, 31.782, 31.782, 31.782, 31.782, 31.782, 31.782, 31.782, 31.782, 31.782, 31.782, 31.782, 31.782, 31.782, 31.782, 31.782, 31.782, 31.782, 31.782, 31.782, 31.782, 31.782, 31.782, 31.782, 31.782, 31.782, 31.782, 31.782, 31.782, 31.782, 31.782, 31.782]
Max test score: 0.208 found at epoch: 71
Max test score shapes: 0.111 found at epoch: 90
