Active:  BBox loss [True, True, 1] [True, 0.2] [True, 1] linear 
Active: OneHotloss True 20 
Active: MinSizeBackgroundloss True 1 

Test Scores: [0.051, 0.131, 0.219, 0.265, 0.264, 0.296, 0.343, 0.364, 0.448, 0.523, 0.517, 0.596, 0.624, 0.594, 0.654, 0.668, 0.715, 0.696, 0.722, 0.691, 0.713, 0.751, 0.707, 0.729, 0.723, 0.756, 0.734, 0.77, 0.734, 0.731, 0.744, 0.748, 0.751, 0.758, 0.729, 0.694, 0.803, 0.777, 0.742, 0.787, 0.74, 0.68, 0.785, 0.786, 0.822, 0.799, 0.803, 0.822, 0.763, 0.81, 0.78, 0.796, 0.806, 0.79, 0.804, 0.808, 0.782, 0.814, 0.772, 0.801, 0.787, 0.792, 0.818, 0.849, 0.844, 0.762, 0.846, 0.794, 0.799, 0.81, 0.785, 0.804, 0.801, 0.82, 0.81, 0.814, 0.792, 0.829, 0.83, 0.842, 0.793, 0.813, 0.786, 0.816, 0.834, 0.755, 0.804, 0.827, 0.833, 0.84, 0.819, 0.84, 0.828, 0.774, 0.847, 0.831, 0.786, 0.831, 0.821, 0.815, 0.828, 0.838, 0.827, 0.77, 0.842, 0.807, 0.808, 0.84, 0.825, 0.829, 0.838, 0.829, 0.827, 0.761, 0.845, 0.832, 0.811, 0.849, 0.841, 0.831]
Test Scores w/o background: [0.036, 0.062, 0.094, 0.117, 0.138, 0.146, 0.194, 0.207, 0.29, 0.378, 0.368, 0.471, 0.505, 0.465, 0.545, 0.561, 0.624, 0.598, 0.633, 0.592, 0.62, 0.671, 0.612, 0.642, 0.633, 0.677, 0.649, 0.696, 0.649, 0.643, 0.661, 0.667, 0.671, 0.68, 0.641, 0.594, 0.74, 0.705, 0.659, 0.718, 0.656, 0.576, 0.716, 0.717, 0.765, 0.735, 0.739, 0.765, 0.687, 0.749, 0.709, 0.731, 0.744, 0.723, 0.741, 0.747, 0.711, 0.754, 0.699, 0.737, 0.718, 0.725, 0.759, 0.801, 0.794, 0.685, 0.797, 0.728, 0.734, 0.748, 0.716, 0.741, 0.737, 0.763, 0.749, 0.754, 0.724, 0.775, 0.775, 0.791, 0.726, 0.752, 0.716, 0.756, 0.781, 0.675, 0.741, 0.772, 0.78, 0.788, 0.761, 0.789, 0.773, 0.701, 0.798, 0.777, 0.717, 0.776, 0.763, 0.755, 0.772, 0.787, 0.771, 0.695, 0.791, 0.745, 0.746, 0.789, 0.769, 0.773, 0.785, 0.774, 0.772, 0.683, 0.795, 0.778, 0.75, 0.801, 0.79, 0.777]
Train Scores: [0.05, 0.129, 0.235, 0.283, 0.286, 0.358, 0.4, 0.448, 0.514, 0.601, 0.646, 0.687, 0.721, 0.731, 0.762, 0.812, 0.816, 0.81, 0.822, 0.831, 0.835, 0.84, 0.843, 0.85, 0.866, 0.871, 0.873, 0.861, 0.857, 0.872, 0.867, 0.87, 0.875, 0.868, 0.87, 0.861, 0.89, 0.874, 0.888, 0.886, 0.862, 0.831, 0.886, 0.885, 0.899, 0.889, 0.91, 0.897, 0.894, 0.89, 0.905, 0.894, 0.903, 0.894, 0.899, 0.899, 0.898, 0.904, 0.889, 0.901, 0.9, 0.89, 0.906, 0.906, 0.909, 0.885, 0.905, 0.902, 0.893, 0.901, 0.891, 0.869, 0.901, 0.914, 0.898, 0.902, 0.9, 0.905, 0.897, 0.916, 0.909, 0.904, 0.906, 0.9, 0.904, 0.904, 0.899, 0.919, 0.915, 0.918, 0.915, 0.918, 0.91, 0.906, 0.911, 0.911, 0.911, 0.909, 0.92, 0.911, 0.913, 0.902, 0.916, 0.877, 0.915, 0.91, 0.911, 0.91, 0.91, 0.923, 0.916, 0.915, 0.92, 0.899, 0.901, 0.914, 0.903, 0.92, 0.916, 0.921]
Train Scores w/o background: [0.036, 0.06, 0.114, 0.139, 0.165, 0.226, 0.269, 0.319, 0.379, 0.482, 0.54, 0.593, 0.635, 0.648, 0.688, 0.753, 0.758, 0.75, 0.766, 0.778, 0.784, 0.789, 0.794, 0.802, 0.824, 0.831, 0.833, 0.817, 0.812, 0.832, 0.826, 0.83, 0.835, 0.827, 0.829, 0.818, 0.856, 0.834, 0.853, 0.851, 0.818, 0.777, 0.851, 0.849, 0.867, 0.855, 0.883, 0.865, 0.861, 0.855, 0.875, 0.86, 0.873, 0.862, 0.868, 0.868, 0.866, 0.875, 0.855, 0.871, 0.869, 0.856, 0.876, 0.877, 0.881, 0.849, 0.876, 0.872, 0.86, 0.87, 0.857, 0.827, 0.87, 0.888, 0.866, 0.871, 0.868, 0.876, 0.865, 0.89, 0.88, 0.874, 0.877, 0.868, 0.874, 0.875, 0.867, 0.894, 0.889, 0.893, 0.889, 0.892, 0.882, 0.876, 0.884, 0.883, 0.884, 0.881, 0.895, 0.884, 0.886, 0.872, 0.89, 0.838, 0.888, 0.882, 0.884, 0.882, 0.883, 0.899, 0.89, 0.889, 0.896, 0.868, 0.871, 0.887, 0.873, 0.896, 0.89, 0.897]
Train Loss: [353.323, 296.855, 237.179, 175.628, 145.551, 110.334, 89.919, 76.962, 68.073, 60.294, 52.59, 46.047, 38.534, 33.562, 28.36, 24.229, 21.887, 18.65, 16.942, 14.878, 16.223, 12.546, 10.532, 9.345, 8.422, 7.446, 6.711, 5.989, 6.425, 5.086, 4.598, 4.416, 4.544, 3.811, 3.812, 3.636, 4.174, 2.998, 3.114, 3.037, 3.053, 2.648, 3.06, 2.606, 2.294, 2.207, 1.894, 1.89, 1.982, 2.01, 2.026, 1.975, 1.939, 1.906, 2.01, 2.66, 1.952, 1.703, 1.723, 1.601, 2.095, 1.972, 1.836, 1.873, 1.641, 2.153, 1.948, 2.277, 1.982, 1.911, 1.671, 1.992, 1.707, 1.556, 1.493, 1.518, 1.463, 1.673, 1.451, 1.396, 1.438, 1.382, 1.385, 1.358, 1.236, 1.226, 1.128, 1.036, 1.041, 1.158, 1.244, 1.135, 1.214, 1.348, 1.308, 1.295, 1.332, 1.532, 1.308, 1.275, 1.492, 1.404, 1.41, 1.236, 1.21, 1.221, 1.169, 1.111, 1.012, 0.996, 1.058, 0.996, 1.075, 1.186, 1.095, 1.041, 0.966, 1.002, 0.915, 0.944]
Test Loss: [353.936, 306.562, 279.106, 243.938, 193.162, 175.941, 170.33, 137.419, 145.669, 129.434, 113.168, 106.682, 81.409, 89.078, 82.424, 74.504, 64.852, 66.369, 66.693, 53.889, 74.693, 41.255, 37.92, 56.935, 57.176, 50.442, 42.347, 44.171, 32.647, 52.273, 40.33, 45.329, 48.185, 39.943, 48.175, 50.296, 38.187, 33.387, 33.628, 40.475, 41.015, 56.482, 46.879, 22.708, 27.15, 26.467, 24.945, 31.227, 23.45, 31.65, 19.531, 31.825, 41.689, 18.261, 20.954, 26.693, 41.048, 28.189, 28.632, 27.163, 39.072, 29.505, 29.179, 26.217, 17.824, 24.182, 21.334, 33.875, 25.287, 28.598, 17.734, 19.27, 18.568, 18.705, 31.004, 39.753, 18.54, 17.21, 17.308, 17.485, 16.4, 35.949, 27.188, 21.758, 20.204, 20.577, 16.873, 20.362, 22.88, 25.879, 28.181, 31.496, 21.778, 20.816, 17.698, 22.639, 34.413, 31.976, 28.987, 31.174, 31.245, 19.712, 24.071, 33.396, 27.437, 22.031, 30.967, 17.776, 15.379, 25.628, 21.795, 23.623, 31.17, 22.95, 21.107, 14.986, 21.349, 19.744, 18.646, 16.183]
Max test score: 0.849 found at epoch: 118
Max test score shapes: 0.801 found at epoch: 118
