Active:  BBox loss [True, False, 1] [True, 0.2] [True, 1] linear 
Active: MinSizeBackgroundloss True 1 

Test Scores: [0.062, 0.195, 0.276, 0.34, 0.362, 0.407, 0.471, 0.49, 0.573, 0.598, 0.644, 0.682, 0.658, 0.652, 0.651, 0.709, 0.698, 0.744, 0.747, 0.723, 0.736, 0.755, 0.743, 0.774, 0.753, 0.754, 0.75, 0.765, 0.784, 0.776, 0.735, 0.76, 0.779, 0.729, 0.757, 0.794, 0.811, 0.747, 0.8, 0.767, 0.765, 0.795, 0.802, 0.769, 0.781, 0.763, 0.807, 0.788, 0.781, 0.731, 0.769, 0.789, 0.743, 0.783, 0.773, 0.77, 0.784, 0.74, 0.747, 0.805, 0.768, 0.802, 0.774, 0.75, 0.782, 0.755, 0.766, 0.799, 0.773, 0.785, 0.773, 0.798, 0.818, 0.805, 0.737, 0.771, 0.826, 0.75, 0.816, 0.803, 0.829, 0.783, 0.798, 0.763, 0.833, 0.849, 0.834, 0.771, 0.793, 0.82, 0.803, 0.815, 0.745, 0.795, 0.781, 0.8, 0.763, 0.76, 0.816, 0.797, 0.735, 0.777, 0.806, 0.789, 0.806, 0.78, 0.803, 0.831, 0.812, 0.765, 0.811, 0.837, 0.786, 0.755, 0.803, 0.815, 0.81, 0.762, 0.832, 0.845, 0.776, 0.804, 0.785, 0.801, 0.82, 0.78, 0.75, 0.774, 0.752, 0.813, 0.823, 0.83, 0.835, 0.827, 0.829, 0.822, 0.792, 0.779, 0.738, 0.798]
Test Scores w/o background: [0.036, 0.088, 0.119, 0.169, 0.184, 0.233, 0.314, 0.334, 0.44, 0.468, 0.529, 0.579, 0.547, 0.541, 0.539, 0.616, 0.601, 0.663, 0.665, 0.634, 0.652, 0.677, 0.66, 0.702, 0.674, 0.675, 0.67, 0.689, 0.715, 0.704, 0.65, 0.684, 0.709, 0.642, 0.68, 0.729, 0.751, 0.666, 0.736, 0.692, 0.69, 0.73, 0.74, 0.695, 0.711, 0.687, 0.746, 0.72, 0.71, 0.645, 0.695, 0.722, 0.66, 0.713, 0.701, 0.696, 0.715, 0.657, 0.666, 0.743, 0.694, 0.739, 0.702, 0.67, 0.712, 0.676, 0.69, 0.735, 0.701, 0.716, 0.701, 0.733, 0.76, 0.742, 0.652, 0.697, 0.77, 0.67, 0.758, 0.741, 0.775, 0.713, 0.734, 0.687, 0.781, 0.801, 0.782, 0.697, 0.727, 0.763, 0.74, 0.756, 0.663, 0.729, 0.711, 0.736, 0.687, 0.683, 0.758, 0.732, 0.65, 0.706, 0.745, 0.721, 0.745, 0.71, 0.74, 0.778, 0.753, 0.689, 0.751, 0.785, 0.718, 0.676, 0.74, 0.756, 0.749, 0.686, 0.779, 0.796, 0.704, 0.741, 0.717, 0.738, 0.763, 0.709, 0.67, 0.702, 0.672, 0.754, 0.767, 0.776, 0.783, 0.773, 0.775, 0.766, 0.726, 0.708, 0.653, 0.734]
Train Scores: [0.062, 0.2, 0.294, 0.357, 0.422, 0.486, 0.548, 0.624, 0.696, 0.752, 0.791, 0.826, 0.817, 0.792, 0.794, 0.825, 0.839, 0.84, 0.863, 0.839, 0.85, 0.862, 0.857, 0.872, 0.864, 0.869, 0.871, 0.879, 0.88, 0.878, 0.874, 0.873, 0.886, 0.856, 0.864, 0.865, 0.886, 0.878, 0.879, 0.87, 0.881, 0.871, 0.878, 0.885, 0.88, 0.863, 0.871, 0.872, 0.871, 0.861, 0.871, 0.877, 0.874, 0.875, 0.876, 0.874, 0.887, 0.847, 0.867, 0.876, 0.862, 0.872, 0.866, 0.868, 0.878, 0.889, 0.871, 0.872, 0.868, 0.853, 0.883, 0.885, 0.886, 0.888, 0.876, 0.873, 0.874, 0.861, 0.887, 0.867, 0.886, 0.877, 0.885, 0.867, 0.875, 0.881, 0.892, 0.866, 0.875, 0.886, 0.888, 0.879, 0.863, 0.887, 0.876, 0.886, 0.84, 0.862, 0.875, 0.884, 0.856, 0.882, 0.858, 0.858, 0.885, 0.877, 0.886, 0.871, 0.874, 0.873, 0.883, 0.877, 0.885, 0.883, 0.889, 0.873, 0.882, 0.869, 0.868, 0.887, 0.876, 0.889, 0.871, 0.864, 0.889, 0.881, 0.856, 0.877, 0.841, 0.878, 0.883, 0.891, 0.886, 0.887, 0.891, 0.889, 0.876, 0.87, 0.868, 0.856]
Train Scores w/o background: [0.037, 0.092, 0.141, 0.191, 0.265, 0.337, 0.417, 0.513, 0.604, 0.673, 0.725, 0.771, 0.76, 0.727, 0.729, 0.771, 0.789, 0.791, 0.821, 0.79, 0.804, 0.819, 0.813, 0.833, 0.822, 0.828, 0.831, 0.841, 0.843, 0.84, 0.835, 0.834, 0.851, 0.811, 0.822, 0.823, 0.851, 0.839, 0.841, 0.829, 0.845, 0.831, 0.84, 0.849, 0.842, 0.82, 0.831, 0.832, 0.831, 0.817, 0.831, 0.838, 0.834, 0.836, 0.837, 0.835, 0.851, 0.799, 0.826, 0.838, 0.818, 0.832, 0.824, 0.826, 0.84, 0.854, 0.831, 0.832, 0.826, 0.807, 0.846, 0.85, 0.85, 0.854, 0.838, 0.833, 0.834, 0.818, 0.853, 0.826, 0.851, 0.838, 0.849, 0.826, 0.837, 0.843, 0.859, 0.825, 0.835, 0.851, 0.853, 0.841, 0.82, 0.852, 0.838, 0.851, 0.789, 0.819, 0.836, 0.848, 0.811, 0.845, 0.813, 0.814, 0.85, 0.838, 0.85, 0.831, 0.835, 0.833, 0.847, 0.838, 0.849, 0.847, 0.855, 0.833, 0.846, 0.828, 0.827, 0.852, 0.838, 0.855, 0.831, 0.821, 0.855, 0.844, 0.81, 0.839, 0.791, 0.84, 0.847, 0.857, 0.851, 0.852, 0.858, 0.855, 0.838, 0.829, 0.827, 0.81]
Train Loss: [246.469, 213.7, 166.923, 115.744, 91.524, 73.275, 56.626, 46.749, 39.156, 31.814, 24.974, 18.69, 13.582, 10.861, 9.079, 7.143, 5.871, 4.622, 3.576, 2.94, 2.131, 1.834, 1.438, 1.065, 0.855, 0.672, 0.519, 0.57, 0.506, 0.456, 0.326, 0.501, 0.419, 0.413, 0.571, 0.306, 0.339, 0.357, 0.376, 0.322, 0.284, 0.279, 0.263, 0.284, 0.124, 0.161, 0.253, 0.235, 0.209, 0.153, 0.185, 0.359, 0.189, 0.108, 0.223, 0.132, 0.091, 0.217, 0.092, 0.142, 0.214, 0.192, 0.122, 0.119, 0.127, 0.188, 0.07, 0.261, 0.08, 0.073, 0.178, 0.095, 0.081, 0.098, 0.091, 0.37, 0.563, 0.028, 0.076, 0.056, 0.047, 0.052, 0.072, 0.037, 0.054, 0.358, 0.127, 0.166, 0.228, 0.058, 0.017, 0.023, 0.058, 0.052, 0.046, 0.025, 0.017, 0.076, 0.252, 0.037, 0.075, 0.086, 0.02, 0.074, 0.014, 0.05, 0.05, 0.063, 0.112, 0.144, 0.319, 0.032, 0.029, 0.036, 0.03, 0.011, 0.01, 0.033, 0.042, 0.189, 0.109, 0.034, 0.186, 0.045, 0.01, 0.022, 0.021, 0.012, 0.026, 0.042, 0.02, 0.009, 0.035, 0.024, 0.025, 0.021, 0.038, 0.03, 0.077, 0.009]
Test Loss: [243.608, 213.618, 189.479, 156.711, 120.231, 115.683, 105.301, 81.586, 78.691, 64.387, 46.964, 43.419, 38.799, 34.178, 29.686, 36.586, 23.303, 21.275, 24.045, 15.986, 16.305, 23.826, 20.461, 19.836, 19.153, 19.342, 20.935, 19.848, 18.487, 22.361, 17.331, 23.301, 21.596, 14.556, 27.608, 23.234, 18.076, 17.311, 23.826, 19.438, 19.808, 23.836, 21.848, 24.059, 13.314, 17.247, 20.091, 14.16, 9.434, 10.681, 26.587, 15.052, 18.283, 12.7, 12.581, 21.096, 13.161, 23.019, 18.196, 14.637, 12.192, 25.026, 17.529, 14.115, 22.652, 7.158, 15.781, 11.284, 8.111, 11.691, 14.409, 11.917, 13.217, 15.985, 17.877, 25.072, 14.945, 10.031, 11.417, 6.78, 7.728, 9.927, 10.253, 16.791, 14.586, 7.845, 10.284, 15.272, 16.644, 12.205, 9.386, 10.333, 19.207, 18.403, 10.55, 9.267, 14.969, 17.094, 10.207, 12.571, 18.948, 22.28, 17.127, 13.935, 18.304, 22.682, 16.98, 12.195, 10.56, 20.791, 29.989, 5.259, 13.276, 16.43, 20.205, 10.25, 10.255, 20.345, 13.811, 7.529, 13.558, 17.823, 16.752, 7.077, 7.105, 11.737, 13.837, 18.494, 17.771, 10.241, 9.563, 8.945, 7.888, 5.899, 7.423, 11.344, 8.429, 24.055, 31.014, 14.761]
Max test score: 0.849 found at epoch: 86
Max test score shapes: 0.801 found at epoch: 86
