Active:  BBox loss [True, False, 1] [True, 0.2] [True, 1] linear 
Active: OneHotloss True 20 
Active: MinSizeBackgroundloss True 1 

Test Scores: [0.063, 0.191, 0.264, 0.331, 0.343, 0.39, 0.428, 0.418, 0.542, 0.589, 0.614, 0.65, 0.667, 0.604, 0.645, 0.666, 0.686, 0.686, 0.725, 0.713, 0.732, 0.739, 0.778, 0.71, 0.727, 0.765, 0.772, 0.776, 0.808, 0.822, 0.777, 0.813, 0.82, 0.812, 0.788, 0.769, 0.753, 0.786, 0.788, 0.805, 0.777, 0.776, 0.806, 0.787, 0.775, 0.784, 0.764, 0.786, 0.739, 0.799, 0.781, 0.785, 0.806, 0.743, 0.773, 0.751, 0.739, 0.779, 0.761, 0.794, 0.701, 0.685, 0.724, 0.765, 0.764, 0.803, 0.744, 0.809, 0.785, 0.745, 0.76, 0.799, 0.799, 0.718, 0.772, 0.741, 0.787, 0.824, 0.827, 0.784, 0.796, 0.816, 0.82, 0.784, 0.804, 0.782, 0.769, 0.815, 0.759, 0.749, 0.745, 0.815, 0.81, 0.788, 0.812, 0.746, 0.757, 0.769, 0.823, 0.833, 0.813, 0.8, 0.819, 0.776, 0.822, 0.815, 0.841, 0.826, 0.793, 0.764, 0.793, 0.791, 0.739, 0.76, 0.811, 0.803, 0.739, 0.836, 0.836, 0.839]
Test Scores w/o background: [0.037, 0.09, 0.116, 0.162, 0.164, 0.219, 0.269, 0.267, 0.398, 0.457, 0.491, 0.537, 0.561, 0.478, 0.533, 0.56, 0.586, 0.587, 0.637, 0.621, 0.646, 0.656, 0.707, 0.617, 0.64, 0.69, 0.699, 0.704, 0.746, 0.765, 0.705, 0.752, 0.762, 0.752, 0.721, 0.695, 0.673, 0.717, 0.72, 0.741, 0.705, 0.703, 0.744, 0.718, 0.701, 0.714, 0.688, 0.717, 0.655, 0.734, 0.71, 0.716, 0.744, 0.66, 0.7, 0.67, 0.655, 0.708, 0.684, 0.728, 0.605, 0.582, 0.635, 0.691, 0.688, 0.739, 0.661, 0.748, 0.716, 0.663, 0.682, 0.735, 0.735, 0.627, 0.699, 0.656, 0.718, 0.767, 0.772, 0.715, 0.731, 0.757, 0.762, 0.715, 0.741, 0.712, 0.694, 0.756, 0.682, 0.668, 0.663, 0.756, 0.749, 0.72, 0.753, 0.665, 0.678, 0.695, 0.766, 0.779, 0.753, 0.735, 0.761, 0.704, 0.765, 0.755, 0.791, 0.771, 0.726, 0.687, 0.726, 0.723, 0.654, 0.682, 0.75, 0.74, 0.654, 0.784, 0.783, 0.788]
Train Scores: [0.062, 0.195, 0.279, 0.342, 0.401, 0.457, 0.499, 0.53, 0.691, 0.744, 0.775, 0.794, 0.783, 0.752, 0.757, 0.785, 0.803, 0.804, 0.821, 0.835, 0.84, 0.858, 0.864, 0.849, 0.86, 0.864, 0.861, 0.866, 0.885, 0.9, 0.888, 0.896, 0.893, 0.886, 0.875, 0.875, 0.849, 0.866, 0.887, 0.882, 0.868, 0.87, 0.886, 0.886, 0.879, 0.874, 0.882, 0.869, 0.874, 0.865, 0.894, 0.874, 0.879, 0.849, 0.875, 0.853, 0.87, 0.822, 0.857, 0.856, 0.832, 0.831, 0.825, 0.831, 0.841, 0.868, 0.839, 0.852, 0.869, 0.848, 0.863, 0.866, 0.872, 0.867, 0.858, 0.877, 0.876, 0.861, 0.869, 0.86, 0.858, 0.874, 0.886, 0.864, 0.856, 0.87, 0.853, 0.87, 0.846, 0.845, 0.845, 0.854, 0.867, 0.865, 0.863, 0.835, 0.871, 0.853, 0.869, 0.875, 0.874, 0.881, 0.881, 0.86, 0.872, 0.887, 0.893, 0.87, 0.862, 0.861, 0.873, 0.868, 0.859, 0.846, 0.871, 0.865, 0.814, 0.889, 0.884, 0.866]
Train Scores w/o background: [0.037, 0.093, 0.135, 0.176, 0.242, 0.308, 0.364, 0.42, 0.596, 0.664, 0.705, 0.729, 0.717, 0.676, 0.682, 0.72, 0.742, 0.744, 0.766, 0.784, 0.791, 0.814, 0.822, 0.802, 0.817, 0.821, 0.818, 0.823, 0.849, 0.868, 0.852, 0.864, 0.86, 0.85, 0.836, 0.836, 0.8, 0.824, 0.852, 0.845, 0.827, 0.829, 0.85, 0.85, 0.841, 0.835, 0.844, 0.828, 0.834, 0.823, 0.86, 0.834, 0.841, 0.802, 0.836, 0.806, 0.829, 0.765, 0.812, 0.81, 0.78, 0.777, 0.769, 0.778, 0.789, 0.826, 0.788, 0.806, 0.828, 0.8, 0.82, 0.824, 0.832, 0.825, 0.812, 0.838, 0.837, 0.817, 0.828, 0.816, 0.814, 0.835, 0.85, 0.821, 0.81, 0.829, 0.807, 0.829, 0.798, 0.796, 0.796, 0.807, 0.825, 0.822, 0.82, 0.782, 0.83, 0.806, 0.828, 0.835, 0.834, 0.844, 0.844, 0.816, 0.832, 0.851, 0.859, 0.829, 0.819, 0.817, 0.833, 0.826, 0.814, 0.796, 0.831, 0.823, 0.754, 0.854, 0.848, 0.823]
Train Loss: [261.509, 228.28, 181.118, 130.335, 105.164, 84.503, 66.969, 56.518, 47.998, 40.816, 33.315, 26.179, 20.117, 16.938, 14.058, 11.482, 9.623, 7.378, 5.929, 4.524, 3.519, 2.716, 2.065, 1.573, 1.373, 1.091, 0.861, 0.82, 0.737, 0.619, 0.517, 0.464, 0.464, 0.57, 0.68, 1.04, 0.486, 0.579, 0.647, 0.368, 0.577, 0.643, 0.966, 0.332, 0.353, 0.443, 0.434, 0.904, 0.648, 1.009, 0.906, 0.79, 0.468, 0.458, 0.466, 0.689, 0.617, 1.201, 1.032, 0.469, 1.349, 1.139, 0.877, 0.965, 0.504, 0.292, 1.755, 1.557, 0.629, 0.713, 0.599, 0.52, 0.434, 0.424, 0.978, 0.679, 0.449, 0.829, 0.435, 0.774, 0.405, 0.653, 0.248, 0.54, 0.528, 0.81, 0.359, 0.334, 0.798, 0.577, 0.548, 0.177, 0.342, 0.51, 0.583, 0.351, 0.806, 0.305, 0.44, 0.709, 0.164, 0.358, 0.346, 0.428, 1.371, 0.309, 0.416, 0.387, 0.202, 0.469, 0.593, 0.18, 0.875, 1.44, 0.734, 0.251, 0.375, 0.391, 0.118, 0.401]
Test Loss: [258.338, 228.477, 203.671, 173.594, 134.542, 125.108, 116.793, 93.059, 91.432, 70.029, 61.786, 51.919, 52.265, 36.276, 42.558, 33.556, 38.514, 29.792, 27.688, 19.939, 29.203, 25.323, 22.842, 15.501, 23.862, 16.768, 20.013, 10.988, 20.039, 16.218, 13.692, 22.964, 20.84, 13.881, 14.916, 24.452, 13.01, 18.446, 19.765, 23.803, 19.643, 21.458, 18.138, 15.659, 22.446, 21.082, 25.915, 23.293, 18.698, 24.898, 19.037, 25.164, 15.263, 21.474, 13.702, 8.921, 23.444, 17.872, 27.664, 15.516, 15.628, 36.6, 25.813, 19.276, 20.749, 18.941, 22.85, 13.346, 14.205, 16.196, 29.495, 22.265, 19.958, 24.239, 26.602, 15.457, 19.439, 18.38, 12.565, 13.949, 19.118, 13.682, 14.675, 19.43, 20.118, 17.74, 26.368, 22.592, 14.094, 10.961, 15.628, 11.682, 16.436, 20.364, 11.16, 11.845, 16.39, 25.437, 13.444, 9.599, 8.267, 8.285, 12.823, 16.305, 15.763, 13.938, 10.661, 7.867, 10.857, 19.091, 17.946, 10.992, 17.9, 19.873, 13.246, 14.418, 13.635, 12.846, 8.268, 10.103]
Max test score: 0.841 found at epoch: 107
Max test score shapes: 0.791 found at epoch: 107
