Active:  BBox loss [True, False, 1] [False, 0.2] [True, 1] linear 

Test Scores: [0.032, 0.052, 0.131, 0.149, 0.173, 0.17, 0.186, 0.213, 0.2, 0.203, 0.195, 0.207, 0.206, 0.202, 0.201, 0.212, 0.213, 0.206, 0.204, 0.192, 0.196, 0.209, 0.2, 0.205, 0.201, 0.197, 0.193, 0.204, 0.201, 0.216, 0.196, 0.202, 0.202, 0.202, 0.196, 0.203, 0.215, 0.197, 0.204, 0.209, 0.202, 0.206, 0.22, 0.196, 0.209, 0.198, 0.209, 0.204, 0.197, 0.2, 0.204, 0.199, 0.214, 0.203, 0.194, 0.193, 0.199, 0.201, 0.193, 0.201, 0.193, 0.196, 0.203, 0.197, 0.21, 0.199, 0.204, 0.195, 0.202, 0.199, 0.215, 0.202, 0.204, 0.207, 0.213, 0.212, 0.209, 0.194, 0.206, 0.2, 0.201, 0.207, 0.194, 0.2, 0.197, 0.202, 0.198, 0.203, 0.207, 0.213, 0.202, 0.212, 0.199, 0.196, 0.195, 0.213, 0.207, 0.192, 0.211, 0.209, 0.201, 0.205, 0.204, 0.202, 0.204, 0.214, 0.19, 0.205, 0.205, 0.212, 0.216, 0.201, 0.202, 0.21, 0.201, 0.199, 0.189, 0.199, 0.201, 0.207, 0.196, 0.201, 0.211, 0.209, 0.202, 0.211, 0.203, 0.215, 0.207, 0.203, 0.197, 0.204, 0.198, 0.202, 0.194, 0.205, 0.2, 0.206, 0.201, 0.202, 0.186, 0.197, 0.198, 0.211, 0.199, 0.212, 0.207, 0.19, 0.193, 0.2, 0.202, 0.199, 0.199, 0.209, 0.19, 0.206, 0.211, 0.2, 0.204, 0.206, 0.199, 0.2, 0.199, 0.195, 0.205, 0.206, 0.201, 0.201, 0.201, 0.203, 0.211, 0.205, 0.2, 0.201, 0.209, 0.195, 0.211, 0.205, 0.204, 0.187, 0.195, 0.204, 0.205, 0.195, 0.209, 0.202, 0.205, 0.202, 0.201, 0.207, 0.193, 0.197, 0.208, 0.208, 0.2, 0.202, 0.206, 0.198, 0.21, 0.212]
Test Scores w/o background: [0.031, 0.045, 0.076, 0.077, 0.095, 0.079, 0.088, 0.106, 0.106, 0.101, 0.096, 0.102, 0.107, 0.103, 0.1, 0.107, 0.106, 0.105, 0.1, 0.095, 0.1, 0.106, 0.1, 0.101, 0.097, 0.094, 0.093, 0.102, 0.1, 0.111, 0.098, 0.1, 0.104, 0.102, 0.097, 0.1, 0.107, 0.097, 0.101, 0.108, 0.103, 0.099, 0.115, 0.096, 0.104, 0.099, 0.104, 0.103, 0.1, 0.097, 0.103, 0.101, 0.109, 0.099, 0.097, 0.099, 0.101, 0.102, 0.096, 0.103, 0.095, 0.098, 0.102, 0.097, 0.105, 0.099, 0.098, 0.094, 0.099, 0.104, 0.107, 0.104, 0.103, 0.107, 0.108, 0.107, 0.104, 0.096, 0.104, 0.099, 0.1, 0.101, 0.094, 0.1, 0.096, 0.102, 0.099, 0.103, 0.106, 0.108, 0.099, 0.105, 0.099, 0.096, 0.096, 0.107, 0.105, 0.099, 0.106, 0.106, 0.102, 0.104, 0.1, 0.102, 0.099, 0.108, 0.093, 0.103, 0.104, 0.104, 0.107, 0.102, 0.101, 0.108, 0.104, 0.099, 0.089, 0.098, 0.101, 0.107, 0.098, 0.104, 0.107, 0.108, 0.098, 0.102, 0.103, 0.108, 0.102, 0.103, 0.098, 0.104, 0.102, 0.101, 0.097, 0.105, 0.102, 0.106, 0.1, 0.102, 0.087, 0.094, 0.098, 0.107, 0.099, 0.108, 0.105, 0.093, 0.095, 0.092, 0.102, 0.099, 0.103, 0.106, 0.091, 0.102, 0.103, 0.1, 0.104, 0.108, 0.098, 0.097, 0.101, 0.094, 0.104, 0.103, 0.098, 0.097, 0.099, 0.103, 0.106, 0.102, 0.103, 0.104, 0.106, 0.098, 0.108, 0.107, 0.098, 0.092, 0.097, 0.105, 0.104, 0.1, 0.106, 0.101, 0.104, 0.102, 0.103, 0.104, 0.095, 0.095, 0.105, 0.106, 0.097, 0.102, 0.105, 0.1, 0.107, 0.104]
Train Scores: [0.032, 0.051, 0.138, 0.157, 0.184, 0.189, 0.21, 0.236, 0.226, 0.224, 0.22, 0.227, 0.224, 0.219, 0.216, 0.234, 0.232, 0.222, 0.221, 0.211, 0.213, 0.227, 0.216, 0.223, 0.224, 0.216, 0.211, 0.222, 0.22, 0.235, 0.215, 0.224, 0.217, 0.221, 0.215, 0.223, 0.231, 0.219, 0.226, 0.226, 0.222, 0.226, 0.237, 0.221, 0.228, 0.215, 0.231, 0.223, 0.214, 0.223, 0.221, 0.218, 0.233, 0.223, 0.214, 0.212, 0.217, 0.219, 0.211, 0.223, 0.216, 0.214, 0.22, 0.218, 0.23, 0.218, 0.224, 0.215, 0.224, 0.214, 0.232, 0.218, 0.225, 0.223, 0.229, 0.234, 0.231, 0.214, 0.226, 0.219, 0.216, 0.226, 0.219, 0.218, 0.215, 0.22, 0.219, 0.224, 0.227, 0.225, 0.224, 0.233, 0.219, 0.219, 0.219, 0.233, 0.227, 0.212, 0.233, 0.226, 0.218, 0.22, 0.22, 0.221, 0.225, 0.231, 0.214, 0.22, 0.223, 0.237, 0.235, 0.219, 0.223, 0.226, 0.214, 0.216, 0.215, 0.224, 0.217, 0.227, 0.213, 0.216, 0.233, 0.225, 0.223, 0.23, 0.219, 0.235, 0.223, 0.224, 0.219, 0.221, 0.218, 0.221, 0.215, 0.223, 0.22, 0.225, 0.221, 0.221, 0.21, 0.218, 0.217, 0.227, 0.216, 0.234, 0.223, 0.212, 0.208, 0.222, 0.22, 0.217, 0.216, 0.224, 0.215, 0.231, 0.236, 0.219, 0.223, 0.229, 0.223, 0.226, 0.218, 0.218, 0.222, 0.227, 0.218, 0.218, 0.216, 0.223, 0.229, 0.224, 0.217, 0.22, 0.224, 0.213, 0.226, 0.221, 0.221, 0.21, 0.216, 0.222, 0.224, 0.214, 0.229, 0.217, 0.22, 0.225, 0.219, 0.229, 0.218, 0.219, 0.224, 0.224, 0.219, 0.221, 0.22, 0.216, 0.234, 0.232]
Train Scores w/o background: [0.032, 0.045, 0.081, 0.083, 0.105, 0.1, 0.117, 0.134, 0.136, 0.125, 0.125, 0.126, 0.128, 0.123, 0.118, 0.134, 0.129, 0.125, 0.12, 0.118, 0.118, 0.128, 0.12, 0.122, 0.125, 0.116, 0.114, 0.123, 0.122, 0.134, 0.12, 0.126, 0.12, 0.123, 0.118, 0.125, 0.126, 0.124, 0.127, 0.127, 0.126, 0.123, 0.135, 0.125, 0.127, 0.118, 0.13, 0.125, 0.12, 0.125, 0.122, 0.123, 0.131, 0.123, 0.12, 0.121, 0.121, 0.122, 0.116, 0.128, 0.123, 0.118, 0.12, 0.121, 0.129, 0.121, 0.121, 0.117, 0.124, 0.121, 0.128, 0.122, 0.127, 0.126, 0.127, 0.132, 0.132, 0.118, 0.127, 0.121, 0.117, 0.124, 0.125, 0.12, 0.118, 0.122, 0.123, 0.127, 0.129, 0.123, 0.125, 0.131, 0.123, 0.124, 0.123, 0.131, 0.129, 0.121, 0.132, 0.124, 0.121, 0.12, 0.118, 0.124, 0.124, 0.128, 0.121, 0.121, 0.124, 0.135, 0.129, 0.123, 0.125, 0.127, 0.118, 0.119, 0.12, 0.128, 0.119, 0.131, 0.119, 0.12, 0.133, 0.125, 0.123, 0.126, 0.121, 0.132, 0.121, 0.128, 0.123, 0.124, 0.124, 0.123, 0.121, 0.126, 0.125, 0.127, 0.123, 0.124, 0.115, 0.119, 0.12, 0.125, 0.118, 0.134, 0.123, 0.119, 0.112, 0.119, 0.123, 0.119, 0.122, 0.122, 0.12, 0.133, 0.133, 0.121, 0.126, 0.135, 0.126, 0.128, 0.123, 0.12, 0.122, 0.127, 0.117, 0.116, 0.115, 0.126, 0.127, 0.124, 0.122, 0.126, 0.123, 0.118, 0.126, 0.124, 0.118, 0.119, 0.122, 0.126, 0.125, 0.121, 0.13, 0.119, 0.121, 0.129, 0.123, 0.129, 0.125, 0.122, 0.123, 0.124, 0.12, 0.123, 0.121, 0.121, 0.135, 0.128]
Train Loss: [131.72, 105.848, 67.359, 28.197, 14.368, 5.776, 2.878, 0.776, 0.333, 0.099, 0.085, 0.096, 0.079, 0.038, 0.019, 0.01, 0.005, 0.004, 0.0, 0.0, 0.0, 0.0, 0.0, 0.0, 0.0, 0.0, 0.0, 0.0, 0.0, 0.0, 0.0, 0.0, 0.0, 0.0, 0.0, 0.0, 0.0, 0.0, 0.0, 0.0, 0.0, 0.0, 0.0, 0.0, 0.0, 0.0, 0.0, 0.0, 0.0, 0.0, 0.0, 0.0, 0.0, 0.0, 0.0, 0.0, 0.0, 0.0, 0.0, 0.0, 0.0, 0.0, 0.0, 0.0, 0.0, 0.0, 0.0, 0.0, 0.0, 0.0, 0.0, 0.0, 0.0, 0.0, 0.0, 0.0, 0.0, 0.0, 0.0, 0.0, 0.0, 0.0, 0.0, 0.0, 0.0, 0.0, 0.0, 0.0, 0.0, 0.0, 0.0, 0.0, 0.0, 0.0, 0.0, 0.0, 0.0, 0.0, 0.0, 0.0, 0.0, 0.0, 0.0, 0.0, 0.0, 0.0, 0.0, 0.0, 0.0, 0.0, 0.0, 0.0, 0.0, 0.0, 0.0, 0.0, 0.0, 0.0, 0.0, 0.0, 0.0, 0.0, 0.0, 0.0, 0.0, 0.0, 0.0, 0.0, 0.0, 0.0, 0.0, 0.0, 0.0, 0.0, 0.0, 0.0, 0.0, 0.0, 0.0, 0.0, 0.0, 0.0, 0.0, 0.0, 0.0, 0.0, 0.0, 0.0, 0.0, 0.0, 0.0, 0.0, 0.0, 0.0, 0.0, 0.0, 0.0, 0.0, 0.0, 0.0, 0.0, 0.0, 0.0, 0.0, 0.0, 0.0, 0.0, 0.0, 0.0, 0.0, 0.0, 0.0, 0.0, 0.0, 0.0, 0.0, 0.0, 0.0, 0.0, 0.0, 0.0, 0.0, 0.0, 0.0, 0.0, 0.0, 0.0, 0.0, 0.0, 0.0, 0.0, 0.0, 0.0, 0.0, 0.0, 0.0, 0.0, 0.0, 0.0, 0.0]
Test Loss: [133.911, 110.566, 94.974, 73.807, 72.02, 65.65, 68.714, 64.691, 61.373, 60.409, 61.483, 62.109, 62.588, 62.445, 62.103, 61.993, 62.104, 62.094, 62.162, 62.165, 62.165, 62.165, 62.165, 62.165, 62.165, 62.165, 62.165, 62.165, 62.165, 62.165, 62.165, 62.165, 62.165, 62.165, 62.165, 62.165, 62.165, 62.165, 62.165, 62.165, 62.165, 62.165, 62.165, 62.165, 62.165, 62.165, 62.165, 62.165, 62.165, 62.165, 62.165, 62.165, 62.165, 62.165, 62.165, 62.165, 62.165, 62.165, 62.165, 62.165, 62.165, 62.165, 62.165, 62.165, 62.165, 62.165, 62.165, 62.165, 62.165, 62.165, 62.165, 62.165, 62.165, 62.165, 62.165, 62.165, 62.165, 62.165, 62.165, 62.165, 62.165, 62.165, 62.165, 62.165, 62.165, 62.165, 62.165, 62.165, 62.165, 62.165, 62.165, 62.165, 62.165, 62.165, 62.165, 62.165, 62.165, 62.165, 62.165, 62.165, 62.165, 62.165, 62.165, 62.165, 62.165, 62.165, 62.165, 62.165, 62.165, 62.165, 62.165, 62.165, 62.165, 62.165, 62.165, 62.165, 62.165, 62.165, 62.165, 62.165, 62.165, 62.165, 62.165, 62.165, 62.165, 62.165, 62.165, 62.165, 62.165, 62.165, 62.165, 62.165, 62.165, 62.165, 62.165, 62.165, 62.165, 62.165, 62.165, 62.165, 62.165, 62.165, 62.165, 62.165, 62.165, 62.165, 62.165, 62.165, 62.165, 62.165, 62.165, 62.165, 62.165, 62.165, 62.165, 62.165, 62.165, 62.165, 62.165, 62.165, 62.165, 62.165, 62.165, 62.165, 62.165, 62.165, 62.165, 62.165, 62.165, 62.165, 62.165, 62.165, 62.165, 62.165, 62.165, 62.165, 62.165, 62.165, 62.165, 62.165, 62.165, 62.165, 62.165, 62.165, 62.165, 62.165, 62.165, 62.165, 62.165, 62.165, 62.165, 62.165, 62.165, 62.165, 62.165, 62.165, 62.165, 62.165, 62.165, 62.165]
Max test score: 0.22 found at epoch: 43
Max test score shapes: 0.115 found at epoch: 43
