Active:  BBox loss [True, False, 1] [True, 0.2] [True, 1] linear 
Active: OneHotloss True 6 
Active: MinSizeBackgroundloss True 1 

Test Scores: [0.062, 0.196, 0.274, 0.34, 0.354, 0.409, 0.484, 0.515, 0.543, 0.604, 0.586, 0.686, 0.686, 0.652, 0.679, 0.736, 0.685, 0.745, 0.743, 0.729, 0.732, 0.755, 0.751, 0.758, 0.759, 0.753, 0.801, 0.784, 0.742, 0.759, 0.75, 0.787, 0.769, 0.712, 0.787, 0.773, 0.769, 0.78, 0.771, 0.781, 0.779, 0.76, 0.775, 0.781, 0.785, 0.815, 0.772, 0.798, 0.8, 0.804, 0.77, 0.774, 0.764, 0.769, 0.743, 0.79, 0.787, 0.771, 0.779, 0.719, 0.798, 0.809, 0.789, 0.813, 0.784, 0.714, 0.804, 0.755, 0.782, 0.8, 0.792, 0.795, 0.797, 0.741, 0.762, 0.788, 0.809, 0.765, 0.798, 0.795, 0.812, 0.809, 0.793, 0.741, 0.767, 0.785, 0.812, 0.825, 0.799, 0.793, 0.72, 0.799, 0.803, 0.825, 0.823, 0.802, 0.829, 0.841, 0.782, 0.831, 0.794, 0.807, 0.819, 0.771, 0.789, 0.822, 0.81, 0.806, 0.842, 0.76, 0.809, 0.799, 0.816, 0.813, 0.786, 0.791, 0.811, 0.785, 0.774, 0.817]
Test Scores w/o background: [0.037, 0.088, 0.122, 0.17, 0.176, 0.238, 0.329, 0.365, 0.398, 0.478, 0.452, 0.584, 0.586, 0.541, 0.577, 0.652, 0.584, 0.664, 0.662, 0.643, 0.646, 0.676, 0.671, 0.68, 0.682, 0.673, 0.737, 0.715, 0.659, 0.681, 0.669, 0.718, 0.694, 0.618, 0.718, 0.699, 0.694, 0.709, 0.696, 0.71, 0.708, 0.682, 0.702, 0.71, 0.716, 0.756, 0.698, 0.733, 0.736, 0.741, 0.696, 0.701, 0.688, 0.695, 0.66, 0.723, 0.718, 0.697, 0.708, 0.628, 0.734, 0.748, 0.722, 0.754, 0.715, 0.621, 0.741, 0.676, 0.712, 0.735, 0.725, 0.729, 0.733, 0.657, 0.686, 0.72, 0.747, 0.69, 0.734, 0.73, 0.752, 0.749, 0.727, 0.658, 0.692, 0.717, 0.751, 0.77, 0.734, 0.727, 0.629, 0.735, 0.74, 0.769, 0.767, 0.74, 0.774, 0.789, 0.712, 0.777, 0.728, 0.745, 0.761, 0.697, 0.722, 0.766, 0.75, 0.745, 0.792, 0.684, 0.748, 0.735, 0.757, 0.754, 0.718, 0.724, 0.751, 0.717, 0.702, 0.759]
Train Scores: [0.062, 0.201, 0.29, 0.358, 0.409, 0.475, 0.558, 0.66, 0.688, 0.736, 0.758, 0.817, 0.805, 0.791, 0.803, 0.822, 0.821, 0.839, 0.852, 0.838, 0.851, 0.862, 0.86, 0.871, 0.868, 0.865, 0.877, 0.878, 0.874, 0.89, 0.886, 0.898, 0.891, 0.88, 0.888, 0.889, 0.883, 0.887, 0.893, 0.857, 0.883, 0.875, 0.89, 0.882, 0.871, 0.881, 0.852, 0.88, 0.85, 0.862, 0.892, 0.847, 0.851, 0.867, 0.843, 0.864, 0.876, 0.866, 0.863, 0.842, 0.864, 0.881, 0.868, 0.868, 0.885, 0.858, 0.85, 0.839, 0.838, 0.87, 0.87, 0.872, 0.856, 0.852, 0.854, 0.876, 0.876, 0.856, 0.842, 0.852, 0.87, 0.872, 0.876, 0.852, 0.831, 0.851, 0.874, 0.868, 0.861, 0.873, 0.821, 0.867, 0.857, 0.861, 0.846, 0.841, 0.887, 0.898, 0.871, 0.846, 0.869, 0.864, 0.851, 0.871, 0.867, 0.873, 0.855, 0.853, 0.876, 0.833, 0.868, 0.883, 0.855, 0.862, 0.871, 0.868, 0.869, 0.879, 0.862, 0.867]
Train Scores w/o background: [0.037, 0.092, 0.14, 0.195, 0.25, 0.325, 0.428, 0.559, 0.591, 0.653, 0.681, 0.759, 0.745, 0.727, 0.743, 0.767, 0.766, 0.789, 0.806, 0.788, 0.804, 0.82, 0.817, 0.831, 0.827, 0.823, 0.839, 0.84, 0.835, 0.855, 0.85, 0.866, 0.856, 0.841, 0.853, 0.854, 0.846, 0.852, 0.86, 0.812, 0.846, 0.836, 0.856, 0.844, 0.83, 0.844, 0.805, 0.842, 0.803, 0.818, 0.858, 0.799, 0.803, 0.826, 0.793, 0.821, 0.837, 0.823, 0.82, 0.792, 0.822, 0.843, 0.826, 0.827, 0.849, 0.813, 0.802, 0.788, 0.787, 0.829, 0.829, 0.831, 0.811, 0.805, 0.808, 0.837, 0.837, 0.811, 0.792, 0.805, 0.829, 0.832, 0.837, 0.805, 0.777, 0.804, 0.834, 0.826, 0.817, 0.832, 0.763, 0.825, 0.812, 0.818, 0.796, 0.792, 0.851, 0.866, 0.83, 0.797, 0.828, 0.82, 0.803, 0.83, 0.826, 0.834, 0.809, 0.806, 0.837, 0.781, 0.827, 0.847, 0.81, 0.818, 0.832, 0.827, 0.828, 0.841, 0.818, 0.825]
Train Loss: [251.042, 218.13, 170.96, 120.278, 98.736, 79.55, 61.123, 48.397, 40.95, 34.454, 27.139, 20.711, 15.428, 12.559, 10.355, 8.498, 6.866, 5.342, 4.21, 3.309, 2.575, 1.917, 1.546, 1.556, 1.025, 0.746, 0.679, 0.535, 0.5, 0.453, 0.589, 0.46, 0.447, 0.379, 0.511, 0.394, 0.337, 0.418, 0.33, 0.334, 0.544, 0.468, 0.41, 0.237, 0.41, 0.361, 0.377, 0.428, 0.506, 0.505, 0.487, 0.444, 0.266, 0.701, 1.2, 0.151, 0.235, 0.42, 0.435, 0.356, 0.328, 0.363, 0.189, 0.356, 0.33, 0.856, 0.94, 0.101, 0.533, 0.856, 0.154, 0.414, 0.368, 0.336, 0.411, 0.161, 0.434, 0.268, 0.223, 0.399, 0.189, 0.267, 0.181, 0.135, 0.15, 0.764, 0.445, 0.299, 0.571, 0.251, 0.573, 0.203, 0.273, 0.42, 0.184, 0.512, 0.324, 0.359, 0.29, 0.797, 0.332, 0.265, 0.204, 0.18, 0.488, 0.222, 0.172, 0.423, 0.416, 0.246, 0.163, 0.072, 0.317, 0.46, 0.97, 0.1, 0.343, 0.255, 0.258, 0.169]
Test Loss: [248.042, 218.231, 191.495, 160.351, 127.689, 117.347, 109.198, 82.061, 82.065, 58.943, 55.058, 38.616, 41.162, 34.345, 34.805, 33.668, 17.689, 17.016, 18.165, 18.511, 16.008, 18.332, 20.603, 15.398, 19.477, 15.975, 18.718, 14.7, 18.467, 18.52, 14.202, 16.06, 15.587, 13.526, 21.02, 19.498, 18.565, 18.998, 20.433, 11.587, 10.612, 24.261, 29.17, 17.385, 17.098, 19.473, 23.73, 16.695, 18.034, 15.581, 21.807, 20.309, 14.014, 28.649, 23.421, 17.161, 11.367, 26.023, 12.759, 16.519, 22.593, 12.233, 11.93, 6.629, 10.715, 13.711, 15.386, 15.329, 23.28, 19.635, 23.519, 12.188, 16.042, 20.452, 18.679, 16.91, 14.004, 23.249, 21.977, 21.079, 15.657, 11.904, 7.58, 11.128, 17.115, 17.359, 15.594, 10.131, 16.118, 16.774, 12.558, 14.159, 6.541, 9.188, 7.146, 7.847, 14.248, 5.907, 8.926, 12.85, 15.333, 14.306, 8.556, 14.6, 24.821, 18.534, 11.105, 8.089, 7.02, 12.388, 17.534, 17.514, 22.377, 7.516, 16.387, 16.553, 12.699, 13.392, 26.336, 8.289]
Max test score: 0.842 found at epoch: 109
Max test score shapes: 0.792 found at epoch: 109
