Active:  BBox loss [True, False, 1] [False, 0.2] [True, 1] linear 
Active: MinSizeBackgroundloss True 1 

Test Scores: [0.048, 0.169, 0.225, 0.306, 0.34, 0.408, 0.476, 0.53, 0.576, 0.608, 0.674, 0.707, 0.696, 0.688, 0.715, 0.672, 0.682, 0.689, 0.685, 0.629, 0.644, 0.678, 0.657, 0.675, 0.647, 0.659, 0.626, 0.637, 0.623, 0.616, 0.591, 0.598, 0.624, 0.597, 0.616, 0.617, 0.641, 0.603, 0.602, 0.641, 0.606, 0.638, 0.64, 0.603, 0.633, 0.627, 0.625, 0.62, 0.615, 0.608, 0.631, 0.622, 0.647, 0.607, 0.59, 0.607, 0.617, 0.634, 0.6, 0.601, 0.593, 0.618, 0.609, 0.604, 0.633, 0.627, 0.639, 0.634, 0.623, 0.612, 0.656, 0.634, 0.608, 0.629, 0.629, 0.618, 0.61, 0.605, 0.631, 0.618, 0.631, 0.627, 0.587, 0.616, 0.639, 0.615, 0.629, 0.605, 0.619, 0.649, 0.612, 0.633, 0.604, 0.613, 0.586, 0.624, 0.627, 0.611, 0.626, 0.632, 0.639, 0.639, 0.635, 0.629, 0.616, 0.639, 0.6, 0.627, 0.624, 0.62, 0.632, 0.618, 0.646, 0.633, 0.624, 0.629, 0.589, 0.603, 0.63, 0.617, 0.613, 0.639, 0.62, 0.629, 0.639, 0.629, 0.601, 0.624, 0.644, 0.599, 0.617, 0.605, 0.607, 0.608, 0.588, 0.617, 0.61, 0.632, 0.616, 0.614, 0.586, 0.619, 0.614, 0.629, 0.634, 0.621, 0.624, 0.583, 0.619, 0.592, 0.616, 0.627, 0.614, 0.643, 0.61, 0.61, 0.633, 0.608, 0.62, 0.594]
Test Scores w/o background: [0.035, 0.074, 0.098, 0.14, 0.163, 0.234, 0.316, 0.379, 0.44, 0.48, 0.568, 0.612, 0.598, 0.587, 0.623, 0.567, 0.579, 0.589, 0.584, 0.51, 0.53, 0.574, 0.547, 0.571, 0.533, 0.549, 0.506, 0.52, 0.502, 0.493, 0.46, 0.469, 0.504, 0.468, 0.494, 0.495, 0.527, 0.477, 0.475, 0.526, 0.481, 0.522, 0.526, 0.477, 0.515, 0.508, 0.505, 0.5, 0.492, 0.483, 0.514, 0.502, 0.534, 0.482, 0.46, 0.482, 0.494, 0.517, 0.474, 0.474, 0.465, 0.498, 0.483, 0.478, 0.515, 0.509, 0.524, 0.518, 0.503, 0.489, 0.546, 0.518, 0.483, 0.51, 0.51, 0.496, 0.485, 0.48, 0.514, 0.496, 0.513, 0.507, 0.455, 0.494, 0.525, 0.493, 0.511, 0.479, 0.497, 0.536, 0.487, 0.516, 0.478, 0.49, 0.454, 0.505, 0.508, 0.487, 0.506, 0.515, 0.524, 0.525, 0.519, 0.511, 0.492, 0.523, 0.473, 0.508, 0.505, 0.498, 0.515, 0.497, 0.533, 0.516, 0.504, 0.511, 0.457, 0.476, 0.513, 0.496, 0.489, 0.524, 0.498, 0.512, 0.524, 0.51, 0.474, 0.503, 0.532, 0.471, 0.495, 0.479, 0.482, 0.483, 0.457, 0.495, 0.485, 0.516, 0.495, 0.491, 0.454, 0.498, 0.491, 0.51, 0.517, 0.5, 0.505, 0.451, 0.498, 0.462, 0.494, 0.508, 0.491, 0.53, 0.486, 0.485, 0.515, 0.483, 0.498, 0.465]
Train Scores: [0.048, 0.175, 0.236, 0.314, 0.383, 0.483, 0.564, 0.671, 0.689, 0.762, 0.81, 0.837, 0.772, 0.83, 0.817, 0.795, 0.803, 0.797, 0.794, 0.761, 0.768, 0.787, 0.773, 0.779, 0.774, 0.775, 0.761, 0.767, 0.764, 0.761, 0.734, 0.743, 0.753, 0.742, 0.738, 0.755, 0.757, 0.736, 0.738, 0.767, 0.742, 0.764, 0.761, 0.74, 0.758, 0.751, 0.756, 0.747, 0.743, 0.746, 0.747, 0.75, 0.766, 0.74, 0.721, 0.737, 0.744, 0.752, 0.726, 0.731, 0.724, 0.736, 0.741, 0.741, 0.766, 0.745, 0.754, 0.752, 0.752, 0.743, 0.768, 0.754, 0.742, 0.757, 0.765, 0.753, 0.749, 0.736, 0.745, 0.747, 0.754, 0.758, 0.721, 0.744, 0.742, 0.741, 0.747, 0.741, 0.75, 0.769, 0.745, 0.758, 0.741, 0.737, 0.725, 0.747, 0.756, 0.739, 0.761, 0.761, 0.741, 0.74, 0.755, 0.744, 0.743, 0.759, 0.731, 0.754, 0.744, 0.757, 0.765, 0.739, 0.759, 0.758, 0.744, 0.752, 0.726, 0.736, 0.745, 0.746, 0.742, 0.751, 0.756, 0.749, 0.754, 0.763, 0.739, 0.761, 0.746, 0.731, 0.743, 0.737, 0.74, 0.743, 0.724, 0.749, 0.744, 0.749, 0.734, 0.748, 0.713, 0.747, 0.742, 0.755, 0.742, 0.756, 0.74, 0.723, 0.736, 0.727, 0.74, 0.75, 0.739, 0.749, 0.734, 0.753, 0.759, 0.742, 0.745, 0.734]
Train Scores w/o background: [0.035, 0.077, 0.109, 0.149, 0.221, 0.335, 0.433, 0.568, 0.59, 0.686, 0.749, 0.785, 0.699, 0.776, 0.759, 0.729, 0.741, 0.733, 0.73, 0.686, 0.696, 0.721, 0.701, 0.709, 0.703, 0.704, 0.686, 0.694, 0.69, 0.686, 0.652, 0.662, 0.676, 0.66, 0.657, 0.678, 0.681, 0.654, 0.655, 0.694, 0.662, 0.69, 0.687, 0.659, 0.683, 0.673, 0.68, 0.668, 0.663, 0.667, 0.669, 0.672, 0.693, 0.659, 0.635, 0.655, 0.665, 0.675, 0.642, 0.648, 0.639, 0.654, 0.66, 0.661, 0.692, 0.666, 0.677, 0.674, 0.675, 0.663, 0.695, 0.678, 0.662, 0.681, 0.691, 0.676, 0.67, 0.655, 0.666, 0.669, 0.677, 0.682, 0.634, 0.664, 0.662, 0.661, 0.669, 0.661, 0.672, 0.697, 0.665, 0.683, 0.661, 0.656, 0.639, 0.669, 0.681, 0.658, 0.685, 0.687, 0.661, 0.66, 0.679, 0.665, 0.661, 0.684, 0.648, 0.677, 0.664, 0.681, 0.691, 0.658, 0.684, 0.683, 0.665, 0.676, 0.641, 0.654, 0.666, 0.668, 0.661, 0.674, 0.679, 0.672, 0.678, 0.688, 0.657, 0.685, 0.667, 0.648, 0.663, 0.655, 0.659, 0.663, 0.639, 0.672, 0.664, 0.672, 0.652, 0.669, 0.623, 0.668, 0.661, 0.679, 0.662, 0.679, 0.66, 0.638, 0.655, 0.641, 0.659, 0.672, 0.659, 0.671, 0.651, 0.676, 0.684, 0.662, 0.665, 0.652]
Train Loss: [182.637, 153.467, 112.043, 66.946, 50.753, 39.622, 29.522, 22.312, 20.049, 13.876, 10.376, 6.551, 4.409, 1.472, 0.317, 0.341, 0.296, 0.346, 0.268, 0.135, 0.134, 0.157, 0.137, 0.115, 0.081, 0.045, 0.028, 0.01, 0.019, 0.024, 0.022, 0.01, 0.006, 0.004, 0.003, 0.003, 0.002, 0.002, 0.001, 0.0, 0.0, 0.0, 0.0, 0.0, 0.0, 0.0, 0.0, 0.0, 0.0, 0.0, 0.0, 0.0, 0.0, 0.0, 0.0, 0.0, 0.0, 0.0, 0.0, 0.0, 0.0, 0.0, 0.0, 0.0, 0.0, 0.0, 0.0, 0.0, 0.0, 0.0, 0.0, 0.0, 0.0, 0.0, 0.0, 0.0, 0.0, 0.0, 0.0, 0.0, 0.0, 0.0, 0.0, 0.0, 0.0, 0.0, 0.0, 0.0, 0.0, 0.0, 0.0, 0.0, 0.0, 0.0, 0.0, 0.0, 0.0, 0.0, 0.0, 0.0, 0.0, 0.0, 0.0, 0.0, 0.0, 0.0, 0.0, 0.0, 0.0, 0.0, 0.0, 0.0, 0.0, 0.0, 0.0, 0.0, 0.0, 0.0, 0.0, 0.0, 0.0, 0.0, 0.0, 0.0, 0.0, 0.0, 0.0, 0.0, 0.0, 0.0, 0.0, 0.0, 0.0, 0.0, 0.0, 0.0, 0.0, 0.0, 0.0, 0.0, 0.0, 0.0, 0.0, 0.0, 0.0, 0.0, 0.0, 0.0, 0.0, 0.0, 0.0, 0.0, 0.0, 0.0, 0.0, 0.0, 0.0, 0.0, 0.0, 0.0]
Test Loss: [185.071, 159.064, 140.39, 114.088, 91.397, 80.62, 86.753, 57.124, 66.251, 47.642, 56.319, 44.036, 35.268, 35.892, 28.147, 28.167, 29.209, 30.679, 31.854, 30.97, 29.903, 28.165, 27.579, 27.34, 27.721, 28.03, 28.761, 29.844, 31.594, 33.196, 34.438, 34.874, 34.713, 34.529, 34.118, 33.776, 33.603, 33.435, 33.154, 33.004, 32.987, 32.863, 32.764, 32.695, 32.595, 32.583, 32.583, 32.583, 32.583, 32.583, 32.583, 32.583, 32.583, 32.583, 32.583, 32.583, 32.583, 32.583, 32.583, 32.583, 32.583, 32.583, 32.583, 32.583, 32.583, 32.583, 32.583, 32.583, 32.583, 32.583, 32.583, 32.583, 32.583, 32.583, 32.583, 32.583, 32.583, 32.583, 32.583, 32.583, 32.583, 32.583, 32.583, 32.583, 32.583, 32.583, 32.583, 32.583, 32.583, 32.583, 32.583, 32.583, 32.583, 32.583, 32.583, 32.583, 32.583, 32.583, 32.583, 32.583, 32.583, 32.583, 32.583, 32.583, 32.583, 32.583, 32.583, 32.583, 32.583, 32.583, 32.583, 32.583, 32.583, 32.583, 32.583, 32.583, 32.583, 32.583, 32.583, 32.583, 32.583, 32.583, 32.583, 32.583, 32.583, 32.583, 32.583, 32.583, 32.583, 32.583, 32.583, 32.583, 32.583, 32.583, 32.583, 32.583, 32.583, 32.583, 32.583, 32.583, 32.583, 32.583, 32.583, 32.583, 32.583, 32.583, 32.583, 32.583, 32.583, 32.583, 32.583, 32.583, 32.583, 32.583, 32.583, 32.583, 32.583, 32.583, 32.583, 32.583]
Max test score: 0.715 found at epoch: 15
Max test score shapes: 0.623 found at epoch: 15
