Active: ImageLevelloss True True False 2 
Active: Relationsloss True 2 True 0.02 False 
Active: OneHotloss True 10 
Active: MinSizeBackgroundloss True 1 

Test Scores: [0.149, 0.251, 0.29, 0.295, 0.29, 0.293, 0.26, 0.247, 0.242, 0.246, 0.238, 0.237, 0.235, 0.24, 0.237, 0.235, 0.235, 0.246, 0.241, 0.236, 0.239, 0.231, 0.234, 0.237, 0.236, 0.231, 0.233, 0.235, 0.232, 0.231, 0.236, 0.229, 0.234, 0.231, 0.236, 0.23, 0.234, 0.237, 0.228, 0.24, 0.235, 0.237, 0.242, 0.247, 0.266, 0.276, 0.279, 0.315, 0.32, 0.33, 0.357, 0.359, 0.337, 0.361, 0.356, 0.372, 0.366, 0.36, 0.365, 0.368, 0.372, 0.392, 0.389, 0.386, 0.367, 0.417, 0.392, 0.411, 0.399, 0.406, 0.411, 0.409, 0.412, 0.413, 0.415, 0.395, 0.412, 0.432, 0.416, 0.429, 0.424, 0.403, 0.403, 0.435, 0.466, 0.423, 0.435, 0.417, 0.429, 0.447, 0.427, 0.413, 0.422, 0.444, 0.417, 0.422, 0.439, 0.463, 0.443, 0.429, 0.468, 0.466, 0.454, 0.428, 0.459, 0.469, 0.466, 0.449, 0.452, 0.45, 0.456, 0.47, 0.461, 0.46, 0.45, 0.47, 0.432, 0.451, 0.474, 0.481, 0.446, 0.476, 0.442, 0.467, 0.473, 0.442, 0.462, 0.432, 0.47, 0.444, 0.485, 0.467, 0.442, 0.454, 0.466, 0.435, 0.492, 0.489, 0.437, 0.478, 0.451, 0.494, 0.469, 0.48, 0.499, 0.459, 0.463, 0.48, 0.471, 0.459, 0.453, 0.486, 0.469, 0.497, 0.474, 0.459, 0.457, 0.485, 0.461, 0.416, 0.491, 0.472, 0.484, 0.501, 0.511, 0.474, 0.456, 0.512, 0.477, 0.487, 0.501, 0.505, 0.499, 0.466, 0.477, 0.493, 0.491, 0.501, 0.479, 0.477, 0.469, 0.501, 0.471, 0.467, 0.488, 0.506, 0.495, 0.476, 0.5, 0.481]
Test Scores w/o background: [0.03, 0.06, 0.08, 0.08, 0.08, 0.08, 0.037, 0.019, 0.013, 0.018, 0.008, 0.006, 0.004, 0.011, 0.007, 0.004, 0.004, 0.018, 0.011, 0.005, 0.01, 0.005, 0.003, 0.008, 0.006, 0.006, 0.003, 0.006, 0.003, 0.002, 0.006, 0.002, 0.004, 0.003, 0.008, 0.002, 0.006, 0.01, 0.002, 0.013, 0.009, 0.01, 0.02, 0.024, 0.046, 0.062, 0.062, 0.11, 0.112, 0.125, 0.164, 0.168, 0.14, 0.171, 0.169, 0.193, 0.183, 0.18, 0.188, 0.186, 0.19, 0.215, 0.214, 0.207, 0.188, 0.25, 0.215, 0.245, 0.228, 0.238, 0.248, 0.236, 0.241, 0.244, 0.248, 0.219, 0.245, 0.266, 0.251, 0.266, 0.257, 0.23, 0.229, 0.275, 0.317, 0.256, 0.273, 0.25, 0.265, 0.291, 0.26, 0.242, 0.251, 0.287, 0.245, 0.253, 0.279, 0.31, 0.284, 0.264, 0.318, 0.316, 0.297, 0.261, 0.303, 0.319, 0.317, 0.289, 0.294, 0.292, 0.298, 0.32, 0.305, 0.306, 0.291, 0.32, 0.265, 0.291, 0.324, 0.335, 0.284, 0.324, 0.277, 0.314, 0.321, 0.276, 0.303, 0.264, 0.318, 0.281, 0.338, 0.314, 0.278, 0.295, 0.311, 0.271, 0.347, 0.344, 0.274, 0.326, 0.29, 0.349, 0.316, 0.328, 0.357, 0.302, 0.305, 0.331, 0.318, 0.301, 0.294, 0.338, 0.315, 0.354, 0.323, 0.302, 0.298, 0.337, 0.304, 0.241, 0.344, 0.321, 0.335, 0.358, 0.373, 0.322, 0.297, 0.373, 0.322, 0.339, 0.357, 0.363, 0.355, 0.31, 0.324, 0.346, 0.344, 0.357, 0.327, 0.325, 0.314, 0.358, 0.317, 0.312, 0.34, 0.365, 0.349, 0.323, 0.355, 0.33]
Train Scores: [0.155, 0.261, 0.298, 0.304, 0.284, 0.283, 0.263, 0.252, 0.247, 0.249, 0.24, 0.24, 0.237, 0.241, 0.24, 0.236, 0.238, 0.245, 0.242, 0.237, 0.241, 0.233, 0.235, 0.238, 0.239, 0.233, 0.235, 0.237, 0.232, 0.233, 0.237, 0.229, 0.236, 0.235, 0.238, 0.231, 0.234, 0.239, 0.23, 0.243, 0.239, 0.242, 0.25, 0.255, 0.281, 0.294, 0.294, 0.337, 0.344, 0.359, 0.396, 0.401, 0.374, 0.411, 0.408, 0.426, 0.419, 0.41, 0.422, 0.428, 0.437, 0.47, 0.467, 0.465, 0.421, 0.492, 0.461, 0.484, 0.471, 0.486, 0.484, 0.499, 0.491, 0.472, 0.482, 0.462, 0.483, 0.525, 0.474, 0.513, 0.509, 0.481, 0.468, 0.498, 0.533, 0.508, 0.52, 0.485, 0.51, 0.523, 0.507, 0.498, 0.504, 0.501, 0.497, 0.507, 0.508, 0.529, 0.509, 0.505, 0.549, 0.541, 0.527, 0.51, 0.519, 0.534, 0.542, 0.523, 0.528, 0.521, 0.532, 0.547, 0.539, 0.53, 0.521, 0.548, 0.511, 0.514, 0.543, 0.547, 0.517, 0.553, 0.516, 0.548, 0.557, 0.53, 0.551, 0.482, 0.55, 0.525, 0.57, 0.535, 0.507, 0.529, 0.551, 0.489, 0.564, 0.569, 0.493, 0.567, 0.512, 0.575, 0.525, 0.57, 0.555, 0.525, 0.556, 0.559, 0.554, 0.522, 0.507, 0.563, 0.545, 0.559, 0.539, 0.531, 0.526, 0.559, 0.523, 0.474, 0.557, 0.521, 0.547, 0.57, 0.578, 0.55, 0.502, 0.573, 0.556, 0.55, 0.568, 0.572, 0.573, 0.532, 0.533, 0.568, 0.557, 0.574, 0.553, 0.551, 0.535, 0.572, 0.528, 0.527, 0.55, 0.575, 0.565, 0.525, 0.566, 0.543]
Train Scores w/o background: [0.032, 0.07, 0.09, 0.093, 0.071, 0.067, 0.039, 0.025, 0.018, 0.021, 0.009, 0.009, 0.005, 0.011, 0.01, 0.005, 0.006, 0.015, 0.012, 0.006, 0.012, 0.005, 0.004, 0.009, 0.009, 0.006, 0.004, 0.008, 0.003, 0.003, 0.007, 0.001, 0.006, 0.006, 0.011, 0.003, 0.006, 0.012, 0.004, 0.016, 0.013, 0.016, 0.029, 0.033, 0.066, 0.087, 0.084, 0.14, 0.146, 0.167, 0.214, 0.225, 0.189, 0.241, 0.242, 0.266, 0.257, 0.247, 0.264, 0.268, 0.28, 0.322, 0.317, 0.315, 0.259, 0.351, 0.309, 0.342, 0.324, 0.343, 0.344, 0.358, 0.348, 0.322, 0.337, 0.309, 0.338, 0.391, 0.328, 0.378, 0.371, 0.333, 0.316, 0.358, 0.404, 0.369, 0.386, 0.34, 0.373, 0.39, 0.367, 0.356, 0.362, 0.361, 0.354, 0.368, 0.37, 0.397, 0.371, 0.364, 0.424, 0.414, 0.393, 0.372, 0.382, 0.405, 0.416, 0.387, 0.396, 0.386, 0.398, 0.422, 0.41, 0.398, 0.385, 0.424, 0.371, 0.375, 0.414, 0.42, 0.379, 0.426, 0.377, 0.421, 0.433, 0.394, 0.424, 0.331, 0.424, 0.389, 0.45, 0.404, 0.365, 0.395, 0.425, 0.341, 0.441, 0.449, 0.346, 0.444, 0.372, 0.457, 0.389, 0.448, 0.43, 0.389, 0.43, 0.435, 0.428, 0.384, 0.365, 0.439, 0.415, 0.435, 0.408, 0.396, 0.389, 0.435, 0.386, 0.319, 0.431, 0.385, 0.417, 0.448, 0.461, 0.422, 0.358, 0.454, 0.427, 0.422, 0.446, 0.452, 0.452, 0.397, 0.399, 0.445, 0.431, 0.453, 0.425, 0.423, 0.401, 0.45, 0.392, 0.39, 0.423, 0.456, 0.441, 0.388, 0.442, 0.412]
Train Loss: [231.03, 181.957, 154.703, 137.641, 122.884, 108.307, 94.418, 80.634, 66.928, 55.919, 47.038, 38.96, 31.876, 26.146, 21.927, 19.289, 17.764, 16.919, 16.275, 15.791, 15.342, 15.032, 14.816, 14.622, 14.513, 14.361, 13.995, 13.769, 13.708, 13.658, 13.578, 13.487, 13.395, 13.275, 12.757, 12.596, 12.309, 12.274, 11.823, 11.67, 11.386, 11.041, 10.145, 9.663, 9.194, 8.681, 7.799, 7.239, 6.73, 6.076, 5.623, 5.037, 4.554, 3.83, 3.46, 3.132, 2.862, 2.699, 2.514, 2.64, 2.02, 1.838, 1.926, 1.744, 1.576, 1.592, 1.405, 1.302, 1.111, 1.096, 1.003, 0.958, 0.824, 0.82, 0.922, 0.79, 0.742, 0.696, 0.786, 0.653, 0.646, 0.747, 0.642, 0.612, 0.629, 0.575, 0.632, 0.506, 0.475, 0.542, 0.67, 0.546, 0.621, 0.509, 0.517, 0.557, 0.536, 0.673, 0.649, 0.674, 0.437, 0.397, 0.407, 0.383, 0.375, 0.384, 0.469, 0.429, 0.406, 0.496, 0.574, 0.401, 0.522, 0.463, 0.417, 0.538, 0.434, 0.469, 0.382, 0.404, 0.435, 0.36, 0.335, 0.309, 0.296, 0.321, 0.293, 0.279, 0.316, 0.289, 0.356, 0.444, 0.343, 0.291, 0.273, 0.278, 0.272, 0.255, 0.344, 0.276, 0.335, 0.325, 0.442, 0.372, 0.321, 0.345, 0.439, 0.288, 0.269, 0.308, 0.274, 0.325, 0.282, 0.275, 0.276, 0.256, 0.259, 0.262, 0.255, 0.277, 0.368, 0.251, 0.253, 0.214, 0.251, 0.245, 0.262, 0.209, 0.19, 0.203, 0.172, 0.148, 0.137, 0.121, 0.112, 0.107, 0.098, 0.089, 0.08, 0.078, 0.072, 0.072, 0.073, 0.075, 0.065, 0.063, 0.06, 0.062, 0.063, 0.061]
Test Loss: [229.934, 179.945, 152.818, 137.385, 121.681, 107.226, 93.38, 79.696, 66.049, 55.045, 46.345, 38.599, 31.867, 26.295, 22.111, 19.697, 18.538, 17.831, 17.307, 16.93, 16.688, 16.0, 15.902, 15.293, 15.404, 15.322, 15.305, 14.936, 14.962, 14.905, 15.161, 15.218, 14.892, 15.139, 15.376, 15.152, 14.881, 15.32, 14.729, 15.289, 14.789, 15.164, 14.964, 13.902, 13.793, 13.865, 13.671, 12.335, 11.816, 10.363, 10.574, 9.272, 8.885, 8.229, 6.97, 7.087, 5.563, 6.616, 6.209, 6.454, 6.329, 5.629, 5.473, 3.841, 4.756, 4.257, 4.547, 3.817, 4.577, 3.953, 3.994, 4.174, 5.635, 5.284, 4.581, 3.783, 3.078, 3.561, 3.536, 3.414, 3.833, 2.423, 4.259, 3.384, 3.326, 3.273, 2.937, 3.244, 3.408, 2.925, 2.973, 3.757, 5.923, 2.501, 3.283, 3.467, 2.752, 3.587, 2.753, 4.865, 3.84, 4.257, 2.561, 3.343, 2.167, 3.669, 3.59, 2.821, 3.167, 2.423, 3.463, 2.223, 3.338, 3.776, 3.645, 3.881, 3.287, 2.512, 2.774, 2.52, 3.677, 3.104, 2.765, 2.886, 2.65, 2.956, 3.294, 2.877, 1.906, 3.004, 3.701, 3.135, 2.152, 3.557, 2.916, 3.359, 1.973, 2.011, 1.92, 1.869, 5.036, 3.405, 2.883, 2.395, 2.655, 4.289, 5.625, 2.277, 1.537, 1.839, 1.307, 2.219, 2.342, 2.106, 2.132, 2.189, 2.851, 1.565, 2.09, 2.6, 3.899, 2.223, 1.865, 2.483, 1.644, 2.905, 2.492, 2.4, 2.29, 2.72, 1.666, 1.458, 1.776, 2.041, 2.037, 1.627, 1.813, 1.774, 1.66, 1.795, 1.605, 1.548, 1.496, 1.64, 1.428, 1.611, 1.558, 1.573, 1.749, 1.771]
Max test score: 0.512 found at epoch: 168
Max test score shapes: 0.373 found at epoch: 168
