Active: ImageLevelloss True True False 2 
Active: Relationsloss True 2 False 0.1 False 
Active: OneHotloss True 10 
Active: MinSizeBackgroundloss True 1 

Test Scores: [0.151, 0.248, 0.274, 0.294, 0.278, 0.269, 0.26, 0.256, 0.25, 0.256, 0.244, 0.244, 0.242, 0.251, 0.249, 0.241, 0.241, 0.241, 0.25, 0.253, 0.252, 0.245, 0.246, 0.248, 0.265, 0.254, 0.265, 0.252, 0.249, 0.258, 0.26, 0.261, 0.266, 0.282, 0.277, 0.283, 0.297, 0.293, 0.276, 0.318, 0.315, 0.301, 0.347, 0.322, 0.345, 0.35, 0.369, 0.388, 0.385, 0.367, 0.376, 0.396, 0.431, 0.424, 0.499, 0.486, 0.498, 0.539, 0.541, 0.546, 0.523, 0.526, 0.554, 0.562, 0.553, 0.592, 0.587, 0.611, 0.592, 0.589, 0.647, 0.627, 0.622, 0.604, 0.628, 0.626, 0.627, 0.642, 0.645, 0.63, 0.641, 0.622, 0.623, 0.608, 0.637, 0.668, 0.628, 0.66, 0.632, 0.67, 0.666, 0.655, 0.638, 0.649, 0.657, 0.653, 0.685, 0.662, 0.682, 0.679, 0.677, 0.668, 0.702, 0.672, 0.672, 0.677, 0.686, 0.695, 0.674, 0.663, 0.683, 0.676, 0.689, 0.679, 0.683, 0.686, 0.69, 0.675, 0.674, 0.69, 0.7, 0.634, 0.702, 0.703, 0.7, 0.681, 0.697, 0.676, 0.699, 0.669, 0.706, 0.676, 0.683, 0.702, 0.7, 0.701, 0.697, 0.705, 0.699, 0.699, 0.7, 0.697, 0.7, 0.7, 0.664, 0.701, 0.696, 0.7, 0.7, 0.685, 0.688, 0.706, 0.696, 0.715, 0.704, 0.705, 0.708, 0.704, 0.69, 0.678, 0.675, 0.707, 0.708, 0.699, 0.698, 0.712, 0.694, 0.683, 0.696, 0.72, 0.713, 0.714, 0.709, 0.706, 0.71, 0.713, 0.714, 0.714, 0.713, 0.716, 0.712, 0.715, 0.714, 0.709, 0.714, 0.716, 0.713, 0.716, 0.709, 0.717]
Test Scores w/o background: [0.035, 0.058, 0.068, 0.084, 0.077, 0.065, 0.048, 0.032, 0.023, 0.031, 0.015, 0.016, 0.012, 0.024, 0.022, 0.012, 0.012, 0.012, 0.023, 0.026, 0.024, 0.016, 0.017, 0.021, 0.041, 0.028, 0.042, 0.027, 0.021, 0.032, 0.035, 0.037, 0.04, 0.06, 0.057, 0.062, 0.081, 0.076, 0.056, 0.11, 0.106, 0.087, 0.145, 0.114, 0.143, 0.15, 0.174, 0.198, 0.195, 0.169, 0.182, 0.209, 0.253, 0.242, 0.342, 0.326, 0.341, 0.395, 0.398, 0.405, 0.376, 0.379, 0.415, 0.426, 0.413, 0.466, 0.457, 0.49, 0.464, 0.461, 0.536, 0.511, 0.504, 0.479, 0.512, 0.508, 0.509, 0.53, 0.534, 0.514, 0.528, 0.503, 0.504, 0.484, 0.523, 0.564, 0.511, 0.553, 0.515, 0.566, 0.561, 0.547, 0.523, 0.539, 0.549, 0.543, 0.586, 0.556, 0.583, 0.578, 0.576, 0.564, 0.609, 0.569, 0.569, 0.576, 0.588, 0.599, 0.572, 0.557, 0.583, 0.574, 0.592, 0.578, 0.584, 0.588, 0.593, 0.572, 0.572, 0.593, 0.607, 0.519, 0.609, 0.61, 0.607, 0.58, 0.602, 0.574, 0.605, 0.565, 0.614, 0.575, 0.584, 0.609, 0.606, 0.608, 0.602, 0.612, 0.605, 0.605, 0.606, 0.602, 0.606, 0.606, 0.558, 0.608, 0.601, 0.606, 0.606, 0.586, 0.59, 0.613, 0.601, 0.625, 0.612, 0.613, 0.616, 0.611, 0.593, 0.576, 0.573, 0.615, 0.617, 0.605, 0.603, 0.622, 0.599, 0.583, 0.601, 0.633, 0.624, 0.625, 0.619, 0.614, 0.619, 0.623, 0.625, 0.624, 0.623, 0.628, 0.623, 0.626, 0.625, 0.618, 0.624, 0.627, 0.624, 0.627, 0.618, 0.628]
Train Scores: [0.154, 0.259, 0.281, 0.303, 0.274, 0.265, 0.256, 0.256, 0.249, 0.251, 0.243, 0.243, 0.241, 0.248, 0.244, 0.239, 0.241, 0.241, 0.249, 0.256, 0.255, 0.249, 0.25, 0.255, 0.27, 0.263, 0.271, 0.256, 0.254, 0.266, 0.268, 0.269, 0.291, 0.307, 0.298, 0.303, 0.328, 0.313, 0.307, 0.338, 0.337, 0.325, 0.361, 0.342, 0.359, 0.355, 0.38, 0.388, 0.398, 0.397, 0.41, 0.408, 0.439, 0.478, 0.557, 0.534, 0.546, 0.577, 0.572, 0.572, 0.571, 0.586, 0.599, 0.59, 0.609, 0.633, 0.625, 0.633, 0.634, 0.642, 0.669, 0.67, 0.657, 0.66, 0.683, 0.672, 0.684, 0.686, 0.681, 0.675, 0.691, 0.689, 0.695, 0.692, 0.691, 0.714, 0.669, 0.68, 0.7, 0.702, 0.713, 0.699, 0.713, 0.714, 0.711, 0.707, 0.717, 0.704, 0.723, 0.723, 0.721, 0.689, 0.729, 0.726, 0.712, 0.721, 0.715, 0.727, 0.724, 0.692, 0.709, 0.733, 0.727, 0.724, 0.724, 0.729, 0.722, 0.727, 0.717, 0.727, 0.737, 0.707, 0.729, 0.739, 0.743, 0.727, 0.737, 0.721, 0.729, 0.736, 0.735, 0.724, 0.724, 0.73, 0.738, 0.743, 0.731, 0.732, 0.735, 0.734, 0.738, 0.737, 0.733, 0.73, 0.724, 0.737, 0.738, 0.734, 0.732, 0.73, 0.734, 0.74, 0.725, 0.739, 0.742, 0.744, 0.742, 0.735, 0.739, 0.722, 0.728, 0.742, 0.736, 0.739, 0.735, 0.743, 0.735, 0.696, 0.724, 0.746, 0.741, 0.744, 0.743, 0.741, 0.741, 0.744, 0.746, 0.744, 0.745, 0.747, 0.744, 0.747, 0.745, 0.742, 0.747, 0.746, 0.746, 0.745, 0.742, 0.75]
Train Scores w/o background: [0.032, 0.07, 0.077, 0.096, 0.071, 0.057, 0.041, 0.031, 0.02, 0.023, 0.012, 0.013, 0.01, 0.018, 0.014, 0.008, 0.01, 0.01, 0.02, 0.028, 0.028, 0.021, 0.022, 0.028, 0.046, 0.038, 0.048, 0.03, 0.027, 0.041, 0.045, 0.048, 0.073, 0.093, 0.084, 0.089, 0.121, 0.102, 0.096, 0.135, 0.135, 0.118, 0.164, 0.139, 0.161, 0.156, 0.188, 0.198, 0.212, 0.21, 0.227, 0.224, 0.264, 0.315, 0.419, 0.39, 0.406, 0.447, 0.44, 0.44, 0.44, 0.459, 0.475, 0.462, 0.487, 0.52, 0.509, 0.519, 0.52, 0.532, 0.567, 0.567, 0.55, 0.554, 0.585, 0.571, 0.586, 0.588, 0.581, 0.573, 0.595, 0.592, 0.6, 0.597, 0.594, 0.625, 0.566, 0.58, 0.607, 0.609, 0.624, 0.605, 0.624, 0.626, 0.621, 0.615, 0.628, 0.612, 0.637, 0.637, 0.634, 0.592, 0.644, 0.64, 0.622, 0.634, 0.627, 0.641, 0.638, 0.595, 0.619, 0.65, 0.643, 0.638, 0.638, 0.645, 0.636, 0.642, 0.628, 0.642, 0.655, 0.616, 0.645, 0.658, 0.663, 0.642, 0.656, 0.634, 0.645, 0.654, 0.653, 0.638, 0.638, 0.646, 0.656, 0.663, 0.647, 0.649, 0.653, 0.652, 0.656, 0.655, 0.65, 0.646, 0.638, 0.655, 0.656, 0.651, 0.649, 0.646, 0.651, 0.659, 0.639, 0.657, 0.662, 0.665, 0.662, 0.652, 0.658, 0.636, 0.644, 0.661, 0.654, 0.659, 0.653, 0.664, 0.653, 0.601, 0.638, 0.667, 0.661, 0.665, 0.663, 0.661, 0.661, 0.665, 0.667, 0.665, 0.666, 0.669, 0.664, 0.668, 0.666, 0.662, 0.669, 0.668, 0.668, 0.666, 0.662, 0.672]
Train Loss: [224.889, 176.863, 149.584, 133.487, 118.707, 103.918, 90.821, 77.714, 64.38, 53.96, 45.277, 36.966, 30.021, 24.467, 20.513, 18.156, 17.026, 16.382, 15.903, 15.76, 15.325, 14.885, 14.481, 14.318, 14.052, 13.704, 13.352, 13.108, 12.768, 12.442, 12.118, 12.008, 11.655, 11.351, 10.7, 10.355, 10.06, 10.243, 9.625, 9.274, 8.434, 7.975, 7.759, 6.813, 6.406, 6.006, 5.658, 5.647, 5.199, 4.997, 4.09, 3.593, 3.294, 2.789, 2.802, 2.308, 2.141, 1.863, 1.752, 1.659, 1.841, 1.184, 1.113, 1.128, 1.666, 0.931, 0.756, 0.742, 0.687, 0.582, 0.554, 0.55, 0.63, 0.531, 0.514, 0.469, 0.438, 0.403, 0.395, 0.39, 0.365, 0.368, 0.372, 0.332, 0.35, 0.321, 0.334, 0.566, 0.341, 0.376, 0.284, 0.31, 0.267, 0.258, 0.26, 0.283, 0.253, 0.228, 0.266, 0.324, 0.24, 0.22, 0.338, 0.335, 0.244, 0.197, 0.192, 0.184, 0.208, 0.173, 0.178, 0.216, 0.205, 0.206, 0.178, 0.204, 0.191, 0.183, 0.152, 0.146, 0.346, 0.606, 0.216, 0.13, 0.21, 0.135, 0.132, 0.141, 0.143, 0.135, 0.139, 0.127, 0.132, 0.127, 0.129, 0.111, 0.118, 0.113, 0.109, 0.103, 0.12, 0.126, 0.124, 0.131, 0.2, 0.135, 0.128, 0.181, 0.139, 0.137, 0.143, 0.123, 0.128, 0.126, 0.114, 0.108, 0.112, 0.11, 0.107, 0.121, 0.098, 0.092, 0.096, 0.088, 0.106, 0.096, 0.101, 0.1, 0.094, 0.086, 0.071, 0.066, 0.059, 0.055, 0.049, 0.046, 0.044, 0.044, 0.042, 0.041, 0.04, 0.037, 0.036, 0.036, 0.034, 0.035, 0.034, 0.034, 0.035, 0.034]
Test Loss: [223.492, 175.856, 149.458, 132.663, 117.69, 103.035, 89.961, 76.893, 63.568, 53.227, 44.812, 36.928, 30.239, 25.021, 21.022, 18.904, 17.917, 17.519, 17.118, 16.88, 16.541, 15.949, 15.679, 15.497, 15.393, 15.076, 14.827, 14.595, 14.569, 14.505, 14.082, 14.514, 14.944, 15.12, 14.54, 14.255, 14.732, 14.224, 13.883, 13.345, 13.58, 12.68, 12.94, 10.26, 11.344, 9.551, 9.533, 9.772, 10.713, 8.504, 8.162, 7.415, 6.633, 6.554, 5.544, 5.235, 6.533, 4.733, 4.28, 4.7, 6.244, 3.583, 4.595, 3.773, 8.5, 4.563, 3.08, 3.107, 2.344, 2.775, 4.286, 2.374, 3.004, 2.671, 4.384, 2.984, 2.319, 3.01, 2.904, 3.645, 3.465, 2.93, 3.5, 3.814, 4.408, 3.369, 3.534, 3.641, 4.237, 3.723, 2.319, 1.758, 2.482, 2.273, 3.965, 2.864, 2.646, 3.087, 2.259, 3.508, 2.316, 3.239, 1.63, 3.813, 2.92, 2.159, 1.927, 3.988, 1.818, 2.694, 3.601, 1.581, 4.253, 1.824, 1.808, 2.624, 2.33, 1.74, 1.038, 1.115, 1.682, 3.491, 4.387, 1.719, 2.526, 2.489, 2.531, 2.271, 1.409, 2.072, 4.538, 1.591, 1.884, 1.486, 2.187, 2.215, 2.166, 3.014, 2.52, 1.735, 1.794, 3.252, 3.176, 2.135, 5.456, 1.768, 0.994, 1.468, 2.452, 2.165, 1.783, 2.155, 1.654, 1.712, 2.151, 2.202, 2.362, 3.396, 3.493, 2.198, 2.112, 2.055, 2.232, 2.834, 1.948, 1.369, 2.252, 3.903, 1.42, 1.278, 1.274, 1.414, 1.688, 1.749, 1.592, 1.716, 1.791, 1.702, 1.741, 1.481, 1.256, 1.364, 1.403, 1.341, 1.438, 1.385, 1.232, 1.667, 1.469, 1.565]
Max test score: 0.72 found at epoch: 170
Max test score shapes: 0.633 found at epoch: 170
