Active: ImageLevelloss True True False 2 
Active: Relationsloss True 2 True 0.1 True 
Active: OneHotloss True 10 
Active: MinSizeBackgroundloss True 1 

Test Scores: [0.171, 0.24, 0.273, 0.255, 0.298, 0.298, 0.295, 0.266, 0.26, 0.259, 0.246, 0.245, 0.245, 0.25, 0.245, 0.241, 0.242, 0.239, 0.239, 0.247, 0.242, 0.241, 0.248, 0.244, 0.244, 0.251, 0.255, 0.251, 0.241, 0.235, 0.264, 0.25, 0.247, 0.247, 0.259, 0.242, 0.246, 0.269, 0.244, 0.243, 0.255, 0.256, 0.24, 0.25, 0.25, 0.262, 0.244, 0.251, 0.272, 0.248, 0.253, 0.262, 0.24, 0.261, 0.271, 0.253, 0.26, 0.27, 0.309, 0.312, 0.326, 0.335, 0.372, 0.328, 0.332, 0.36, 0.356, 0.37, 0.332, 0.385, 0.37, 0.389, 0.393, 0.424, 0.414, 0.437, 0.393, 0.455, 0.455, 0.479, 0.472, 0.463, 0.504, 0.516, 0.559, 0.515, 0.55, 0.522, 0.557, 0.563, 0.549, 0.553, 0.57, 0.617, 0.581, 0.587, 0.574, 0.64, 0.616, 0.62, 0.618, 0.659, 0.664, 0.666, 0.597, 0.642, 0.685, 0.719, 0.696, 0.667, 0.668, 0.661, 0.717, 0.695, 0.718, 0.717, 0.684, 0.705, 0.704, 0.699, 0.74, 0.651, 0.672, 0.716, 0.726, 0.668, 0.704, 0.645, 0.724, 0.701, 0.759, 0.723, 0.744, 0.711, 0.725, 0.718, 0.763, 0.75, 0.746, 0.762, 0.758, 0.728, 0.742, 0.759, 0.788, 0.743, 0.746, 0.738, 0.77, 0.733, 0.746, 0.754, 0.779, 0.737, 0.763, 0.726, 0.718, 0.73, 0.748, 0.728, 0.713, 0.721, 0.767, 0.712, 0.747, 0.744, 0.77, 0.78, 0.76, 0.771, 0.784, 0.775, 0.777, 0.747, 0.741, 0.764, 0.773, 0.775, 0.756, 0.765, 0.745, 0.781, 0.748, 0.765, 0.765, 0.777, 0.77, 0.749, 0.764, 0.747]
Test Scores w/o background: [0.042, 0.064, 0.081, 0.062, 0.117, 0.083, 0.077, 0.042, 0.035, 0.033, 0.017, 0.016, 0.017, 0.022, 0.017, 0.012, 0.012, 0.009, 0.009, 0.019, 0.014, 0.011, 0.021, 0.015, 0.018, 0.023, 0.031, 0.025, 0.014, 0.009, 0.042, 0.025, 0.024, 0.023, 0.04, 0.018, 0.025, 0.05, 0.02, 0.023, 0.036, 0.035, 0.017, 0.029, 0.033, 0.048, 0.023, 0.033, 0.057, 0.027, 0.035, 0.045, 0.019, 0.047, 0.056, 0.036, 0.047, 0.054, 0.107, 0.108, 0.13, 0.143, 0.19, 0.133, 0.142, 0.179, 0.17, 0.188, 0.138, 0.208, 0.19, 0.21, 0.212, 0.257, 0.243, 0.271, 0.213, 0.295, 0.294, 0.327, 0.318, 0.304, 0.355, 0.372, 0.43, 0.371, 0.417, 0.378, 0.424, 0.43, 0.411, 0.418, 0.441, 0.503, 0.454, 0.46, 0.443, 0.531, 0.498, 0.503, 0.501, 0.555, 0.56, 0.563, 0.472, 0.53, 0.587, 0.632, 0.601, 0.562, 0.565, 0.554, 0.63, 0.6, 0.63, 0.628, 0.585, 0.613, 0.61, 0.604, 0.659, 0.54, 0.568, 0.626, 0.639, 0.563, 0.61, 0.531, 0.636, 0.607, 0.683, 0.635, 0.663, 0.618, 0.637, 0.629, 0.689, 0.671, 0.666, 0.686, 0.681, 0.642, 0.659, 0.683, 0.722, 0.662, 0.665, 0.655, 0.697, 0.648, 0.666, 0.676, 0.709, 0.653, 0.688, 0.638, 0.628, 0.644, 0.668, 0.641, 0.621, 0.631, 0.694, 0.62, 0.666, 0.662, 0.697, 0.711, 0.683, 0.698, 0.716, 0.703, 0.706, 0.666, 0.659, 0.689, 0.701, 0.704, 0.679, 0.69, 0.663, 0.712, 0.668, 0.691, 0.69, 0.706, 0.697, 0.669, 0.689, 0.667]
Train Scores: [0.169, 0.248, 0.281, 0.267, 0.28, 0.299, 0.29, 0.261, 0.254, 0.254, 0.246, 0.245, 0.244, 0.247, 0.243, 0.242, 0.243, 0.241, 0.241, 0.244, 0.24, 0.242, 0.246, 0.242, 0.243, 0.249, 0.25, 0.25, 0.238, 0.233, 0.252, 0.25, 0.247, 0.246, 0.254, 0.246, 0.247, 0.259, 0.246, 0.245, 0.253, 0.255, 0.245, 0.249, 0.253, 0.255, 0.251, 0.255, 0.267, 0.254, 0.261, 0.267, 0.248, 0.265, 0.282, 0.266, 0.273, 0.286, 0.319, 0.328, 0.344, 0.353, 0.398, 0.347, 0.341, 0.383, 0.383, 0.373, 0.363, 0.405, 0.403, 0.407, 0.423, 0.45, 0.453, 0.468, 0.417, 0.509, 0.5, 0.509, 0.519, 0.522, 0.541, 0.554, 0.566, 0.581, 0.596, 0.567, 0.604, 0.603, 0.599, 0.604, 0.623, 0.65, 0.625, 0.67, 0.614, 0.674, 0.607, 0.674, 0.688, 0.69, 0.701, 0.713, 0.648, 0.68, 0.707, 0.733, 0.74, 0.705, 0.729, 0.743, 0.763, 0.744, 0.763, 0.775, 0.766, 0.764, 0.771, 0.763, 0.776, 0.757, 0.75, 0.78, 0.769, 0.755, 0.798, 0.706, 0.782, 0.764, 0.81, 0.774, 0.767, 0.785, 0.799, 0.79, 0.8, 0.816, 0.817, 0.809, 0.806, 0.802, 0.814, 0.8, 0.821, 0.784, 0.811, 0.807, 0.818, 0.77, 0.815, 0.822, 0.81, 0.819, 0.829, 0.77, 0.791, 0.82, 0.803, 0.813, 0.814, 0.823, 0.832, 0.814, 0.824, 0.822, 0.828, 0.799, 0.809, 0.827, 0.836, 0.829, 0.833, 0.812, 0.819, 0.832, 0.827, 0.833, 0.823, 0.831, 0.816, 0.837, 0.82, 0.834, 0.832, 0.829, 0.833, 0.816, 0.828, 0.813]
Train Scores w/o background: [0.037, 0.072, 0.091, 0.076, 0.092, 0.083, 0.071, 0.034, 0.025, 0.025, 0.016, 0.015, 0.013, 0.017, 0.012, 0.011, 0.012, 0.01, 0.01, 0.013, 0.01, 0.011, 0.017, 0.012, 0.015, 0.02, 0.024, 0.023, 0.011, 0.007, 0.027, 0.024, 0.023, 0.021, 0.032, 0.021, 0.025, 0.036, 0.021, 0.023, 0.031, 0.032, 0.021, 0.027, 0.033, 0.037, 0.03, 0.036, 0.048, 0.035, 0.044, 0.051, 0.027, 0.052, 0.069, 0.051, 0.063, 0.074, 0.119, 0.13, 0.154, 0.167, 0.223, 0.158, 0.153, 0.208, 0.206, 0.192, 0.178, 0.234, 0.232, 0.234, 0.253, 0.291, 0.294, 0.312, 0.245, 0.367, 0.354, 0.366, 0.379, 0.383, 0.405, 0.423, 0.439, 0.457, 0.478, 0.438, 0.486, 0.484, 0.478, 0.486, 0.511, 0.546, 0.511, 0.57, 0.496, 0.576, 0.486, 0.575, 0.593, 0.596, 0.609, 0.625, 0.539, 0.581, 0.617, 0.651, 0.66, 0.612, 0.647, 0.664, 0.69, 0.665, 0.69, 0.705, 0.694, 0.691, 0.699, 0.69, 0.707, 0.681, 0.672, 0.712, 0.697, 0.678, 0.735, 0.613, 0.714, 0.69, 0.751, 0.703, 0.694, 0.718, 0.736, 0.724, 0.738, 0.758, 0.76, 0.75, 0.745, 0.74, 0.755, 0.737, 0.765, 0.716, 0.752, 0.746, 0.761, 0.697, 0.757, 0.766, 0.75, 0.762, 0.776, 0.697, 0.726, 0.763, 0.741, 0.754, 0.755, 0.767, 0.779, 0.756, 0.768, 0.766, 0.775, 0.736, 0.749, 0.772, 0.785, 0.775, 0.781, 0.753, 0.762, 0.779, 0.773, 0.781, 0.768, 0.778, 0.758, 0.787, 0.764, 0.782, 0.779, 0.776, 0.781, 0.759, 0.774, 0.754]
Train Loss: [263.603, 210.966, 175.144, 154.931, 137.763, 121.9, 106.959, 92.337, 77.358, 65.223, 55.156, 45.71, 37.188, 30.361, 25.313, 21.921, 19.984, 18.847, 18.015, 17.492, 16.988, 16.57, 16.261, 15.929, 15.758, 15.627, 15.431, 15.489, 15.358, 15.321, 15.134, 14.693, 14.659, 14.734, 14.078, 13.963, 13.557, 13.389, 12.916, 12.632, 12.826, 11.922, 11.523, 10.947, 10.548, 10.445, 9.923, 9.266, 9.075, 8.422, 7.761, 7.245, 6.748, 6.648, 5.785, 5.424, 4.855, 5.928, 4.568, 4.046, 4.045, 3.672, 3.504, 3.492, 2.76, 2.727, 2.442, 3.091, 2.29, 2.546, 2.6, 2.102, 2.18, 1.895, 1.739, 1.692, 1.615, 1.806, 1.106, 1.085, 1.109, 1.219, 1.272, 1.029, 1.117, 1.137, 0.947, 0.671, 0.678, 0.741, 0.653, 0.544, 0.505, 0.584, 0.776, 0.442, 0.469, 0.439, 0.417, 0.615, 0.563, 0.413, 0.351, 0.31, 0.364, 0.396, 0.864, 0.882, 0.534, 0.337, 0.299, 0.304, 0.279, 0.238, 0.27, 0.264, 0.215, 0.205, 0.205, 0.231, 0.437, 0.489, 0.233, 0.207, 0.278, 0.279, 0.466, 0.248, 0.251, 0.255, 0.192, 0.179, 0.192, 0.194, 0.164, 0.176, 0.173, 0.176, 0.224, 0.169, 0.189, 0.196, 0.164, 0.177, 0.177, 0.156, 0.255, 0.176, 0.124, 0.146, 0.138, 0.129, 0.122, 0.126, 0.131, 0.134, 0.141, 0.142, 0.124, 0.117, 0.113, 0.125, 0.12, 0.129, 0.109, 0.128, 0.099, 0.111, 0.111, 0.091, 0.074, 0.067, 0.062, 0.056, 0.05, 0.047, 0.043, 0.041, 0.041, 0.039, 0.037, 0.037, 0.036, 0.036, 0.037, 0.036, 0.035, 0.035, 0.034, 0.033]
Test Loss: [260.73, 207.824, 172.544, 152.495, 135.972, 120.754, 105.497, 90.995, 75.887, 64.506, 54.498, 45.206, 36.965, 30.522, 26.051, 22.463, 20.781, 19.802, 19.038, 18.491, 18.021, 17.459, 17.116, 16.891, 16.634, 16.671, 16.78, 16.667, 16.542, 16.534, 16.182, 16.075, 16.213, 16.045, 16.713, 16.018, 15.489, 15.924, 16.416, 16.543, 15.687, 15.225, 16.931, 16.428, 14.945, 15.502, 16.279, 14.782, 14.312, 14.375, 14.666, 13.467, 15.029, 12.937, 12.709, 14.008, 13.138, 13.486, 14.125, 12.939, 13.662, 12.379, 13.08, 10.745, 12.187, 10.5, 9.754, 13.448, 11.345, 11.597, 10.252, 9.243, 11.559, 11.458, 9.851, 10.852, 11.094, 10.359, 8.785, 5.526, 4.687, 9.696, 10.141, 10.341, 7.778, 5.043, 5.515, 5.803, 6.834, 5.008, 7.53, 5.31, 3.662, 4.543, 4.305, 5.266, 6.017, 4.31, 5.364, 6.806, 6.422, 8.075, 4.088, 2.881, 3.406, 3.645, 5.247, 8.356, 2.393, 3.752, 4.245, 4.456, 5.94, 2.661, 1.859, 2.165, 4.93, 4.489, 3.234, 3.076, 3.29, 5.269, 4.105, 4.531, 4.169, 1.799, 3.746, 2.989, 2.9, 2.771, 4.231, 1.692, 2.648, 3.81, 3.519, 2.859, 2.203, 2.204, 6.023, 1.775, 1.757, 2.252, 4.574, 2.682, 2.532, 1.94, 1.427, 1.753, 3.534, 2.256, 2.613, 2.396, 2.423, 2.372, 2.725, 2.991, 1.324, 2.925, 2.461, 2.675, 4.153, 6.629, 1.937, 2.755, 8.725, 1.825, 1.933, 1.298, 2.773, 1.55, 1.735, 1.754, 1.88, 1.962, 2.051, 1.955, 1.969, 2.011, 1.789, 2.025, 2.008, 1.977, 2.052, 1.81, 1.974, 1.934, 2.211, 2.204, 1.935, 1.906]
Max test score: 0.788 found at epoch: 145
Max test score shapes: 0.722 found at epoch: 145
