Active: ImageLevelloss True True False 2 
Active: Relationsloss True 2 True 0.1 False 
Active: OneHotloss True 10 
Active: MinSizeBackgroundloss True 1 

Test Scores: [0.154, 0.25, 0.29, 0.295, 0.306, 0.262, 0.255, 0.253, 0.25, 0.25, 0.248, 0.25, 0.235, 0.244, 0.242, 0.237, 0.239, 0.237, 0.241, 0.239, 0.245, 0.242, 0.242, 0.248, 0.258, 0.261, 0.26, 0.267, 0.257, 0.261, 0.253, 0.263, 0.266, 0.257, 0.277, 0.266, 0.27, 0.287, 0.277, 0.29, 0.291, 0.31, 0.292, 0.318, 0.309, 0.307, 0.329, 0.338, 0.374, 0.345, 0.377, 0.436, 0.461, 0.463, 0.464, 0.463, 0.471, 0.539, 0.531, 0.566, 0.546, 0.575, 0.553, 0.606, 0.596, 0.612, 0.648, 0.626, 0.67, 0.659, 0.655, 0.601, 0.63, 0.606, 0.644, 0.668, 0.665, 0.662, 0.696, 0.665, 0.681, 0.723, 0.664, 0.707, 0.682, 0.669, 0.686, 0.68, 0.69, 0.721, 0.691, 0.708, 0.709, 0.738, 0.699, 0.681, 0.72, 0.704, 0.725, 0.717, 0.721, 0.664, 0.748, 0.763, 0.746, 0.701, 0.724, 0.728, 0.737, 0.721, 0.737, 0.713, 0.734, 0.732, 0.714, 0.738, 0.736, 0.696, 0.746, 0.726, 0.716, 0.74, 0.735, 0.727, 0.739, 0.736, 0.743, 0.738, 0.725, 0.743, 0.751, 0.746, 0.752, 0.704, 0.734, 0.726, 0.75, 0.739, 0.729, 0.742, 0.697, 0.724, 0.746, 0.725, 0.741, 0.766, 0.762, 0.712, 0.735, 0.737, 0.748, 0.75, 0.739, 0.745, 0.743, 0.74, 0.759, 0.731, 0.765, 0.732, 0.709, 0.753, 0.734, 0.75, 0.733, 0.745, 0.748, 0.743, 0.75, 0.753, 0.749, 0.756, 0.768, 0.754, 0.757, 0.768, 0.765, 0.765, 0.765, 0.768, 0.766, 0.768, 0.762, 0.768, 0.759, 0.76, 0.765, 0.762, 0.763, 0.765]
Test Scores w/o background: [0.031, 0.057, 0.079, 0.082, 0.103, 0.039, 0.03, 0.027, 0.023, 0.023, 0.02, 0.022, 0.004, 0.015, 0.013, 0.006, 0.009, 0.007, 0.012, 0.009, 0.017, 0.014, 0.013, 0.021, 0.033, 0.037, 0.036, 0.046, 0.034, 0.038, 0.029, 0.04, 0.045, 0.032, 0.059, 0.044, 0.049, 0.07, 0.058, 0.071, 0.075, 0.097, 0.074, 0.107, 0.097, 0.097, 0.12, 0.133, 0.179, 0.138, 0.182, 0.258, 0.292, 0.293, 0.294, 0.292, 0.304, 0.394, 0.383, 0.429, 0.402, 0.44, 0.41, 0.481, 0.466, 0.489, 0.537, 0.507, 0.565, 0.55, 0.546, 0.472, 0.511, 0.479, 0.53, 0.562, 0.557, 0.554, 0.6, 0.558, 0.579, 0.635, 0.557, 0.614, 0.58, 0.564, 0.586, 0.578, 0.591, 0.632, 0.593, 0.614, 0.616, 0.654, 0.603, 0.58, 0.631, 0.61, 0.638, 0.627, 0.633, 0.556, 0.668, 0.688, 0.665, 0.606, 0.636, 0.642, 0.654, 0.632, 0.654, 0.622, 0.65, 0.647, 0.622, 0.655, 0.652, 0.599, 0.666, 0.638, 0.626, 0.658, 0.65, 0.641, 0.656, 0.652, 0.662, 0.655, 0.637, 0.662, 0.673, 0.666, 0.674, 0.609, 0.649, 0.639, 0.671, 0.657, 0.643, 0.66, 0.6, 0.637, 0.665, 0.638, 0.659, 0.692, 0.687, 0.621, 0.651, 0.653, 0.668, 0.671, 0.656, 0.664, 0.662, 0.657, 0.683, 0.646, 0.691, 0.647, 0.617, 0.674, 0.65, 0.671, 0.648, 0.664, 0.669, 0.661, 0.671, 0.675, 0.669, 0.678, 0.695, 0.677, 0.68, 0.695, 0.691, 0.69, 0.691, 0.696, 0.692, 0.695, 0.686, 0.695, 0.683, 0.685, 0.691, 0.687, 0.688, 0.692]
Train Scores: [0.161, 0.259, 0.295, 0.302, 0.292, 0.269, 0.261, 0.256, 0.252, 0.254, 0.25, 0.251, 0.238, 0.245, 0.243, 0.239, 0.24, 0.239, 0.242, 0.24, 0.244, 0.241, 0.241, 0.247, 0.254, 0.257, 0.257, 0.257, 0.251, 0.255, 0.251, 0.254, 0.255, 0.255, 0.268, 0.267, 0.274, 0.284, 0.278, 0.3, 0.317, 0.329, 0.323, 0.342, 0.329, 0.331, 0.368, 0.366, 0.393, 0.384, 0.431, 0.517, 0.512, 0.559, 0.549, 0.567, 0.57, 0.605, 0.62, 0.652, 0.65, 0.652, 0.657, 0.698, 0.672, 0.708, 0.712, 0.673, 0.739, 0.727, 0.737, 0.67, 0.728, 0.728, 0.721, 0.745, 0.755, 0.769, 0.764, 0.743, 0.743, 0.787, 0.736, 0.774, 0.729, 0.754, 0.75, 0.761, 0.771, 0.79, 0.752, 0.768, 0.773, 0.798, 0.771, 0.771, 0.759, 0.773, 0.738, 0.768, 0.781, 0.763, 0.795, 0.795, 0.777, 0.77, 0.786, 0.788, 0.791, 0.785, 0.793, 0.787, 0.793, 0.793, 0.78, 0.792, 0.801, 0.766, 0.791, 0.789, 0.769, 0.782, 0.802, 0.789, 0.801, 0.784, 0.787, 0.768, 0.795, 0.792, 0.797, 0.791, 0.805, 0.773, 0.798, 0.786, 0.798, 0.79, 0.79, 0.787, 0.782, 0.788, 0.797, 0.773, 0.789, 0.801, 0.797, 0.794, 0.794, 0.788, 0.791, 0.793, 0.789, 0.791, 0.796, 0.793, 0.805, 0.775, 0.8, 0.786, 0.801, 0.812, 0.794, 0.803, 0.79, 0.787, 0.794, 0.774, 0.787, 0.8, 0.792, 0.803, 0.807, 0.799, 0.802, 0.81, 0.809, 0.806, 0.809, 0.811, 0.808, 0.809, 0.804, 0.809, 0.812, 0.807, 0.809, 0.804, 0.804, 0.813]
Train Scores w/o background: [0.034, 0.067, 0.086, 0.091, 0.084, 0.047, 0.037, 0.029, 0.024, 0.028, 0.022, 0.023, 0.006, 0.014, 0.012, 0.007, 0.009, 0.007, 0.011, 0.01, 0.014, 0.012, 0.011, 0.018, 0.027, 0.031, 0.031, 0.032, 0.026, 0.029, 0.026, 0.028, 0.03, 0.028, 0.047, 0.045, 0.054, 0.066, 0.057, 0.086, 0.108, 0.122, 0.115, 0.139, 0.123, 0.129, 0.173, 0.171, 0.205, 0.192, 0.254, 0.367, 0.36, 0.422, 0.409, 0.432, 0.436, 0.482, 0.502, 0.544, 0.541, 0.543, 0.549, 0.604, 0.568, 0.617, 0.622, 0.569, 0.658, 0.641, 0.654, 0.564, 0.642, 0.642, 0.632, 0.665, 0.678, 0.697, 0.69, 0.661, 0.661, 0.72, 0.653, 0.703, 0.643, 0.677, 0.671, 0.686, 0.699, 0.724, 0.674, 0.695, 0.702, 0.735, 0.699, 0.699, 0.683, 0.702, 0.655, 0.695, 0.712, 0.688, 0.73, 0.73, 0.706, 0.698, 0.72, 0.721, 0.725, 0.718, 0.728, 0.72, 0.728, 0.728, 0.711, 0.727, 0.739, 0.693, 0.725, 0.723, 0.696, 0.713, 0.74, 0.723, 0.739, 0.717, 0.72, 0.694, 0.73, 0.727, 0.734, 0.726, 0.744, 0.702, 0.735, 0.719, 0.735, 0.724, 0.724, 0.721, 0.713, 0.721, 0.734, 0.701, 0.722, 0.739, 0.733, 0.729, 0.729, 0.722, 0.725, 0.728, 0.723, 0.725, 0.732, 0.729, 0.744, 0.704, 0.738, 0.719, 0.739, 0.753, 0.729, 0.742, 0.724, 0.72, 0.73, 0.703, 0.72, 0.738, 0.726, 0.742, 0.747, 0.737, 0.74, 0.751, 0.75, 0.746, 0.749, 0.752, 0.748, 0.749, 0.743, 0.749, 0.754, 0.746, 0.75, 0.742, 0.743, 0.754]
Train Loss: [260.007, 207.166, 175.788, 155.876, 138.984, 122.945, 107.591, 92.549, 78.003, 66.034, 56.092, 46.975, 38.963, 32.097, 26.596, 22.864, 20.537, 19.174, 18.391, 17.783, 17.339, 16.826, 16.375, 16.069, 15.885, 15.667, 15.589, 15.692, 15.243, 15.046, 15.016, 14.852, 14.586, 14.579, 14.41, 14.069, 13.764, 13.108, 12.664, 12.791, 12.159, 11.666, 11.038, 10.714, 9.974, 9.156, 8.887, 8.382, 7.917, 7.501, 6.558, 6.249, 5.625, 4.862, 4.354, 3.5, 2.916, 2.57, 2.152, 2.358, 1.793, 1.454, 1.401, 1.219, 0.974, 0.923, 0.936, 1.062, 0.929, 1.313, 0.942, 0.883, 0.775, 0.637, 0.523, 0.438, 0.443, 0.4, 0.488, 0.442, 0.379, 0.362, 0.32, 0.362, 0.33, 0.285, 0.312, 0.257, 0.25, 0.226, 0.224, 0.293, 0.331, 0.237, 0.256, 0.271, 0.293, 0.562, 0.21, 0.177, 0.197, 0.216, 0.221, 0.204, 0.2, 0.194, 0.174, 0.161, 0.175, 0.165, 0.188, 0.16, 0.25, 0.15, 0.211, 0.268, 0.222, 0.167, 0.194, 0.191, 0.21, 0.147, 0.148, 0.138, 0.15, 0.158, 0.175, 0.128, 0.128, 0.126, 0.126, 0.116, 0.124, 0.145, 0.159, 0.133, 0.123, 0.129, 0.138, 0.129, 0.131, 0.14, 0.114, 0.11, 0.126, 0.119, 0.108, 0.107, 0.104, 0.114, 0.109, 0.123, 0.116, 0.169, 0.123, 0.138, 0.098, 0.101, 0.087, 0.091, 0.097, 0.089, 0.12, 0.091, 0.084, 0.093, 0.089, 0.088, 0.091, 0.084, 0.069, 0.063, 0.055, 0.05, 0.045, 0.042, 0.039, 0.037, 0.036, 0.034, 0.034, 0.032, 0.032, 0.031, 0.03, 0.03, 0.03, 0.03, 0.03, 0.029]
Test Loss: [257.359, 203.508, 172.679, 154.751, 136.825, 121.027, 105.867, 91.033, 76.5, 64.738, 55.0, 46.262, 38.654, 32.045, 26.899, 23.139, 21.198, 19.924, 19.106, 18.501, 18.116, 17.456, 17.097, 16.74, 16.744, 16.537, 16.133, 16.343, 16.156, 15.923, 16.119, 15.69, 15.539, 15.776, 15.558, 15.794, 16.458, 15.035, 15.725, 15.038, 15.369, 14.312, 15.641, 15.367, 12.997, 12.881, 12.36, 13.349, 12.163, 11.843, 12.626, 11.377, 10.156, 10.574, 8.938, 8.436, 8.832, 7.163, 6.727, 7.299, 6.277, 4.4, 5.568, 4.402, 4.029, 7.132, 4.672, 4.283, 3.575, 5.136, 5.569, 3.695, 4.356, 4.718, 3.028, 4.35, 3.179, 3.014, 3.209, 5.508, 2.705, 2.651, 2.415, 2.788, 2.795, 4.525, 3.101, 5.338, 2.628, 1.89, 2.646, 3.716, 3.405, 3.521, 3.164, 5.726, 5.164, 5.447, 4.072, 2.125, 2.948, 3.656, 4.299, 2.337, 2.213, 2.367, 2.199, 4.295, 3.509, 2.628, 4.267, 2.001, 4.341, 2.762, 2.333, 2.441, 5.179, 3.124, 2.928, 1.532, 5.051, 4.345, 3.768, 3.904, 2.629, 2.897, 3.322, 3.385, 3.749, 3.6, 2.072, 2.445, 4.525, 4.256, 6.269, 2.529, 1.684, 3.972, 4.754, 1.803, 4.554, 5.05, 2.36, 3.918, 3.663, 2.622, 2.699, 5.273, 3.127, 4.271, 4.041, 2.746, 3.24, 2.5, 3.26, 2.596, 4.675, 2.009, 1.812, 3.23, 1.883, 2.13, 3.04, 3.177, 3.207, 4.441, 4.515, 3.029, 2.705, 3.649, 2.805, 1.988, 1.367, 1.518, 1.999, 1.677, 1.757, 1.558, 1.646, 1.608, 1.54, 1.419, 1.641, 1.558, 1.413, 1.497, 1.557, 1.491, 1.547, 1.548]
Max test score: 0.768 found at epoch: 180
Max test score shapes: 0.696 found at epoch: 180
