Active: ImageLevelloss True True False 2 
Active: Relationsloss True 2 True 0.1 False 
Active: MinSizeBackgroundloss True 1 

Test Scores: [0.155, 0.251, 0.293, 0.301, 0.306, 0.264, 0.258, 0.251, 0.245, 0.248, 0.243, 0.243, 0.238, 0.241, 0.24, 0.238, 0.237, 0.235, 0.239, 0.237, 0.242, 0.236, 0.236, 0.236, 0.238, 0.235, 0.237, 0.236, 0.241, 0.234, 0.242, 0.231, 0.255, 0.255, 0.261, 0.245, 0.263, 0.246, 0.254, 0.257, 0.265, 0.291, 0.307, 0.318, 0.332, 0.328, 0.34, 0.334, 0.379, 0.387, 0.389, 0.415, 0.437, 0.44, 0.477, 0.488, 0.494, 0.499, 0.507, 0.53, 0.516, 0.545, 0.506, 0.57, 0.544, 0.583, 0.592, 0.592, 0.565, 0.581, 0.623, 0.6, 0.652, 0.624, 0.601, 0.623, 0.661, 0.633, 0.669, 0.657, 0.685, 0.689, 0.65, 0.714, 0.695, 0.696, 0.695, 0.642, 0.664, 0.697, 0.712, 0.692, 0.68, 0.656, 0.639, 0.682, 0.73, 0.718, 0.701, 0.667, 0.738, 0.718, 0.724, 0.703, 0.708, 0.696, 0.743, 0.722, 0.678, 0.728, 0.73, 0.695, 0.705, 0.688, 0.72, 0.731, 0.736, 0.688, 0.715, 0.737, 0.702, 0.723, 0.699, 0.729, 0.741, 0.714, 0.729, 0.616, 0.709, 0.671, 0.721, 0.69, 0.757, 0.703, 0.707, 0.732, 0.727, 0.724, 0.74, 0.715, 0.684, 0.721, 0.697, 0.761, 0.732, 0.747, 0.743, 0.749, 0.721, 0.709, 0.709, 0.756, 0.731, 0.745, 0.695, 0.716, 0.698, 0.742, 0.744, 0.736, 0.707, 0.739, 0.703, 0.703, 0.739, 0.718, 0.733, 0.725, 0.691, 0.733, 0.744, 0.755, 0.749, 0.739, 0.734, 0.743, 0.748, 0.744, 0.74, 0.728, 0.732, 0.758, 0.725, 0.735, 0.744, 0.757, 0.737, 0.733, 0.737, 0.762]
Test Scores w/o background: [0.031, 0.058, 0.083, 0.089, 0.1, 0.041, 0.033, 0.024, 0.016, 0.02, 0.014, 0.014, 0.007, 0.011, 0.01, 0.007, 0.006, 0.004, 0.009, 0.006, 0.012, 0.006, 0.006, 0.005, 0.008, 0.004, 0.007, 0.008, 0.012, 0.003, 0.013, 0.0, 0.029, 0.028, 0.038, 0.016, 0.036, 0.018, 0.025, 0.033, 0.04, 0.074, 0.093, 0.109, 0.128, 0.124, 0.136, 0.129, 0.193, 0.199, 0.205, 0.241, 0.269, 0.275, 0.319, 0.333, 0.341, 0.349, 0.357, 0.386, 0.367, 0.406, 0.354, 0.435, 0.402, 0.454, 0.468, 0.467, 0.428, 0.449, 0.505, 0.474, 0.543, 0.505, 0.474, 0.503, 0.554, 0.517, 0.566, 0.548, 0.586, 0.591, 0.538, 0.623, 0.598, 0.599, 0.597, 0.526, 0.556, 0.6, 0.62, 0.594, 0.577, 0.545, 0.522, 0.58, 0.644, 0.628, 0.605, 0.559, 0.655, 0.627, 0.636, 0.608, 0.615, 0.598, 0.661, 0.633, 0.575, 0.641, 0.643, 0.597, 0.61, 0.588, 0.63, 0.645, 0.651, 0.587, 0.624, 0.653, 0.606, 0.635, 0.601, 0.642, 0.658, 0.622, 0.643, 0.492, 0.616, 0.564, 0.631, 0.591, 0.679, 0.608, 0.612, 0.646, 0.639, 0.635, 0.657, 0.623, 0.582, 0.632, 0.6, 0.685, 0.646, 0.666, 0.66, 0.669, 0.632, 0.616, 0.616, 0.678, 0.645, 0.663, 0.597, 0.625, 0.601, 0.66, 0.662, 0.652, 0.613, 0.656, 0.607, 0.607, 0.656, 0.627, 0.648, 0.637, 0.592, 0.647, 0.663, 0.677, 0.668, 0.655, 0.648, 0.66, 0.668, 0.662, 0.657, 0.641, 0.646, 0.681, 0.637, 0.65, 0.662, 0.68, 0.653, 0.648, 0.652, 0.686]
Train Scores: [0.161, 0.261, 0.299, 0.309, 0.294, 0.27, 0.264, 0.254, 0.25, 0.252, 0.244, 0.246, 0.24, 0.244, 0.243, 0.239, 0.238, 0.236, 0.241, 0.239, 0.242, 0.237, 0.237, 0.237, 0.238, 0.235, 0.237, 0.235, 0.243, 0.234, 0.244, 0.231, 0.262, 0.262, 0.271, 0.252, 0.279, 0.251, 0.267, 0.262, 0.281, 0.326, 0.345, 0.364, 0.379, 0.366, 0.383, 0.376, 0.428, 0.446, 0.469, 0.485, 0.482, 0.508, 0.543, 0.554, 0.558, 0.566, 0.579, 0.592, 0.572, 0.629, 0.579, 0.64, 0.631, 0.653, 0.635, 0.67, 0.65, 0.656, 0.686, 0.665, 0.687, 0.709, 0.685, 0.649, 0.727, 0.713, 0.736, 0.725, 0.735, 0.735, 0.697, 0.766, 0.771, 0.764, 0.761, 0.708, 0.718, 0.768, 0.756, 0.745, 0.733, 0.759, 0.755, 0.719, 0.772, 0.778, 0.737, 0.774, 0.779, 0.797, 0.797, 0.784, 0.782, 0.785, 0.805, 0.774, 0.782, 0.771, 0.793, 0.777, 0.789, 0.767, 0.779, 0.808, 0.793, 0.767, 0.795, 0.775, 0.786, 0.803, 0.8, 0.76, 0.808, 0.746, 0.796, 0.747, 0.795, 0.788, 0.809, 0.8, 0.808, 0.763, 0.788, 0.81, 0.789, 0.794, 0.811, 0.788, 0.786, 0.808, 0.788, 0.815, 0.808, 0.81, 0.814, 0.811, 0.807, 0.808, 0.806, 0.81, 0.807, 0.817, 0.808, 0.79, 0.803, 0.815, 0.808, 0.795, 0.771, 0.817, 0.791, 0.786, 0.81, 0.811, 0.793, 0.776, 0.784, 0.818, 0.815, 0.826, 0.824, 0.812, 0.804, 0.82, 0.821, 0.819, 0.815, 0.809, 0.808, 0.828, 0.8, 0.814, 0.824, 0.825, 0.817, 0.802, 0.808, 0.825]
Train Scores w/o background: [0.034, 0.068, 0.09, 0.098, 0.084, 0.048, 0.04, 0.026, 0.021, 0.024, 0.014, 0.017, 0.009, 0.014, 0.012, 0.008, 0.007, 0.004, 0.011, 0.007, 0.011, 0.006, 0.005, 0.005, 0.007, 0.004, 0.006, 0.006, 0.014, 0.003, 0.015, 0.0, 0.038, 0.038, 0.052, 0.026, 0.061, 0.026, 0.045, 0.042, 0.063, 0.122, 0.146, 0.173, 0.191, 0.177, 0.196, 0.188, 0.259, 0.278, 0.311, 0.335, 0.328, 0.363, 0.407, 0.422, 0.427, 0.438, 0.453, 0.469, 0.442, 0.519, 0.452, 0.528, 0.518, 0.548, 0.523, 0.571, 0.541, 0.549, 0.588, 0.561, 0.59, 0.618, 0.586, 0.537, 0.643, 0.624, 0.655, 0.64, 0.652, 0.651, 0.601, 0.692, 0.699, 0.689, 0.685, 0.614, 0.628, 0.695, 0.679, 0.664, 0.649, 0.682, 0.677, 0.629, 0.7, 0.708, 0.653, 0.702, 0.709, 0.732, 0.733, 0.716, 0.713, 0.716, 0.744, 0.702, 0.713, 0.698, 0.727, 0.706, 0.722, 0.693, 0.709, 0.747, 0.728, 0.693, 0.731, 0.703, 0.718, 0.741, 0.736, 0.683, 0.748, 0.665, 0.731, 0.666, 0.731, 0.721, 0.748, 0.737, 0.748, 0.687, 0.721, 0.75, 0.722, 0.729, 0.752, 0.721, 0.718, 0.747, 0.72, 0.757, 0.748, 0.75, 0.755, 0.752, 0.747, 0.747, 0.745, 0.75, 0.747, 0.759, 0.747, 0.723, 0.74, 0.757, 0.747, 0.729, 0.698, 0.76, 0.725, 0.718, 0.75, 0.752, 0.727, 0.705, 0.716, 0.761, 0.757, 0.771, 0.769, 0.752, 0.742, 0.763, 0.765, 0.763, 0.756, 0.749, 0.747, 0.774, 0.736, 0.755, 0.769, 0.77, 0.759, 0.739, 0.748, 0.77]
Train Loss: [252.585, 200.276, 169.129, 149.324, 132.595, 116.914, 101.988, 87.257, 73.026, 61.393, 51.88, 43.189, 35.499, 29.1, 24.274, 21.019, 19.043, 17.88, 17.172, 16.536, 15.991, 15.663, 15.356, 14.99, 14.675, 14.479, 14.269, 14.138, 13.871, 13.922, 13.595, 13.668, 13.124, 12.778, 12.519, 12.843, 12.548, 12.155, 11.254, 10.719, 10.202, 9.252, 8.316, 8.011, 7.307, 7.734, 7.229, 6.859, 5.733, 5.11, 4.316, 4.226, 3.743, 3.022, 2.895, 2.129, 1.924, 1.54, 1.287, 1.188, 1.228, 1.056, 1.285, 1.823, 1.086, 0.892, 0.785, 0.683, 0.71, 0.559, 0.806, 0.865, 0.45, 0.422, 0.43, 0.366, 0.374, 0.338, 0.298, 0.388, 0.313, 0.296, 0.29, 0.322, 0.451, 0.321, 0.296, 0.252, 0.283, 0.254, 0.462, 0.201, 0.23, 0.308, 0.405, 1.113, 0.322, 0.204, 0.179, 0.176, 0.178, 0.17, 0.179, 0.155, 0.165, 0.187, 0.202, 0.206, 0.176, 0.195, 0.173, 0.181, 0.134, 0.124, 0.12, 0.138, 0.127, 0.129, 0.147, 0.136, 0.141, 0.125, 0.133, 0.143, 0.16, 0.126, 0.151, 0.145, 0.15, 0.118, 0.11, 0.233, 0.107, 0.112, 0.146, 0.131, 0.11, 0.1, 0.092, 0.08, 0.09, 0.091, 0.102, 0.083, 0.098, 0.091, 0.093, 0.09, 0.081, 0.095, 0.091, 0.115, 0.08, 0.08, 0.075, 0.082, 0.072, 0.076, 0.078, 0.074, 0.086, 0.088, 0.101, 0.082, 0.079, 0.075, 0.069, 0.079, 0.089, 0.074, 0.055, 0.047, 0.041, 0.035, 0.031, 0.029, 0.026, 0.024, 0.022, 0.022, 0.02, 0.019, 0.021, 0.019, 0.017, 0.016, 0.017, 0.016, 0.015, 0.015]
Test Loss: [249.943, 196.603, 166.026, 148.189, 130.401, 115.005, 100.28, 85.76, 71.587, 60.088, 50.778, 42.682, 35.137, 29.019, 24.447, 21.299, 19.681, 18.848, 18.105, 17.238, 16.775, 16.362, 16.074, 15.794, 15.493, 15.338, 15.379, 15.452, 15.64, 15.445, 16.402, 16.093, 15.849, 15.54, 15.727, 15.501, 15.483, 16.218, 15.366, 16.069, 14.833, 15.029, 13.73, 13.444, 12.874, 12.19, 12.047, 11.373, 9.219, 8.97, 9.591, 8.283, 7.955, 7.169, 6.22, 5.576, 5.703, 5.026, 3.545, 4.049, 3.421, 3.74, 4.445, 3.102, 4.793, 2.815, 3.448, 3.074, 2.996, 2.806, 3.759, 2.595, 1.981, 1.832, 2.601, 1.907, 0.959, 1.663, 1.841, 1.87, 1.792, 1.621, 2.249, 1.85, 1.672, 2.864, 2.372, 1.605, 2.123, 3.331, 4.216, 1.17, 3.094, 3.536, 2.532, 6.52, 1.941, 1.192, 2.966, 3.113, 2.499, 1.972, 1.786, 0.766, 1.197, 1.669, 2.061, 2.191, 1.172, 4.034, 1.255, 1.047, 3.938, 1.816, 2.648, 2.0, 0.613, 0.959, 0.525, 2.593, 0.763, 1.69, 3.781, 3.003, 1.506, 1.228, 0.958, 1.736, 2.079, 2.657, 2.012, 3.031, 1.989, 0.801, 2.616, 1.081, 1.787, 0.8, 1.957, 1.127, 2.606, 2.452, 0.948, 1.164, 0.775, 1.3, 1.233, 2.267, 0.849, 1.647, 1.829, 3.325, 1.309, 2.352, 2.989, 3.719, 2.847, 1.297, 1.611, 2.638, 0.508, 1.232, 0.714, 3.214, 1.993, 1.311, 0.709, 0.801, 1.919, 3.855, 1.622, 1.386, 1.284, 1.309, 1.24, 0.928, 1.082, 1.022, 1.028, 1.392, 1.354, 1.045, 1.095, 1.192, 1.301, 1.018, 1.189, 1.131, 1.207, 1.264]
Max test score: 0.762 found at epoch: 190
Max test score shapes: 0.686 found at epoch: 190
