Active: Pointloss True 10 
Active: MinSizeBackgroundloss True 1 
Active: MinSizeShapesloss True 30 

Test Scores: [0.11, 0.193, 0.209, 0.328, 0.396, 0.431, 0.41, 0.411, 0.384, 0.386, 0.383, 0.403, 0.426, 0.421, 0.436, 0.453, 0.456, 0.472, 0.474, 0.477, 0.482, 0.487, 0.488, 0.485, 0.478, 0.478, 0.459, 0.474, 0.473, 0.482, 0.488, 0.497, 0.49, 0.479, 0.454, 0.448, 0.467, 0.48, 0.459, 0.453, 0.478, 0.467, 0.47, 0.477, 0.485, 0.49, 0.49, 0.504, 0.511, 0.494, 0.486, 0.496, 0.484, 0.496, 0.488, 0.467, 0.484, 0.475, 0.471, 0.482, 0.483, 0.458, 0.468, 0.494, 0.49, 0.498, 0.503, 0.482, 0.519, 0.519, 0.518, 0.519, 0.51, 0.497, 0.459, 0.465, 0.466, 0.472, 0.473, 0.464, 0.479, 0.484, 0.498, 0.506, 0.5, 0.497, 0.507, 0.506, 0.503, 0.507, 0.512, 0.504, 0.492, 0.508, 0.507, 0.504, 0.482, 0.464, 0.479, 0.47, 0.471, 0.476, 0.485, 0.48, 0.471, 0.47, 0.473, 0.468, 0.481, 0.478, 0.481, 0.479, 0.497, 0.497, 0.507, 0.507, 0.5, 0.495, 0.503, 0.51, 0.506, 0.508, 0.504, 0.51, 0.507, 0.501, 0.509, 0.504, 0.513, 0.504, 0.512, 0.51, 0.507, 0.504, 0.512, 0.513, 0.508, 0.509, 0.507, 0.507]
Test Scores w/o background: [0.038, 0.068, 0.072, 0.146, 0.213, 0.249, 0.232, 0.233, 0.199, 0.203, 0.198, 0.222, 0.252, 0.246, 0.267, 0.289, 0.292, 0.314, 0.315, 0.32, 0.326, 0.333, 0.335, 0.33, 0.322, 0.321, 0.296, 0.316, 0.315, 0.326, 0.334, 0.346, 0.336, 0.322, 0.289, 0.282, 0.307, 0.324, 0.296, 0.288, 0.321, 0.307, 0.311, 0.32, 0.331, 0.336, 0.337, 0.355, 0.365, 0.344, 0.333, 0.345, 0.33, 0.345, 0.335, 0.307, 0.33, 0.317, 0.313, 0.327, 0.328, 0.294, 0.308, 0.343, 0.337, 0.348, 0.355, 0.327, 0.376, 0.375, 0.374, 0.376, 0.364, 0.347, 0.297, 0.305, 0.307, 0.314, 0.316, 0.304, 0.323, 0.33, 0.348, 0.359, 0.35, 0.347, 0.359, 0.359, 0.355, 0.36, 0.367, 0.357, 0.34, 0.362, 0.359, 0.356, 0.327, 0.303, 0.323, 0.311, 0.313, 0.32, 0.332, 0.325, 0.313, 0.312, 0.316, 0.309, 0.326, 0.323, 0.326, 0.324, 0.347, 0.348, 0.36, 0.36, 0.351, 0.344, 0.354, 0.365, 0.359, 0.362, 0.357, 0.364, 0.361, 0.353, 0.362, 0.357, 0.368, 0.357, 0.367, 0.364, 0.361, 0.357, 0.367, 0.368, 0.361, 0.363, 0.36, 0.36]
Train Scores: [0.113, 0.202, 0.213, 0.348, 0.429, 0.516, 0.485, 0.446, 0.413, 0.412, 0.412, 0.452, 0.465, 0.483, 0.481, 0.494, 0.509, 0.517, 0.512, 0.526, 0.524, 0.52, 0.53, 0.529, 0.53, 0.52, 0.483, 0.512, 0.512, 0.532, 0.531, 0.536, 0.53, 0.526, 0.509, 0.516, 0.518, 0.52, 0.505, 0.495, 0.514, 0.484, 0.49, 0.522, 0.527, 0.522, 0.537, 0.544, 0.538, 0.537, 0.536, 0.536, 0.518, 0.535, 0.535, 0.518, 0.529, 0.515, 0.504, 0.525, 0.517, 0.501, 0.51, 0.537, 0.522, 0.514, 0.534, 0.527, 0.552, 0.547, 0.547, 0.549, 0.543, 0.535, 0.503, 0.495, 0.485, 0.51, 0.516, 0.495, 0.516, 0.522, 0.536, 0.54, 0.535, 0.525, 0.527, 0.538, 0.535, 0.538, 0.546, 0.545, 0.522, 0.539, 0.541, 0.528, 0.51, 0.498, 0.509, 0.502, 0.505, 0.505, 0.516, 0.517, 0.504, 0.512, 0.515, 0.5, 0.515, 0.51, 0.518, 0.52, 0.534, 0.528, 0.535, 0.535, 0.525, 0.515, 0.537, 0.538, 0.53, 0.532, 0.527, 0.537, 0.533, 0.521, 0.531, 0.526, 0.54, 0.529, 0.538, 0.534, 0.53, 0.529, 0.54, 0.539, 0.533, 0.534, 0.535, 0.531]
Train Scores w/o background: [0.04, 0.078, 0.077, 0.172, 0.258, 0.362, 0.33, 0.279, 0.236, 0.235, 0.235, 0.287, 0.302, 0.327, 0.325, 0.342, 0.362, 0.372, 0.365, 0.384, 0.381, 0.375, 0.388, 0.387, 0.388, 0.376, 0.328, 0.365, 0.364, 0.391, 0.389, 0.396, 0.388, 0.384, 0.362, 0.371, 0.374, 0.377, 0.356, 0.343, 0.369, 0.329, 0.337, 0.378, 0.386, 0.378, 0.398, 0.408, 0.399, 0.399, 0.398, 0.397, 0.374, 0.396, 0.395, 0.372, 0.387, 0.369, 0.356, 0.383, 0.372, 0.35, 0.363, 0.399, 0.379, 0.368, 0.395, 0.385, 0.419, 0.412, 0.411, 0.414, 0.407, 0.397, 0.355, 0.344, 0.331, 0.364, 0.371, 0.343, 0.371, 0.379, 0.397, 0.402, 0.396, 0.383, 0.385, 0.4, 0.397, 0.4, 0.411, 0.41, 0.379, 0.401, 0.403, 0.387, 0.363, 0.347, 0.363, 0.353, 0.356, 0.357, 0.371, 0.372, 0.356, 0.366, 0.37, 0.351, 0.37, 0.363, 0.374, 0.377, 0.396, 0.387, 0.396, 0.396, 0.383, 0.37, 0.398, 0.4, 0.389, 0.392, 0.386, 0.399, 0.394, 0.378, 0.391, 0.385, 0.403, 0.388, 0.401, 0.395, 0.389, 0.388, 0.402, 0.401, 0.393, 0.395, 0.397, 0.391]
Train Loss: [85.95, 67.099, 49.253, 34.721, 25.37, 19.996, 15.365, 11.261, 7.67, 3.469, 0.356, 0.12, 0.0, 0.177, 0.048, 2.063, 0.242, 0.0, 0.637, 0.576, 0.994, 0.095, 0.287, 0.498, 0.81, 0.007, 0.675, 0.205, 1.003, 0.115, 0.449, 0.446, 0.088, 0.032, 0.045, 0.001, 0.0, 0.176, 0.0, 0.015, 0.08, 0.338, 0.0, 0.152, 0.0, 0.093, 0.0, 0.0, 0.144, 0.13, 0.0, 0.0, 0.0, 0.447, 0.063, 0.164, 0.0, 0.0, 0.0, 0.001, 0.0, 0.0, 0.427, 0.368, 0.274, 0.61, 0.405, 0.0, 0.0, 0.124, 0.0, 0.0, 0.0, 0.0, 0.001, 0.067, 0.001, 0.321, 0.188, 0.103, 0.0, 0.0, 0.0, 0.0, 0.0, 0.0, 0.0, 0.0, 0.0, 0.02, 0.004, 0.011, 0.0, 0.07, 0.0, 0.674, 1.071, 1.86, 0.679, 0.0, 0.0, 0.0, 0.0, 0.0, 0.0, 0.0, 0.0, 0.0, 0.0, 0.0, 0.0, 0.0, 0.0, 0.0, 0.0, 0.0, 0.0, 0.062, 0.0, 0.0, 0.0, 0.0, 0.0, 0.0, 0.0, 0.0, 0.0, 0.0, 0.0, 0.0, 0.0, 0.0, 0.0, 0.0, 0.0, 0.0, 0.0, 0.0, 0.0, 0.0]
Test Loss: [88.705, 72.454, 61.257, 47.509, 34.228, 28.492, 22.108, 18.145, 13.651, 8.316, 6.629, 11.514, 12.717, 22.664, 11.916, 12.465, 12.395, 13.787, 13.611, 18.997, 14.395, 24.696, 9.668, 6.81, 17.055, 16.49, 27.527, 15.819, 17.53, 9.54, 6.463, 3.285, 2.401, 4.577, 21.355, 11.613, 17.107, 9.965, 5.89, 6.663, 12.024, 7.792, 5.865, 16.824, 9.989, 2.544, 0.239, 5.816, 7.416, 10.692, 12.418, 5.345, 7.199, 5.85, 7.177, 5.939, 8.633, 15.179, 11.478, 8.37, 3.945, 4.953, 12.29, 2.721, 15.289, 7.09, 5.461, 12.656, 7.044, 5.733, 11.843, 10.836, 6.799, 7.921, 7.709, 11.793, 11.565, 13.311, 10.039, 6.961, 4.752, 7.142, 11.106, 4.256, 2.496, 1.339, 2.105, 3.799, 9.504, 9.128, 9.121, 18.341, 12.539, 6.262, 13.219, 17.441, 11.982, 16.38, 10.201, 3.791, 4.995, 4.315, 3.715, 5.715, 10.33, 4.864, 6.598, 5.707, 3.782, 2.013, 2.494, 4.774, 3.505, 1.137, 1.907, 3.468, 11.973, 23.48, 14.457, 12.356, 12.128, 11.93, 11.807, 11.788, 11.683, 11.674, 11.636, 11.655, 11.619, 11.576, 11.605, 11.614, 11.565, 11.57, 11.58, 11.555, 11.57, 11.56, 11.528, 11.559]
Max test score: 0.519 found at epoch: 72
Max test score shapes: 0.376 found at epoch: 69
