Active: Pointloss True 10 

Test Scores: [0.041, 0.07, 0.104, 0.108, 0.099, 0.115, 0.104, 0.079, 0.075, 0.065, 0.089, 0.087, 0.112, 0.084, 0.092, 0.115, 0.122, 0.104, 0.105, 0.112, 0.083, 0.081, 0.077, 0.081, 0.086, 0.083, 0.069, 0.065, 0.056, 0.051, 0.049, 0.046, 0.048, 0.047, 0.048, 0.065, 0.071, 0.065, 0.064, 0.083, 0.073, 0.079, 0.077, 0.075, 0.08, 0.077, 0.088, 0.079, 0.081, 0.067, 0.078, 0.062, 0.074, 0.055, 0.047, 0.048, 0.05, 0.056, 0.052, 0.052, 0.044, 0.042, 0.044, 0.04, 0.043, 0.04, 0.039, 0.041, 0.042, 0.043, 0.045, 0.039, 0.038, 0.037, 0.041, 0.042, 0.049, 0.043, 0.043, 0.045, 0.04, 0.039, 0.039, 0.038, 0.038, 0.034, 0.037, 0.039, 0.041, 0.042, 0.041, 0.043, 0.04, 0.038, 0.035, 0.038, 0.037, 0.039, 0.043, 0.038, 0.036, 0.034, 0.036, 0.036, 0.039, 0.038, 0.038, 0.037, 0.036, 0.039, 0.042, 0.041, 0.041, 0.041, 0.048, 0.047, 0.042, 0.042, 0.04, 0.041, 0.04, 0.042, 0.041, 0.042, 0.041, 0.042, 0.04, 0.041, 0.042, 0.042, 0.041, 0.043, 0.043, 0.042, 0.041, 0.043, 0.043, 0.043, 0.041, 0.042]
Test Scores w/o background: [0.028, 0.038, 0.049, 0.054, 0.044, 0.044, 0.041, 0.044, 0.043, 0.047, 0.044, 0.051, 0.059, 0.058, 0.069, 0.052, 0.062, 0.056, 0.064, 0.065, 0.056, 0.051, 0.047, 0.049, 0.051, 0.052, 0.049, 0.047, 0.042, 0.043, 0.043, 0.047, 0.048, 0.048, 0.049, 0.07, 0.073, 0.059, 0.059, 0.065, 0.062, 0.057, 0.054, 0.057, 0.06, 0.06, 0.063, 0.054, 0.055, 0.051, 0.057, 0.056, 0.056, 0.052, 0.054, 0.056, 0.058, 0.065, 0.061, 0.063, 0.053, 0.049, 0.052, 0.047, 0.05, 0.049, 0.047, 0.05, 0.051, 0.052, 0.051, 0.045, 0.044, 0.043, 0.047, 0.049, 0.055, 0.05, 0.05, 0.053, 0.051, 0.049, 0.049, 0.048, 0.047, 0.043, 0.047, 0.049, 0.052, 0.051, 0.05, 0.053, 0.05, 0.048, 0.045, 0.049, 0.048, 0.051, 0.055, 0.05, 0.047, 0.044, 0.048, 0.047, 0.051, 0.051, 0.051, 0.049, 0.048, 0.051, 0.055, 0.054, 0.054, 0.054, 0.064, 0.062, 0.056, 0.055, 0.052, 0.054, 0.052, 0.056, 0.053, 0.056, 0.054, 0.056, 0.053, 0.054, 0.056, 0.055, 0.054, 0.056, 0.057, 0.055, 0.054, 0.056, 0.056, 0.056, 0.054, 0.056]
Train Scores: [0.043, 0.073, 0.113, 0.115, 0.111, 0.132, 0.112, 0.084, 0.079, 0.07, 0.101, 0.092, 0.115, 0.085, 0.092, 0.125, 0.127, 0.106, 0.106, 0.115, 0.083, 0.083, 0.082, 0.087, 0.09, 0.086, 0.073, 0.067, 0.06, 0.057, 0.056, 0.05, 0.051, 0.048, 0.049, 0.063, 0.071, 0.067, 0.064, 0.081, 0.072, 0.079, 0.079, 0.08, 0.085, 0.081, 0.095, 0.084, 0.084, 0.07, 0.08, 0.066, 0.079, 0.057, 0.05, 0.052, 0.055, 0.062, 0.058, 0.06, 0.051, 0.045, 0.045, 0.043, 0.047, 0.044, 0.041, 0.044, 0.046, 0.046, 0.048, 0.043, 0.042, 0.04, 0.043, 0.043, 0.052, 0.045, 0.044, 0.049, 0.043, 0.038, 0.038, 0.037, 0.038, 0.035, 0.038, 0.041, 0.043, 0.043, 0.042, 0.045, 0.041, 0.039, 0.037, 0.041, 0.04, 0.042, 0.046, 0.042, 0.039, 0.036, 0.039, 0.037, 0.041, 0.04, 0.041, 0.039, 0.038, 0.042, 0.046, 0.045, 0.044, 0.043, 0.051, 0.051, 0.048, 0.047, 0.042, 0.043, 0.042, 0.044, 0.043, 0.043, 0.043, 0.045, 0.042, 0.043, 0.043, 0.044, 0.043, 0.044, 0.045, 0.044, 0.043, 0.045, 0.044, 0.045, 0.043, 0.044]
Train Scores w/o background: [0.031, 0.043, 0.056, 0.062, 0.059, 0.064, 0.051, 0.051, 0.049, 0.053, 0.059, 0.061, 0.062, 0.061, 0.07, 0.063, 0.068, 0.058, 0.066, 0.067, 0.057, 0.054, 0.056, 0.06, 0.057, 0.057, 0.053, 0.05, 0.048, 0.05, 0.051, 0.052, 0.053, 0.05, 0.05, 0.068, 0.074, 0.064, 0.062, 0.064, 0.063, 0.058, 0.057, 0.063, 0.065, 0.066, 0.071, 0.059, 0.059, 0.054, 0.059, 0.06, 0.06, 0.054, 0.059, 0.062, 0.066, 0.073, 0.07, 0.074, 0.062, 0.052, 0.053, 0.052, 0.056, 0.053, 0.049, 0.055, 0.056, 0.057, 0.056, 0.051, 0.049, 0.048, 0.05, 0.05, 0.059, 0.053, 0.053, 0.059, 0.056, 0.048, 0.048, 0.047, 0.047, 0.045, 0.048, 0.052, 0.054, 0.052, 0.052, 0.056, 0.052, 0.05, 0.048, 0.054, 0.052, 0.056, 0.061, 0.055, 0.051, 0.047, 0.051, 0.049, 0.054, 0.053, 0.054, 0.051, 0.05, 0.056, 0.061, 0.06, 0.058, 0.057, 0.068, 0.068, 0.064, 0.063, 0.056, 0.057, 0.056, 0.058, 0.057, 0.057, 0.056, 0.059, 0.056, 0.057, 0.057, 0.059, 0.057, 0.059, 0.06, 0.058, 0.057, 0.059, 0.059, 0.06, 0.057, 0.059]
Train Loss: [35.923, 20.915, 9.921, 3.748, 2.063, 0.881, 4.391, 0.283, 2.484, 3.303, 2.402, 1.298, 0.895, 1.006, 1.001, 1.283, 1.286, 1.478, 2.231, 0.447, 0.43, 0.302, 1.711, 1.846, 0.909, 0.514, 0.423, 0.475, 0.144, 0.956, 0.833, 0.452, 0.73, 0.456, 0.171, 0.365, 0.583, 0.0, 0.096, 0.0, 0.0, 0.291, 1.125, 0.004, 0.0, 0.048, 0.159, 0.0, 0.0, 0.0, 1.137, 0.112, 0.373, 0.585, 0.322, 0.73, 0.712, 0.85, 0.823, 0.338, 0.673, 0.182, 0.182, 0.006, 0.0, 0.0, 0.0, 0.0, 0.0, 0.085, 0.187, 0.002, 0.689, 0.0, 0.002, 0.249, 0.001, 0.466, 0.228, 0.555, 0.475, 0.146, 0.0, 0.208, 0.267, 0.0, 0.0, 0.0, 0.007, 0.0, 0.0, 0.622, 0.016, 0.0, 0.0, 0.0, 0.0, 0.019, 0.0, 0.0, 0.0, 0.0, 0.0, 0.0, 0.0, 0.0, 0.0, 0.0, 0.0, 0.0, 0.0, 0.0, 0.0, 0.0, 0.0, 0.0, 0.0, 0.0, 0.954, 0.974, 0.801, 0.678, 0.674, 0.666, 0.536, 0.483, 0.439, 0.376, 0.375, 0.0, 0.0, 0.0, 0.0, 0.0, 0.0, 0.0, 0.0, 0.0, 0.0, 0.0]
Test Loss: [38.499, 26.996, 21.556, 23.817, 39.563, 42.238, 48.494, 22.364, 57.603, 37.827, 43.393, 24.155, 20.619, 34.064, 30.268, 25.505, 11.104, 10.006, 20.705, 13.966, 14.649, 14.985, 27.455, 23.89, 23.223, 11.472, 8.889, 15.548, 7.672, 19.983, 18.056, 28.889, 20.593, 15.368, 10.423, 19.229, 13.954, 12.103, 14.548, 14.136, 16.608, 4.017, 29.881, 11.072, 6.021, 1.944, 4.349, 2.065, 3.823, 2.346, 13.005, 7.081, 11.811, 12.941, 3.928, 13.361, 5.93, 12.651, 5.313, 9.197, 5.565, 6.341, 11.611, 14.537, 10.367, 11.983, 4.293, 2.913, 4.628, 5.288, 3.704, 12.968, 4.954, 4.696, 13.409, 2.252, 3.918, 21.455, 3.166, 1.545, 19.093, 7.481, 5.401, 6.727, 0.235, 2.688, 3.167, 5.508, 0.167, 0.63, 6.059, 14.652, 11.598, 5.136, 1.872, 1.871, 2.606, 4.513, 6.173, 7.164, 0.953, 7.479, 5.095, 4.733, 5.135, 5.691, 5.747, 4.017, 5.379, 5.333, 9.157, 10.391, 1.466, 0.001, 0.0, 1.093, 18.27, 12.404, 11.933, 12.971, 11.523, 10.313, 8.635, 7.41, 6.414, 5.789, 5.603, 5.485, 5.38, 5.315, 5.294, 5.275, 5.265, 5.245, 5.259, 5.235, 5.26, 5.24, 5.243, 5.232]
Max test score: 0.122 found at epoch: 17
Max test score shapes: 0.073 found at epoch: 37
