Active: Pointloss True 10 
Active: Smoothnessloss True 100 

Test Scores: [0.046, 0.109, 0.136, 0.199, 0.11, 0.122, 0.099, 0.061, 0.049, 0.056, 0.049, 0.092, 0.093, 0.08, 0.066, 0.052, 0.042, 0.041, 0.039, 0.038, 0.039, 0.039, 0.038, 0.038, 0.038, 0.039, 0.036, 0.036, 0.035, 0.035, 0.035, 0.035, 0.034, 0.034, 0.034, 0.034, 0.034, 0.034, 0.035, 0.035, 0.034, 0.034, 0.034, 0.032, 0.033, 0.033, 0.034, 0.033, 0.033, 0.031, 0.032, 0.031, 0.032, 0.031, 0.031, 0.03, 0.032, 0.032, 0.032, 0.032, 0.032, 0.032, 0.032, 0.031, 0.03, 0.03, 0.032, 0.032, 0.031, 0.031, 0.031, 0.031, 0.031, 0.029, 0.031, 0.032, 0.031, 0.033, 0.03, 0.034, 0.03, 0.03, 0.031, 0.031, 0.031, 0.032, 0.031, 0.033, 0.035, 0.033, 0.032, 0.031, 0.032, 0.032, 0.033, 0.031, 0.032, 0.034, 0.032, 0.031, 0.03, 0.03, 0.031, 0.03, 0.034, 0.033, 0.033, 0.036, 0.033, 0.033, 0.033, 0.031, 0.033, 0.031, 0.034, 0.032, 0.032, 0.031, 0.035, 0.034, 0.034, 0.034, 0.033, 0.034, 0.033, 0.033, 0.034, 0.033, 0.033, 0.034, 0.035, 0.034, 0.033, 0.033, 0.033, 0.033, 0.033, 0.033, 0.033, 0.033]
Test Scores w/o background: [0.029, 0.046, 0.06, 0.069, 0.053, 0.044, 0.044, 0.064, 0.044, 0.063, 0.046, 0.045, 0.04, 0.039, 0.043, 0.044, 0.042, 0.042, 0.04, 0.039, 0.039, 0.039, 0.039, 0.038, 0.039, 0.039, 0.036, 0.036, 0.034, 0.034, 0.034, 0.034, 0.033, 0.033, 0.033, 0.033, 0.033, 0.033, 0.034, 0.034, 0.033, 0.032, 0.033, 0.03, 0.031, 0.032, 0.033, 0.032, 0.032, 0.029, 0.03, 0.029, 0.031, 0.029, 0.029, 0.028, 0.03, 0.03, 0.031, 0.03, 0.03, 0.03, 0.031, 0.029, 0.027, 0.028, 0.03, 0.03, 0.029, 0.029, 0.029, 0.029, 0.029, 0.026, 0.028, 0.031, 0.029, 0.031, 0.028, 0.033, 0.028, 0.027, 0.029, 0.029, 0.028, 0.03, 0.029, 0.031, 0.034, 0.031, 0.03, 0.029, 0.031, 0.03, 0.032, 0.029, 0.03, 0.033, 0.03, 0.028, 0.028, 0.028, 0.029, 0.028, 0.032, 0.031, 0.031, 0.036, 0.031, 0.031, 0.032, 0.029, 0.031, 0.03, 0.032, 0.03, 0.03, 0.029, 0.034, 0.033, 0.033, 0.032, 0.032, 0.032, 0.032, 0.031, 0.032, 0.031, 0.031, 0.033, 0.034, 0.033, 0.032, 0.031, 0.031, 0.032, 0.031, 0.031, 0.031, 0.031]
Train Scores: [0.048, 0.116, 0.143, 0.207, 0.118, 0.132, 0.097, 0.054, 0.044, 0.047, 0.043, 0.088, 0.09, 0.077, 0.061, 0.045, 0.036, 0.034, 0.032, 0.032, 0.031, 0.032, 0.031, 0.031, 0.031, 0.031, 0.03, 0.03, 0.028, 0.029, 0.029, 0.029, 0.028, 0.028, 0.028, 0.028, 0.029, 0.028, 0.029, 0.029, 0.028, 0.028, 0.029, 0.027, 0.027, 0.028, 0.029, 0.028, 0.029, 0.027, 0.028, 0.028, 0.029, 0.027, 0.027, 0.027, 0.028, 0.027, 0.028, 0.028, 0.028, 0.028, 0.028, 0.027, 0.026, 0.027, 0.028, 0.028, 0.028, 0.029, 0.028, 0.028, 0.028, 0.026, 0.027, 0.03, 0.028, 0.03, 0.027, 0.032, 0.027, 0.027, 0.029, 0.028, 0.027, 0.028, 0.027, 0.029, 0.031, 0.029, 0.028, 0.028, 0.029, 0.029, 0.03, 0.029, 0.029, 0.031, 0.029, 0.028, 0.028, 0.028, 0.028, 0.027, 0.031, 0.03, 0.03, 0.034, 0.03, 0.031, 0.032, 0.029, 0.031, 0.029, 0.032, 0.029, 0.03, 0.029, 0.033, 0.032, 0.032, 0.031, 0.031, 0.032, 0.031, 0.031, 0.032, 0.031, 0.031, 0.032, 0.033, 0.032, 0.031, 0.03, 0.031, 0.031, 0.031, 0.031, 0.031, 0.03]
Train Scores w/o background: [0.031, 0.051, 0.062, 0.078, 0.063, 0.053, 0.042, 0.055, 0.038, 0.052, 0.037, 0.036, 0.032, 0.032, 0.034, 0.034, 0.033, 0.033, 0.031, 0.03, 0.029, 0.03, 0.029, 0.029, 0.029, 0.029, 0.027, 0.027, 0.025, 0.026, 0.026, 0.026, 0.025, 0.025, 0.025, 0.025, 0.026, 0.025, 0.026, 0.026, 0.025, 0.025, 0.026, 0.023, 0.024, 0.025, 0.026, 0.025, 0.026, 0.024, 0.025, 0.024, 0.026, 0.024, 0.024, 0.023, 0.024, 0.024, 0.025, 0.024, 0.025, 0.025, 0.025, 0.024, 0.022, 0.024, 0.025, 0.025, 0.025, 0.026, 0.025, 0.025, 0.025, 0.022, 0.024, 0.027, 0.025, 0.027, 0.024, 0.03, 0.024, 0.023, 0.026, 0.025, 0.024, 0.025, 0.024, 0.026, 0.029, 0.026, 0.025, 0.024, 0.027, 0.026, 0.028, 0.026, 0.026, 0.03, 0.026, 0.025, 0.025, 0.025, 0.025, 0.024, 0.029, 0.027, 0.027, 0.032, 0.028, 0.028, 0.031, 0.027, 0.028, 0.026, 0.03, 0.026, 0.028, 0.026, 0.032, 0.03, 0.03, 0.029, 0.029, 0.03, 0.029, 0.029, 0.03, 0.029, 0.028, 0.031, 0.032, 0.031, 0.028, 0.028, 0.028, 0.029, 0.028, 0.028, 0.029, 0.028]
Train Loss: [46.229, 31.291, 19.757, 12.714, 10.156, 8.319, 7.3, 6.48, 5.802, 4.882, 4.598, 3.984, 3.975, 3.432, 2.903, 2.526, 2.438, 1.802, 1.279, 0.919, 0.728, 0.582, 0.53, 0.32, 0.443, 0.355, 2.246, 1.519, 0.749, 0.496, 0.195, 0.608, 0.389, 0.814, 0.498, 0.475, 2.592, 1.223, 1.068, 0.735, 1.032, 0.657, 0.637, 1.256, 1.696, 0.323, 0.679, 2.934, 2.178, 4.424, 3.218, 5.18, 2.715, 4.028, 2.669, 0.508, 1.628, 1.65, 1.286, 1.467, 1.782, 1.497, 2.91, 2.592, 1.487, 0.595, 0.608, 0.701, 1.84, 0.798, 1.055, 2.924, 0.681, 4.358, 1.601, 6.01, 6.224, 1.835, 2.788, 1.869, 3.705, 5.381, 3.394, 4.107, 3.675, 2.112, 1.369, 1.794, 2.094, 1.068, 0.232, 1.656, 0.971, 2.844, 4.28, 6.014, 7.294, 4.233, 2.824, 2.677, 7.511, 6.287, 4.879, 15.584, 4.899, 5.384, 6.148, 7.345, 15.809, 6.545, 6.454, 3.678, 0.829, 2.691, 1.834, 1.125, 0.517, 2.279, 3.704, 1.938, 1.349, 1.659, 1.687, 1.686, 1.686, 1.686, 1.683, 1.629, 1.349, 1.349, 1.349, 1.349, 1.349, 1.352, 1.349, 1.355, 1.392, 1.686, 1.686, 1.686]
Test Loss: [48.864, 36.828, 30.779, 27.55, 33.328, 21.824, 22.32, 16.948, 17.247, 19.586, 15.532, 15.172, 11.317, 15.645, 13.102, 8.99, 10.308, 13.937, 9.508, 11.816, 17.462, 13.755, 11.492, 10.428, 13.03, 13.673, 20.812, 12.881, 19.876, 22.015, 18.278, 20.841, 20.46, 17.036, 16.088, 14.552, 23.202, 15.137, 22.528, 18.952, 17.131, 13.143, 20.623, 16.344, 24.286, 17.911, 23.325, 30.942, 31.329, 26.458, 36.365, 28.765, 30.285, 49.261, 34.353, 32.974, 31.426, 31.192, 25.885, 27.954, 29.013, 17.89, 18.871, 23.569, 21.471, 24.686, 24.261, 28.069, 25.278, 25.126, 20.205, 28.251, 24.129, 19.879, 24.495, 26.252, 24.261, 22.561, 27.428, 18.542, 25.703, 29.934, 24.378, 31.498, 25.854, 26.004, 23.694, 23.731, 25.243, 19.881, 27.084, 41.3, 31.749, 41.438, 26.977, 24.124, 38.002, 27.751, 21.051, 25.075, 31.621, 41.353, 40.802, 26.156, 37.962, 37.361, 18.406, 35.53, 36.62, 26.499, 23.736, 27.702, 20.734, 23.084, 29.383, 26.002, 30.708, 29.283, 30.679, 34.052, 29.829, 30.127, 30.902, 33.69, 33.714, 33.939, 33.395, 32.214, 34.54, 35.208, 33.83, 33.322, 33.082, 31.819, 31.111, 31.662, 31.175, 27.137, 28.68, 27.408]
Max test score: 0.199 found at epoch: 4
Max test score shapes: 0.069 found at epoch: 4
