Active: Pointloss True 10 
Active: MinSizeBackgroundloss True 1 
Active: MinSizeShapesloss True 30 
Active: Smoothnessloss True 100 

Test Scores: [0.117, 0.196, 0.21, 0.345, 0.385, 0.465, 0.412, 0.422, 0.386, 0.393, 0.399, 0.435, 0.48, 0.451, 0.427, 0.397, 0.348, 0.286, 0.281, 0.272, 0.277, 0.289, 0.278, 0.279, 0.28, 0.28, 0.274, 0.278, 0.279, 0.285, 0.276, 0.283, 0.269, 0.276, 0.272, 0.279, 0.286, 0.274, 0.275, 0.279, 0.28, 0.287, 0.294, 0.283, 0.282, 0.28, 0.283, 0.279, 0.28, 0.291, 0.289, 0.288, 0.293, 0.283, 0.289, 0.293, 0.285, 0.267, 0.256, 0.267, 0.27, 0.278, 0.282, 0.282, 0.285, 0.275, 0.281, 0.278, 0.273, 0.269, 0.267, 0.258, 0.266, 0.276, 0.289, 0.285, 0.273, 0.255, 0.263, 0.263, 0.262, 0.262, 0.251, 0.26, 0.264, 0.277, 0.273, 0.27, 0.274, 0.269, 0.266, 0.255, 0.257, 0.266, 0.281, 0.281, 0.274, 0.273, 0.276, 0.275, 0.276, 0.264, 0.278, 0.283, 0.273, 0.278, 0.264, 0.269, 0.269, 0.284, 0.286, 0.282, 0.286, 0.297, 0.294, 0.289, 0.282, 0.296, 0.294, 0.296, 0.296, 0.291, 0.294, 0.292, 0.293, 0.292, 0.289, 0.292, 0.289, 0.287, 0.284, 0.286, 0.289, 0.29, 0.282, 0.287, 0.286, 0.289, 0.286, 0.287]
Test Scores w/o background: [0.04, 0.069, 0.066, 0.161, 0.202, 0.294, 0.23, 0.245, 0.2, 0.21, 0.218, 0.264, 0.319, 0.282, 0.255, 0.228, 0.186, 0.145, 0.129, 0.114, 0.112, 0.112, 0.1, 0.098, 0.1, 0.097, 0.092, 0.095, 0.095, 0.099, 0.092, 0.098, 0.085, 0.091, 0.088, 0.093, 0.1, 0.09, 0.091, 0.094, 0.095, 0.102, 0.107, 0.098, 0.097, 0.095, 0.098, 0.094, 0.097, 0.106, 0.104, 0.104, 0.109, 0.102, 0.108, 0.11, 0.102, 0.086, 0.081, 0.088, 0.089, 0.099, 0.1, 0.101, 0.104, 0.096, 0.1, 0.097, 0.093, 0.09, 0.088, 0.084, 0.089, 0.095, 0.105, 0.103, 0.095, 0.079, 0.085, 0.083, 0.083, 0.082, 0.075, 0.082, 0.087, 0.097, 0.093, 0.093, 0.093, 0.089, 0.09, 0.079, 0.084, 0.093, 0.104, 0.1, 0.094, 0.097, 0.097, 0.097, 0.099, 0.088, 0.1, 0.103, 0.094, 0.098, 0.088, 0.096, 0.091, 0.103, 0.106, 0.104, 0.105, 0.116, 0.115, 0.111, 0.1, 0.113, 0.111, 0.113, 0.113, 0.109, 0.111, 0.11, 0.11, 0.108, 0.106, 0.107, 0.105, 0.104, 0.103, 0.104, 0.105, 0.106, 0.1, 0.104, 0.103, 0.104, 0.102, 0.103]
Train Scores: [0.119, 0.205, 0.223, 0.366, 0.414, 0.548, 0.475, 0.477, 0.435, 0.438, 0.445, 0.474, 0.54, 0.501, 0.438, 0.403, 0.34, 0.27, 0.265, 0.256, 0.261, 0.273, 0.265, 0.266, 0.267, 0.266, 0.261, 0.265, 0.265, 0.269, 0.261, 0.269, 0.256, 0.262, 0.259, 0.265, 0.271, 0.261, 0.261, 0.267, 0.267, 0.273, 0.279, 0.27, 0.269, 0.267, 0.271, 0.268, 0.27, 0.279, 0.277, 0.276, 0.281, 0.272, 0.276, 0.278, 0.268, 0.254, 0.249, 0.259, 0.261, 0.269, 0.271, 0.269, 0.274, 0.264, 0.269, 0.266, 0.263, 0.259, 0.257, 0.25, 0.258, 0.266, 0.277, 0.274, 0.263, 0.247, 0.255, 0.255, 0.255, 0.255, 0.244, 0.25, 0.253, 0.264, 0.259, 0.259, 0.265, 0.262, 0.259, 0.246, 0.246, 0.255, 0.271, 0.269, 0.263, 0.262, 0.266, 0.264, 0.266, 0.256, 0.27, 0.275, 0.267, 0.271, 0.259, 0.263, 0.26, 0.273, 0.275, 0.27, 0.273, 0.284, 0.281, 0.276, 0.268, 0.284, 0.283, 0.285, 0.285, 0.279, 0.283, 0.281, 0.283, 0.281, 0.277, 0.28, 0.277, 0.275, 0.273, 0.275, 0.278, 0.279, 0.271, 0.276, 0.275, 0.278, 0.275, 0.276]
Train Scores w/o background: [0.042, 0.078, 0.082, 0.189, 0.239, 0.404, 0.312, 0.317, 0.264, 0.27, 0.278, 0.315, 0.398, 0.347, 0.27, 0.235, 0.175, 0.122, 0.107, 0.092, 0.09, 0.091, 0.082, 0.08, 0.082, 0.078, 0.074, 0.077, 0.075, 0.079, 0.072, 0.078, 0.067, 0.072, 0.07, 0.074, 0.08, 0.072, 0.072, 0.076, 0.077, 0.081, 0.087, 0.079, 0.079, 0.077, 0.081, 0.077, 0.081, 0.088, 0.086, 0.086, 0.092, 0.086, 0.09, 0.09, 0.081, 0.069, 0.07, 0.076, 0.075, 0.085, 0.085, 0.083, 0.089, 0.081, 0.083, 0.08, 0.079, 0.075, 0.073, 0.071, 0.077, 0.079, 0.088, 0.087, 0.08, 0.068, 0.073, 0.072, 0.072, 0.071, 0.065, 0.068, 0.072, 0.081, 0.076, 0.079, 0.082, 0.079, 0.079, 0.067, 0.071, 0.079, 0.089, 0.084, 0.079, 0.082, 0.084, 0.081, 0.084, 0.074, 0.087, 0.091, 0.082, 0.086, 0.078, 0.083, 0.076, 0.087, 0.089, 0.087, 0.087, 0.098, 0.097, 0.093, 0.082, 0.097, 0.097, 0.099, 0.099, 0.095, 0.097, 0.096, 0.096, 0.094, 0.092, 0.093, 0.09, 0.089, 0.088, 0.09, 0.091, 0.092, 0.085, 0.089, 0.089, 0.09, 0.089, 0.09]
Train Loss: [96.28, 77.187, 59.354, 45.251, 36.855, 31.954, 27.534, 23.439, 19.106, 14.939, 11.024, 9.378, 8.094, 7.076, 6.348, 5.677, 4.598, 4.043, 3.119, 2.425, 2.076, 1.635, 1.244, 0.919, 0.68, 0.482, 0.361, 0.247, 0.182, 0.138, 0.098, 0.08, 0.049, 0.408, 0.219, 0.082, 0.029, 0.054, 0.122, 0.067, 0.557, 0.039, 0.243, 0.009, 0.454, 0.639, 0.837, 0.301, 0.41, 0.028, 0.235, 0.299, 0.158, 0.888, 0.838, 2.82, 4.802, 1.238, 5.052, 4.131, 0.771, 0.31, 1.568, 0.872, 1.667, 1.714, 0.822, 0.734, 1.035, 2.258, 1.095, 0.445, 0.907, 0.235, 0.624, 0.345, 0.001, 0.007, 0.619, 1.094, 0.672, 0.339, 0.001, 0.166, 0.287, 0.021, 0.0, 1.319, 0.0, 2.384, 1.964, 2.284, 2.664, 0.936, 0.637, 0.226, 0.234, 0.09, 0.468, 2.105, 1.392, 0.971, 0.681, 0.803, 1.365, 3.105, 2.689, 2.303, 1.108, 0.337, 1.32, 0.908, 0.213, 0.203, 0.385, 1.492, 0.165, 1.205, 1.313, 1.104, 0.99, 0.782, 0.674, 0.674, 0.674, 0.674, 0.674, 0.674, 0.674, 0.674, 0.674, 0.674, 0.674, 0.674, 0.674, 0.674, 0.674, 0.674, 0.674, 0.674]
Test Loss: [99.035, 83.24, 71.696, 58.181, 49.702, 41.762, 36.575, 34.392, 27.843, 21.416, 14.213, 14.57, 12.859, 11.662, 17.177, 13.769, 12.978, 13.57, 9.708, 10.916, 11.106, 10.753, 9.197, 12.252, 12.56, 11.213, 8.692, 12.401, 10.622, 13.472, 13.329, 11.004, 8.968, 8.234, 15.821, 12.898, 7.166, 7.545, 17.021, 10.432, 19.583, 22.337, 14.613, 6.739, 8.368, 14.282, 20.942, 13.54, 22.194, 19.74, 18.237, 16.356, 14.015, 14.691, 26.804, 21.526, 25.115, 13.236, 27.433, 27.783, 22.97, 16.485, 24.565, 11.821, 16.107, 22.259, 23.818, 14.467, 14.939, 12.959, 25.132, 13.256, 20.023, 10.195, 9.549, 16.64, 13.89, 9.493, 19.643, 16.333, 6.562, 7.692, 16.962, 10.261, 14.07, 10.755, 13.731, 17.237, 14.031, 14.728, 5.659, 14.214, 8.649, 11.024, 12.777, 15.279, 13.536, 3.944, 3.965, 5.177, 11.149, 20.769, 3.68, 9.458, 18.51, 18.112, 24.537, 24.911, 11.87, 6.101, 10.129, 10.697, 3.169, 3.729, 11.581, 6.395, 6.14, 19.642, 10.76, 14.192, 14.73, 13.691, 12.852, 12.278, 13.653, 13.751, 15.054, 14.578, 15.34, 15.824, 16.722, 16.404, 16.138, 16.189, 15.877, 16.035, 17.827, 16.493, 15.208, 15.197]
Max test score: 0.48 found at epoch: 13
Max test score shapes: 0.319 found at epoch: 13
