logic loss multiplier: 0.01
Active: MinSizeBackgroundloss True 1 
Active: MaxSizeBackgroundloss True 20 
Active: MinSizeShapesloss True 30 
Active: MaxSizeShapesloss True 1 

Test Scores: [0.239, 0.289, 0.326, 0.332, 0.319, 0.353, 0.362, 0.368, 0.375, 0.374, 0.369, 0.349, 0.346, 0.352, 0.365, 0.368, 0.374, 0.386, 0.387, 0.383, 0.393, 0.416, 0.433, 0.486, 0.486, 0.461, 0.465, 0.489, 0.485, 0.467, 0.426, 0.444, 0.473, 0.437, 0.471, 0.488, 0.499, 0.512, 0.498, 0.485, 0.525, 0.494, 0.521, 0.554, 0.503, 0.552, 0.535, 0.517, 0.563, 0.547, 0.545, 0.56, 0.559, 0.55, 0.559, 0.581, 0.577, 0.591, 0.572, 0.581, 0.589, 0.581, 0.552, 0.554, 0.553, 0.565, 0.551, 0.58, 0.574, 0.569, 0.584, 0.551, 0.555, 0.552, 0.531, 0.587, 0.557, 0.57, 0.587, 0.569, 0.559, 0.56, 0.584, 0.576, 0.586, 0.575, 0.589, 0.572, 0.563, 0.548, 0.56, 0.554, 0.556, 0.573, 0.56, 0.57, 0.566, 0.57, 0.548, 0.553, 0.566, 0.579, 0.57, 0.542, 0.532, 0.526, 0.595, 0.556, 0.583, 0.563, 0.56, 0.563, 0.591, 0.577, 0.592, 0.596, 0.553, 0.554, 0.557, 0.595]
Test Scores w/o background: [0.046, 0.084, 0.119, 0.127, 0.113, 0.148, 0.157, 0.163, 0.17, 0.17, 0.164, 0.138, 0.136, 0.148, 0.16, 0.165, 0.172, 0.189, 0.19, 0.188, 0.2, 0.231, 0.253, 0.321, 0.32, 0.286, 0.292, 0.323, 0.318, 0.294, 0.243, 0.263, 0.301, 0.253, 0.298, 0.32, 0.334, 0.352, 0.332, 0.315, 0.369, 0.327, 0.363, 0.407, 0.339, 0.405, 0.381, 0.358, 0.418, 0.398, 0.394, 0.415, 0.413, 0.402, 0.413, 0.442, 0.438, 0.456, 0.431, 0.443, 0.454, 0.443, 0.403, 0.407, 0.406, 0.421, 0.403, 0.441, 0.433, 0.426, 0.446, 0.402, 0.408, 0.404, 0.376, 0.45, 0.41, 0.428, 0.451, 0.427, 0.413, 0.414, 0.446, 0.435, 0.449, 0.434, 0.454, 0.431, 0.419, 0.399, 0.414, 0.406, 0.409, 0.431, 0.415, 0.427, 0.422, 0.428, 0.398, 0.405, 0.422, 0.439, 0.428, 0.391, 0.377, 0.37, 0.461, 0.409, 0.445, 0.419, 0.414, 0.419, 0.455, 0.437, 0.457, 0.462, 0.405, 0.407, 0.411, 0.461]
Train Scores: [0.248, 0.298, 0.337, 0.34, 0.324, 0.344, 0.353, 0.367, 0.375, 0.377, 0.373, 0.37, 0.368, 0.359, 0.383, 0.383, 0.391, 0.388, 0.38, 0.386, 0.422, 0.44, 0.466, 0.52, 0.536, 0.543, 0.533, 0.558, 0.555, 0.553, 0.521, 0.549, 0.562, 0.52, 0.564, 0.584, 0.583, 0.583, 0.586, 0.555, 0.588, 0.576, 0.595, 0.608, 0.58, 0.627, 0.609, 0.596, 0.628, 0.626, 0.63, 0.648, 0.641, 0.634, 0.649, 0.664, 0.663, 0.664, 0.643, 0.665, 0.663, 0.666, 0.638, 0.639, 0.64, 0.659, 0.644, 0.673, 0.668, 0.651, 0.676, 0.632, 0.646, 0.654, 0.613, 0.677, 0.659, 0.654, 0.671, 0.668, 0.656, 0.659, 0.678, 0.674, 0.682, 0.677, 0.678, 0.665, 0.662, 0.636, 0.661, 0.648, 0.631, 0.673, 0.655, 0.662, 0.665, 0.651, 0.638, 0.629, 0.654, 0.661, 0.672, 0.633, 0.624, 0.623, 0.693, 0.651, 0.676, 0.658, 0.651, 0.661, 0.682, 0.663, 0.659, 0.687, 0.641, 0.648, 0.651, 0.691]
Train Scores w/o background: [0.058, 0.096, 0.133, 0.136, 0.119, 0.136, 0.146, 0.162, 0.17, 0.174, 0.168, 0.166, 0.164, 0.155, 0.183, 0.184, 0.192, 0.19, 0.179, 0.19, 0.237, 0.261, 0.295, 0.365, 0.385, 0.395, 0.381, 0.414, 0.411, 0.409, 0.368, 0.403, 0.42, 0.364, 0.422, 0.449, 0.447, 0.446, 0.451, 0.409, 0.453, 0.437, 0.462, 0.479, 0.442, 0.504, 0.48, 0.463, 0.506, 0.502, 0.508, 0.532, 0.523, 0.513, 0.533, 0.553, 0.552, 0.553, 0.525, 0.555, 0.552, 0.555, 0.518, 0.52, 0.521, 0.547, 0.526, 0.565, 0.558, 0.536, 0.57, 0.51, 0.529, 0.539, 0.485, 0.57, 0.546, 0.54, 0.563, 0.558, 0.542, 0.546, 0.571, 0.566, 0.577, 0.57, 0.572, 0.554, 0.55, 0.516, 0.549, 0.531, 0.509, 0.565, 0.541, 0.55, 0.554, 0.536, 0.519, 0.507, 0.539, 0.549, 0.563, 0.512, 0.5, 0.499, 0.592, 0.535, 0.57, 0.544, 0.536, 0.548, 0.577, 0.552, 0.547, 0.584, 0.523, 0.532, 0.535, 0.589]
Train Loss: [1.024, 0.791, 0.681, 0.601, 0.53, 0.481, 0.442, 0.403, 0.364, 0.35, 0.346, 0.342, 0.339, 0.336, 0.333, 0.33, 0.327, 0.323, 0.319, 0.317, 0.313, 0.309, 0.305, 0.301, 0.297, 0.292, 0.288, 0.283, 0.279, 0.275, 0.272, 0.268, 0.265, 0.262, 0.259, 0.256, 0.253, 0.251, 0.248, 0.246, 0.244, 0.241, 0.239, 0.237, 0.235, 0.233, 0.231, 0.229, 0.227, 0.225, 0.223, 0.221, 0.22, 0.218, 0.216, 0.214, 0.212, 0.21, 0.209, 0.207, 0.205, 0.204, 0.202, 0.201, 0.199, 0.198, 0.196, 0.195, 0.194, 0.192, 0.191, 0.19, 0.189, 0.187, 0.186, 0.185, 0.184, 0.183, 0.182, 0.181, 0.18, 0.179, 0.178, 0.177, 0.176, 0.175, 0.175, 0.174, 0.173, 0.172, 0.172, 0.171, 0.171, 0.17, 0.169, 0.169, 0.168, 0.168, 0.167, 0.167, 0.167, 0.166, 0.166, 0.165, 0.165, 0.164, 0.164, 0.164, 0.163, 0.163, 0.163, 0.163, 0.162, 0.162, 0.162, 0.162, 0.161, 0.161, 0.161, 0.161]
Test Loss: [72.198, 46.756, 34.858, 25.822, 17.737, 12.644, 8.852, 4.998, 1.268, 0.033, 0.01, 0.016, 0.002, 0.0, 0.0, 0.0, 0.0, 0.0, 0.0, 0.0, 0.0, 0.0, 0.0, 0.0, 0.0, 0.0, 0.0, 0.0, 0.0, 0.0, 0.0, 0.0, 0.0, 0.0, 0.0, 0.0, 0.0, 0.0, 0.0, 0.0, 0.0, 0.0, 0.0, 0.0, 0.0, 0.0, 0.0, 0.0, 0.0, 0.0, 0.0, 0.0, 0.0, 0.0, 0.0, 0.0, 0.0, 0.0, 0.0, 0.0, 0.0, 0.0, 0.0, 0.0, 0.0, 0.0, 0.0, 0.0, 0.0, 0.0, 0.0, 0.0, 0.0, 0.0, 0.0, 0.0, 0.0, 0.0, 0.0, 0.0, 0.0, 0.0, 0.0, 0.0, 0.0, 0.0, 0.0, 0.0, 0.0, 0.0, 0.0, 0.008, 0.034, 0.047, 0.028, 0.066, 0.0, 0.066, 0.0, 0.018, 0.13, 0.087, 0.185, 0.048, 0.03, 0.035, 0.005, 0.21, 0.127, 0.037, 0.075, 0.075, 0.108, 0.128, 0.184, 0.166, 0.07, 0.124, 0.112, 0.126]
Max test score: 0.596 found at epoch: 116
Max test score shapes: 0.462 found at epoch: 116
