logic loss multiplier: 0.01
Active: ImageLevelloss True True False 2 
Active: MinSizeBackgroundloss True 1 
Active: MaxSizeBackgroundloss True 20 
Active: MinSizeShapesloss True 30 
Active: MaxSizeShapesloss True 1 

Test Scores: [0.239, 0.289, 0.327, 0.339, 0.333, 0.342, 0.361, 0.365, 0.375, 0.368, 0.352, 0.292, 0.268, 0.277, 0.266, 0.272, 0.286, 0.277, 0.304, 0.325, 0.307, 0.323, 0.336, 0.33, 0.346, 0.369, 0.384, 0.39, 0.393, 0.381, 0.4, 0.442, 0.506, 0.477, 0.513, 0.514, 0.543, 0.52, 0.553, 0.511, 0.532, 0.549, 0.574, 0.583, 0.559, 0.607, 0.619, 0.621, 0.626, 0.615, 0.613, 0.64, 0.655, 0.683, 0.639, 0.681, 0.663, 0.696, 0.696, 0.712, 0.716, 0.684, 0.639, 0.741, 0.651, 0.707, 0.749, 0.744, 0.737, 0.757, 0.703, 0.659, 0.747, 0.696, 0.725, 0.728, 0.76, 0.769, 0.761, 0.737, 0.712, 0.734, 0.757, 0.752, 0.738, 0.712, 0.736, 0.792, 0.72, 0.734, 0.788, 0.682, 0.772, 0.772, 0.748, 0.753, 0.709, 0.707, 0.701, 0.73, 0.695, 0.758, 0.695, 0.72, 0.727, 0.762, 0.737, 0.722, 0.743, 0.755, 0.739, 0.698, 0.744, 0.719, 0.759, 0.771, 0.691, 0.759, 0.739, 0.757]
Test Scores w/o background: [0.046, 0.084, 0.12, 0.134, 0.127, 0.132, 0.154, 0.159, 0.171, 0.163, 0.144, 0.074, 0.044, 0.056, 0.042, 0.05, 0.067, 0.054, 0.089, 0.115, 0.091, 0.11, 0.125, 0.119, 0.138, 0.167, 0.187, 0.196, 0.198, 0.182, 0.207, 0.261, 0.345, 0.307, 0.355, 0.355, 0.394, 0.364, 0.407, 0.351, 0.378, 0.401, 0.434, 0.447, 0.414, 0.478, 0.494, 0.495, 0.503, 0.489, 0.485, 0.521, 0.541, 0.579, 0.52, 0.576, 0.552, 0.596, 0.596, 0.616, 0.622, 0.58, 0.519, 0.656, 0.536, 0.61, 0.667, 0.659, 0.65, 0.677, 0.605, 0.547, 0.663, 0.596, 0.634, 0.638, 0.681, 0.693, 0.682, 0.65, 0.617, 0.646, 0.676, 0.671, 0.651, 0.616, 0.649, 0.723, 0.628, 0.646, 0.718, 0.576, 0.697, 0.697, 0.665, 0.671, 0.613, 0.611, 0.603, 0.641, 0.594, 0.678, 0.594, 0.627, 0.637, 0.684, 0.651, 0.63, 0.658, 0.673, 0.652, 0.599, 0.66, 0.626, 0.679, 0.695, 0.589, 0.68, 0.653, 0.676]
Train Scores: [0.248, 0.298, 0.337, 0.352, 0.339, 0.342, 0.354, 0.363, 0.377, 0.364, 0.358, 0.297, 0.273, 0.284, 0.275, 0.275, 0.289, 0.293, 0.318, 0.322, 0.324, 0.346, 0.363, 0.355, 0.377, 0.404, 0.412, 0.408, 0.425, 0.438, 0.436, 0.485, 0.56, 0.551, 0.592, 0.603, 0.637, 0.603, 0.623, 0.601, 0.647, 0.653, 0.66, 0.687, 0.678, 0.709, 0.709, 0.713, 0.724, 0.729, 0.7, 0.732, 0.732, 0.762, 0.74, 0.79, 0.77, 0.781, 0.775, 0.796, 0.783, 0.78, 0.73, 0.841, 0.756, 0.804, 0.82, 0.8, 0.802, 0.85, 0.785, 0.765, 0.857, 0.758, 0.831, 0.823, 0.843, 0.848, 0.832, 0.834, 0.807, 0.817, 0.856, 0.835, 0.788, 0.804, 0.805, 0.853, 0.792, 0.786, 0.848, 0.797, 0.847, 0.852, 0.831, 0.835, 0.802, 0.812, 0.802, 0.833, 0.769, 0.82, 0.777, 0.792, 0.828, 0.838, 0.804, 0.822, 0.791, 0.836, 0.838, 0.813, 0.845, 0.817, 0.838, 0.834, 0.823, 0.86, 0.845, 0.844]
Train Scores w/o background: [0.058, 0.097, 0.133, 0.151, 0.133, 0.132, 0.146, 0.156, 0.173, 0.158, 0.153, 0.08, 0.05, 0.064, 0.052, 0.052, 0.069, 0.075, 0.107, 0.112, 0.114, 0.141, 0.162, 0.152, 0.18, 0.215, 0.225, 0.222, 0.242, 0.26, 0.256, 0.32, 0.418, 0.406, 0.461, 0.474, 0.52, 0.474, 0.501, 0.47, 0.532, 0.539, 0.549, 0.584, 0.573, 0.613, 0.613, 0.619, 0.634, 0.64, 0.601, 0.644, 0.644, 0.684, 0.655, 0.72, 0.695, 0.709, 0.701, 0.729, 0.711, 0.707, 0.641, 0.789, 0.676, 0.739, 0.76, 0.734, 0.737, 0.801, 0.715, 0.687, 0.811, 0.679, 0.775, 0.765, 0.791, 0.798, 0.776, 0.779, 0.743, 0.757, 0.809, 0.781, 0.718, 0.74, 0.74, 0.805, 0.724, 0.715, 0.798, 0.729, 0.796, 0.803, 0.775, 0.78, 0.737, 0.75, 0.736, 0.778, 0.693, 0.761, 0.703, 0.724, 0.772, 0.784, 0.739, 0.763, 0.722, 0.781, 0.785, 0.752, 0.794, 0.757, 0.784, 0.779, 0.764, 0.814, 0.794, 0.792]
Train Loss: [2.074, 1.644, 1.439, 1.289, 1.153, 1.039, 0.936, 0.836, 0.742, 0.67, 0.609, 0.553, 0.505, 0.465, 0.431, 0.403, 0.38, 0.364, 0.352, 0.342, 0.333, 0.328, 0.313, 0.307, 0.297, 0.291, 0.282, 0.274, 0.267, 0.259, 0.251, 0.242, 0.233, 0.219, 0.212, 0.205, 0.202, 0.197, 0.195, 0.192, 0.188, 0.182, 0.18, 0.179, 0.177, 0.176, 0.173, 0.174, 0.171, 0.17, 0.169, 0.169, 0.167, 0.168, 0.166, 0.165, 0.165, 0.164, 0.163, 0.163, 0.163, 0.163, 0.162, 0.162, 0.162, 0.162, 0.161, 0.161, 0.161, 0.161, 0.161, 0.161, 0.161, 0.16, 0.16, 0.16, 0.16, 0.16, 0.16, 0.16, 0.159, 0.159, 0.159, 0.159, 0.159, 0.159, 0.159, 0.159, 0.159, 0.159, 0.159, 0.159, 0.16, 0.159, 0.159, 0.158, 0.158, 0.158, 0.158, 0.158, 0.158, 0.158, 0.158, 0.158, 0.158, 0.159, 0.158, 0.158, 0.158, 0.158, 0.158, 0.158, 0.158, 0.158, 0.158, 0.158, 0.158, 0.158, 0.158, 0.158]
Test Loss: [204.852, 153.975, 130.168, 112.037, 95.723, 82.349, 70.552, 59.119, 48.265, 40.262, 33.65, 27.316, 21.865, 17.809, 14.625, 12.279, 10.605, 9.508, 8.72, 8.401, 8.168, 7.86, 7.779, 8.111, 7.641, 6.918, 7.691, 6.777, 6.345, 6.841, 6.617, 6.068, 5.479, 5.325, 5.535, 4.497, 4.415, 5.029, 4.622, 4.072, 4.479, 5.104, 3.355, 3.823, 3.254, 4.468, 3.046, 2.623, 3.094, 3.096, 2.661, 3.948, 4.212, 3.214, 2.043, 2.989, 2.337, 2.316, 1.629, 2.049, 2.22, 3.302, 2.576, 2.119, 3.123, 3.39, 3.104, 2.12, 2.372, 3.333, 2.773, 2.778, 3.247, 2.635, 2.561, 2.301, 3.082, 2.396, 2.978, 3.184, 1.997, 2.476, 2.368, 2.369, 2.434, 2.042, 2.463, 2.33, 2.645, 1.457, 2.694, 2.427, 2.455, 2.944, 2.84, 1.861, 2.071, 2.498, 2.537, 2.32, 3.08, 3.402, 1.285, 2.39, 3.733, 1.5, 2.212, 4.224, 2.196, 1.758, 2.117, 2.431, 2.774, 2.98, 1.633, 1.972, 1.378, 3.419, 2.253, 2.473]
Max test score: 0.792 found at epoch: 88
Max test score shapes: 0.723 found at epoch: 88
