logic loss multiplier: 0.01
Active: OneHotloss True 10 
Active: MinSizeBackgroundloss True 1 
Active: MaxSizeBackgroundloss True 20 
Active: MinSizeShapesloss True 30 
Active: MaxSizeShapesloss True 1 

Test Scores: [0.237, 0.282, 0.316, 0.328, 0.312, 0.336, 0.343, 0.351, 0.352, 0.332, 0.322, 0.358, 0.394, 0.367, 0.444, 0.488, 0.494, 0.481, 0.503, 0.471, 0.529, 0.465, 0.473, 0.591, 0.59, 0.575, 0.498, 0.579, 0.564, 0.507, 0.548, 0.545, 0.59, 0.535, 0.545, 0.624, 0.555, 0.593, 0.567, 0.528, 0.636, 0.55, 0.622, 0.579, 0.556, 0.585, 0.579, 0.606, 0.595, 0.56, 0.503, 0.603, 0.634, 0.528, 0.615, 0.577, 0.637, 0.621, 0.62, 0.636, 0.626, 0.601, 0.524, 0.55, 0.597, 0.594, 0.588, 0.601, 0.626, 0.523, 0.649, 0.615, 0.628, 0.558, 0.588, 0.616, 0.62, 0.625, 0.611, 0.578, 0.597, 0.602, 0.611, 0.64, 0.643, 0.61, 0.604, 0.634, 0.612, 0.558, 0.63, 0.565, 0.559, 0.598, 0.622, 0.626, 0.62, 0.636, 0.594, 0.53, 0.577, 0.606, 0.6, 0.621, 0.589, 0.574, 0.607, 0.567, 0.604, 0.592, 0.582, 0.616, 0.587, 0.556, 0.582, 0.573, 0.625, 0.624, 0.581, 0.638]
Test Scores w/o background: [0.045, 0.078, 0.108, 0.122, 0.107, 0.133, 0.138, 0.146, 0.145, 0.124, 0.117, 0.155, 0.201, 0.17, 0.266, 0.322, 0.329, 0.311, 0.34, 0.298, 0.375, 0.288, 0.299, 0.457, 0.455, 0.434, 0.332, 0.44, 0.42, 0.343, 0.398, 0.394, 0.454, 0.381, 0.395, 0.499, 0.408, 0.459, 0.423, 0.371, 0.516, 0.401, 0.497, 0.44, 0.409, 0.448, 0.44, 0.476, 0.461, 0.414, 0.338, 0.471, 0.512, 0.372, 0.487, 0.437, 0.517, 0.496, 0.494, 0.515, 0.502, 0.469, 0.367, 0.401, 0.463, 0.46, 0.452, 0.468, 0.502, 0.364, 0.533, 0.488, 0.505, 0.412, 0.451, 0.488, 0.494, 0.501, 0.482, 0.438, 0.464, 0.47, 0.482, 0.52, 0.524, 0.48, 0.473, 0.513, 0.483, 0.412, 0.507, 0.42, 0.413, 0.465, 0.497, 0.502, 0.493, 0.516, 0.459, 0.374, 0.437, 0.476, 0.467, 0.495, 0.452, 0.433, 0.476, 0.423, 0.472, 0.457, 0.444, 0.489, 0.45, 0.409, 0.443, 0.431, 0.5, 0.5, 0.441, 0.518]
Train Scores: [0.246, 0.29, 0.326, 0.339, 0.319, 0.33, 0.342, 0.355, 0.362, 0.35, 0.332, 0.367, 0.414, 0.4, 0.487, 0.524, 0.529, 0.533, 0.559, 0.519, 0.592, 0.548, 0.558, 0.653, 0.638, 0.639, 0.579, 0.628, 0.639, 0.588, 0.605, 0.616, 0.662, 0.591, 0.613, 0.682, 0.629, 0.64, 0.638, 0.596, 0.696, 0.638, 0.684, 0.677, 0.656, 0.656, 0.663, 0.692, 0.684, 0.628, 0.589, 0.687, 0.691, 0.619, 0.698, 0.656, 0.706, 0.678, 0.694, 0.714, 0.694, 0.69, 0.598, 0.649, 0.678, 0.692, 0.677, 0.681, 0.667, 0.61, 0.688, 0.692, 0.718, 0.651, 0.682, 0.716, 0.685, 0.685, 0.694, 0.671, 0.692, 0.699, 0.687, 0.72, 0.714, 0.694, 0.68, 0.688, 0.662, 0.614, 0.693, 0.662, 0.646, 0.696, 0.695, 0.699, 0.695, 0.716, 0.686, 0.651, 0.67, 0.685, 0.687, 0.721, 0.681, 0.65, 0.712, 0.673, 0.698, 0.676, 0.678, 0.708, 0.704, 0.665, 0.683, 0.671, 0.717, 0.693, 0.676, 0.709]
Train Scores w/o background: [0.056, 0.088, 0.122, 0.136, 0.115, 0.124, 0.136, 0.149, 0.157, 0.145, 0.125, 0.165, 0.227, 0.212, 0.321, 0.37, 0.375, 0.38, 0.414, 0.362, 0.458, 0.398, 0.413, 0.538, 0.518, 0.52, 0.44, 0.505, 0.52, 0.452, 0.474, 0.489, 0.55, 0.456, 0.486, 0.577, 0.507, 0.521, 0.519, 0.462, 0.595, 0.518, 0.58, 0.57, 0.543, 0.542, 0.551, 0.59, 0.579, 0.505, 0.453, 0.584, 0.589, 0.492, 0.598, 0.542, 0.609, 0.571, 0.593, 0.619, 0.592, 0.587, 0.465, 0.533, 0.572, 0.59, 0.57, 0.576, 0.556, 0.48, 0.585, 0.59, 0.624, 0.535, 0.577, 0.621, 0.58, 0.58, 0.593, 0.561, 0.59, 0.599, 0.584, 0.627, 0.619, 0.593, 0.574, 0.585, 0.55, 0.486, 0.591, 0.55, 0.529, 0.596, 0.594, 0.6, 0.594, 0.622, 0.582, 0.536, 0.56, 0.58, 0.583, 0.629, 0.575, 0.534, 0.616, 0.565, 0.598, 0.568, 0.571, 0.612, 0.606, 0.553, 0.579, 0.562, 0.624, 0.592, 0.569, 0.613]
Train Loss: [1.082, 0.845, 0.734, 0.652, 0.58, 0.528, 0.487, 0.444, 0.401, 0.375, 0.362, 0.349, 0.335, 0.322, 0.31, 0.294, 0.28, 0.267, 0.258, 0.252, 0.244, 0.239, 0.229, 0.225, 0.219, 0.213, 0.207, 0.204, 0.199, 0.195, 0.192, 0.19, 0.186, 0.183, 0.181, 0.179, 0.177, 0.175, 0.174, 0.172, 0.171, 0.169, 0.169, 0.167, 0.167, 0.166, 0.165, 0.164, 0.163, 0.163, 0.162, 0.162, 0.162, 0.161, 0.161, 0.16, 0.16, 0.16, 0.16, 0.159, 0.159, 0.159, 0.159, 0.159, 0.158, 0.158, 0.158, 0.158, 0.159, 0.159, 0.159, 0.158, 0.158, 0.158, 0.159, 0.158, 0.158, 0.16, 0.158, 0.158, 0.157, 0.157, 0.157, 0.157, 0.158, 0.158, 0.157, 0.157, 0.157, 0.157, 0.157, 0.157, 0.157, 0.157, 0.157, 0.157, 0.157, 0.157, 0.157, 0.157, 0.157, 0.157, 0.157, 0.157, 0.157, 0.157, 0.157, 0.157, 0.157, 0.157, 0.157, 0.157, 0.157, 0.157, 0.157, 0.157, 0.157, 0.157, 0.157, 0.156]
Test Loss: [79.47, 53.511, 41.455, 32.227, 23.988, 18.615, 14.521, 10.417, 6.251, 4.204, 3.747, 3.357, 3.0, 2.669, 2.381, 2.152, 1.908, 1.703, 1.491, 1.314, 1.166, 1.04, 0.928, 0.821, 0.729, 0.65, 0.575, 0.513, 0.454, 0.411, 0.364, 0.322, 0.291, 0.262, 0.234, 0.212, 0.191, 0.198, 0.17, 0.153, 0.25, 0.137, 0.104, 0.174, 0.257, 0.208, 0.205, 0.201, 0.157, 0.332, 0.22, 0.25, 0.217, 0.277, 0.463, 0.483, 0.256, 0.244, 0.514, 0.117, 0.132, 0.157, 0.129, 0.067, 0.289, 0.254, 0.216, 0.236, 0.142, 0.439, 0.365, 0.141, 0.206, 0.465, 0.209, 0.199, 0.358, 0.453, 0.09, 0.048, 0.045, 0.039, 0.063, 0.235, 0.011, 0.268, 0.328, 0.14, 0.318, 0.214, 0.134, 0.287, 0.233, 0.268, 0.329, 0.038, 0.282, 0.178, 0.118, 0.01, 0.009, 0.063, 0.009, 0.009, 0.225, 0.327, 0.102, 0.008, 0.034, 0.243, 0.193, 0.273, 0.092, 0.095, 0.262, 0.377, 0.148, 0.174, 0.148, 0.301]
Max test score: 0.649 found at epoch: 71
Max test score shapes: 0.533 found at epoch: 71
