logic loss multiplier: 0
Active: ImageLevelloss True True False 2 

Test Scores: [0.085, 0.169, 0.195, 0.223, 0.241, 0.246, 0.259, 0.282, 0.283, 0.3, 0.307, 0.306, 0.304, 0.309, 0.351, 0.343, 0.364, 0.368, 0.389, 0.364, 0.385, 0.416, 0.421, 0.44, 0.456, 0.459, 0.452, 0.453, 0.446, 0.476, 0.442, 0.459, 0.468, 0.456, 0.467, 0.488, 0.468, 0.462, 0.516, 0.491, 0.477, 0.485, 0.478, 0.498, 0.502, 0.495, 0.504, 0.489, 0.505, 0.514, 0.509, 0.522, 0.502, 0.522, 0.492, 0.507, 0.516, 0.515, 0.513, 0.524, 0.519, 0.518, 0.528, 0.517, 0.522, 0.525, 0.548, 0.541, 0.52, 0.549, 0.53, 0.533, 0.523, 0.539, 0.525, 0.502, 0.535, 0.527, 0.499, 0.538, 0.551, 0.55, 0.531, 0.539, 0.552, 0.525, 0.548, 0.537, 0.547, 0.544, 0.553, 0.542, 0.555, 0.546, 0.526, 0.514, 0.535, 0.544, 0.548, 0.542, 0.547, 0.525, 0.557, 0.556, 0.555, 0.529, 0.503, 0.55, 0.542, 0.539, 0.532, 0.547, 0.554, 0.536, 0.54, 0.555, 0.55, 0.547, 0.551, 0.543]
Test Scores w/o background: [0.041, 0.064, 0.071, 0.067, 0.066, 0.062, 0.07, 0.091, 0.095, 0.111, 0.118, 0.11, 0.108, 0.112, 0.163, 0.148, 0.171, 0.175, 0.202, 0.171, 0.194, 0.232, 0.237, 0.261, 0.281, 0.286, 0.276, 0.276, 0.267, 0.307, 0.262, 0.284, 0.295, 0.279, 0.295, 0.322, 0.295, 0.287, 0.358, 0.325, 0.307, 0.316, 0.307, 0.333, 0.339, 0.329, 0.34, 0.321, 0.342, 0.353, 0.348, 0.365, 0.338, 0.365, 0.325, 0.345, 0.356, 0.355, 0.353, 0.367, 0.36, 0.359, 0.372, 0.357, 0.363, 0.369, 0.398, 0.389, 0.362, 0.4, 0.375, 0.378, 0.365, 0.387, 0.368, 0.337, 0.381, 0.371, 0.333, 0.385, 0.402, 0.402, 0.376, 0.387, 0.404, 0.367, 0.399, 0.383, 0.396, 0.393, 0.404, 0.39, 0.407, 0.395, 0.369, 0.352, 0.381, 0.393, 0.398, 0.39, 0.397, 0.368, 0.411, 0.408, 0.408, 0.373, 0.338, 0.401, 0.39, 0.386, 0.376, 0.397, 0.406, 0.382, 0.388, 0.407, 0.401, 0.397, 0.402, 0.391]
Train Scores: [0.078, 0.165, 0.196, 0.231, 0.254, 0.267, 0.28, 0.298, 0.302, 0.316, 0.323, 0.32, 0.324, 0.334, 0.369, 0.382, 0.405, 0.406, 0.418, 0.405, 0.422, 0.459, 0.477, 0.496, 0.492, 0.496, 0.494, 0.506, 0.49, 0.5, 0.463, 0.502, 0.508, 0.49, 0.495, 0.532, 0.523, 0.5, 0.542, 0.535, 0.511, 0.526, 0.527, 0.535, 0.579, 0.538, 0.538, 0.548, 0.551, 0.557, 0.579, 0.579, 0.571, 0.599, 0.591, 0.605, 0.591, 0.576, 0.559, 0.606, 0.567, 0.603, 0.623, 0.604, 0.619, 0.614, 0.633, 0.621, 0.62, 0.618, 0.629, 0.617, 0.621, 0.641, 0.614, 0.605, 0.633, 0.608, 0.59, 0.633, 0.643, 0.653, 0.614, 0.632, 0.636, 0.63, 0.632, 0.631, 0.634, 0.638, 0.649, 0.656, 0.654, 0.648, 0.599, 0.613, 0.643, 0.632, 0.645, 0.635, 0.64, 0.633, 0.654, 0.658, 0.628, 0.636, 0.578, 0.65, 0.649, 0.646, 0.629, 0.645, 0.651, 0.626, 0.615, 0.655, 0.651, 0.641, 0.651, 0.63]
Train Scores w/o background: [0.029, 0.056, 0.07, 0.077, 0.083, 0.088, 0.097, 0.112, 0.12, 0.132, 0.14, 0.13, 0.135, 0.145, 0.187, 0.199, 0.225, 0.226, 0.241, 0.224, 0.243, 0.288, 0.311, 0.335, 0.329, 0.334, 0.332, 0.348, 0.326, 0.339, 0.29, 0.34, 0.349, 0.324, 0.332, 0.38, 0.367, 0.338, 0.392, 0.382, 0.351, 0.371, 0.371, 0.382, 0.441, 0.386, 0.386, 0.399, 0.403, 0.412, 0.441, 0.44, 0.43, 0.466, 0.456, 0.474, 0.456, 0.437, 0.414, 0.476, 0.425, 0.472, 0.498, 0.473, 0.493, 0.487, 0.511, 0.495, 0.494, 0.492, 0.507, 0.49, 0.495, 0.522, 0.487, 0.475, 0.512, 0.479, 0.454, 0.511, 0.525, 0.539, 0.486, 0.51, 0.515, 0.507, 0.51, 0.509, 0.513, 0.519, 0.533, 0.542, 0.54, 0.531, 0.466, 0.485, 0.524, 0.51, 0.527, 0.514, 0.521, 0.512, 0.54, 0.544, 0.505, 0.515, 0.438, 0.534, 0.533, 0.529, 0.506, 0.528, 0.535, 0.503, 0.487, 0.541, 0.536, 0.522, 0.535, 0.508]
Train Loss: [0.483, 0.471, 0.46, 0.449, 0.441, 0.434, 0.426, 0.419, 0.413, 0.407, 0.401, 0.396, 0.39, 0.386, 0.381, 0.377, 0.374, 0.37, 0.367, 0.364, 0.362, 0.359, 0.357, 0.354, 0.351, 0.349, 0.346, 0.344, 0.341, 0.339, 0.336, 0.334, 0.331, 0.329, 0.326, 0.324, 0.321, 0.319, 0.316, 0.313, 0.311, 0.308, 0.306, 0.303, 0.3, 0.298, 0.295, 0.293, 0.29, 0.288, 0.285, 0.283, 0.28, 0.278, 0.275, 0.273, 0.27, 0.268, 0.265, 0.263, 0.26, 0.258, 0.256, 0.253, 0.251, 0.249, 0.246, 0.244, 0.242, 0.239, 0.237, 0.235, 0.233, 0.231, 0.229, 0.226, 0.224, 0.222, 0.22, 0.218, 0.216, 0.215, 0.213, 0.211, 0.209, 0.207, 0.206, 0.204, 0.202, 0.201, 0.199, 0.197, 0.196, 0.194, 0.193, 0.192, 0.19, 0.189, 0.187, 0.186, 0.185, 0.184, 0.183, 0.181, 0.18, 0.179, 0.178, 0.177, 0.176, 0.175, 0.175, 0.174, 0.173, 0.172, 0.171, 0.171, 0.17, 0.169, 0.169, 0.168]
Test Loss: [146.275, 140.518, 134.015, 128.194, 122.626, 118.094, 113.813, 109.74, 107.031, 104.196, 102.015, 100.015, 98.327, 96.529, 94.919, 92.955, 90.991, 89.164, 87.292, 85.427, 83.76, 82.126, 80.459, 78.641, 77.129, 75.457, 73.728, 72.105, 70.454, 68.767, 67.09, 65.428, 63.865, 62.314, 60.73, 59.129, 57.527, 55.785, 54.246, 52.757, 51.044, 49.586, 47.971, 46.387, 44.905, 43.48, 42.065, 40.757, 39.447, 37.895, 36.661, 35.6, 34.052, 33.096, 31.566, 30.33, 29.495, 28.512, 27.32, 25.917, 24.968, 23.746, 22.855, 22.285, 21.114, 20.701, 19.492, 18.643, 18.383, 17.019, 16.952, 16.104, 14.896, 15.252, 14.084, 13.638, 13.451, 12.97, 12.533, 12.415, 11.795, 11.432, 10.891, 10.682, 10.307, 10.293, 10.664, 9.299, 9.49, 8.917, 9.426, 9.428, 8.779, 8.863, 8.331, 7.866, 7.964, 7.573, 8.14, 7.294, 7.187, 6.863, 6.742, 7.637, 6.946, 6.529, 6.185, 7.181, 7.985, 7.526, 6.705, 6.66, 6.024, 7.607, 7.451, 6.462, 6.285, 6.011, 6.102, 6.291]
Max test score: 0.557 found at epoch: 103
Max test score shapes: 0.411 found at epoch: 103
