logic loss multiplier: 0.01
Active: ImageLevelloss True True False 2 
Active: OneHotloss True 10 
Active: MinSizeBackgroundloss True 1 
Active: MaxSizeBackgroundloss True 20 
Active: MinSizeShapesloss True 30 
Active: MaxSizeShapesloss True 1 

Test Scores: [0.238, 0.285, 0.32, 0.334, 0.322, 0.346, 0.362, 0.365, 0.372, 0.367, 0.368, 0.321, 0.287, 0.285, 0.288, 0.294, 0.34, 0.293, 0.302, 0.297, 0.294, 0.331, 0.319, 0.317, 0.346, 0.373, 0.353, 0.364, 0.406, 0.501, 0.477, 0.486, 0.545, 0.502, 0.564, 0.553, 0.566, 0.549, 0.541, 0.61, 0.626, 0.57, 0.621, 0.619, 0.654, 0.631, 0.653, 0.669, 0.657, 0.693, 0.704, 0.708, 0.741, 0.659, 0.652, 0.671, 0.715, 0.706, 0.716, 0.748, 0.735, 0.707, 0.665, 0.682, 0.708, 0.68, 0.751, 0.705, 0.693, 0.754, 0.722, 0.756, 0.72, 0.763, 0.745, 0.758, 0.759, 0.764, 0.753, 0.679, 0.724, 0.727, 0.718, 0.784, 0.764, 0.765, 0.743, 0.794, 0.761, 0.731, 0.791, 0.762, 0.756, 0.797, 0.757, 0.769, 0.743, 0.787, 0.716, 0.751, 0.743, 0.786, 0.764, 0.766, 0.804, 0.757, 0.824, 0.722, 0.78, 0.792, 0.769, 0.785, 0.77, 0.769, 0.818, 0.791, 0.744, 0.747, 0.79, 0.768]
Test Scores w/o background: [0.045, 0.081, 0.113, 0.129, 0.117, 0.139, 0.156, 0.16, 0.167, 0.163, 0.163, 0.111, 0.068, 0.067, 0.069, 0.076, 0.133, 0.074, 0.086, 0.08, 0.075, 0.122, 0.105, 0.104, 0.139, 0.175, 0.146, 0.162, 0.216, 0.339, 0.307, 0.319, 0.397, 0.339, 0.422, 0.406, 0.423, 0.401, 0.39, 0.481, 0.503, 0.429, 0.496, 0.494, 0.541, 0.509, 0.539, 0.56, 0.544, 0.592, 0.606, 0.612, 0.655, 0.547, 0.536, 0.562, 0.621, 0.609, 0.622, 0.664, 0.647, 0.611, 0.555, 0.577, 0.612, 0.574, 0.669, 0.608, 0.592, 0.672, 0.631, 0.675, 0.628, 0.685, 0.66, 0.679, 0.68, 0.686, 0.672, 0.573, 0.632, 0.637, 0.625, 0.713, 0.686, 0.687, 0.658, 0.726, 0.682, 0.642, 0.722, 0.683, 0.676, 0.731, 0.677, 0.693, 0.659, 0.716, 0.622, 0.669, 0.658, 0.715, 0.686, 0.688, 0.739, 0.677, 0.766, 0.63, 0.707, 0.723, 0.693, 0.713, 0.694, 0.693, 0.758, 0.722, 0.66, 0.663, 0.721, 0.691]
Train Scores: [0.247, 0.294, 0.331, 0.35, 0.328, 0.343, 0.353, 0.364, 0.374, 0.362, 0.368, 0.331, 0.289, 0.291, 0.295, 0.305, 0.35, 0.319, 0.33, 0.314, 0.334, 0.347, 0.361, 0.347, 0.377, 0.388, 0.403, 0.429, 0.451, 0.57, 0.572, 0.578, 0.625, 0.592, 0.679, 0.663, 0.674, 0.689, 0.664, 0.695, 0.723, 0.701, 0.756, 0.732, 0.773, 0.755, 0.767, 0.785, 0.769, 0.796, 0.795, 0.796, 0.831, 0.784, 0.787, 0.817, 0.831, 0.832, 0.836, 0.855, 0.839, 0.814, 0.797, 0.824, 0.811, 0.789, 0.862, 0.814, 0.793, 0.863, 0.822, 0.851, 0.823, 0.857, 0.851, 0.868, 0.868, 0.869, 0.853, 0.83, 0.854, 0.832, 0.852, 0.888, 0.845, 0.866, 0.854, 0.878, 0.867, 0.844, 0.882, 0.876, 0.869, 0.893, 0.878, 0.864, 0.859, 0.885, 0.856, 0.866, 0.858, 0.882, 0.863, 0.873, 0.878, 0.868, 0.899, 0.852, 0.871, 0.88, 0.87, 0.895, 0.89, 0.873, 0.891, 0.882, 0.858, 0.848, 0.873, 0.888]
Train Scores w/o background: [0.057, 0.092, 0.128, 0.148, 0.123, 0.134, 0.145, 0.158, 0.169, 0.157, 0.165, 0.123, 0.071, 0.073, 0.078, 0.089, 0.146, 0.107, 0.122, 0.101, 0.127, 0.143, 0.161, 0.143, 0.181, 0.195, 0.214, 0.249, 0.276, 0.431, 0.433, 0.442, 0.502, 0.459, 0.575, 0.553, 0.567, 0.587, 0.554, 0.596, 0.632, 0.603, 0.676, 0.644, 0.699, 0.675, 0.69, 0.714, 0.693, 0.729, 0.727, 0.728, 0.776, 0.713, 0.717, 0.757, 0.775, 0.776, 0.782, 0.807, 0.787, 0.752, 0.731, 0.767, 0.749, 0.72, 0.817, 0.753, 0.725, 0.818, 0.763, 0.802, 0.765, 0.81, 0.802, 0.825, 0.825, 0.826, 0.804, 0.774, 0.806, 0.777, 0.804, 0.852, 0.794, 0.822, 0.806, 0.839, 0.824, 0.793, 0.844, 0.835, 0.826, 0.858, 0.838, 0.819, 0.813, 0.848, 0.809, 0.822, 0.811, 0.844, 0.817, 0.831, 0.838, 0.825, 0.865, 0.803, 0.828, 0.841, 0.827, 0.861, 0.854, 0.831, 0.855, 0.843, 0.812, 0.798, 0.831, 0.852]
Train Loss: [2.132, 1.697, 1.492, 1.34, 1.203, 1.087, 0.982, 0.876, 0.78, 0.703, 0.641, 0.58, 0.529, 0.483, 0.445, 0.414, 0.388, 0.368, 0.353, 0.338, 0.327, 0.318, 0.311, 0.3, 0.291, 0.285, 0.273, 0.263, 0.256, 0.24, 0.224, 0.214, 0.209, 0.203, 0.197, 0.192, 0.188, 0.187, 0.182, 0.181, 0.177, 0.176, 0.175, 0.172, 0.17, 0.17, 0.168, 0.167, 0.166, 0.166, 0.165, 0.165, 0.164, 0.164, 0.163, 0.163, 0.163, 0.162, 0.162, 0.162, 0.162, 0.161, 0.161, 0.161, 0.161, 0.161, 0.16, 0.16, 0.16, 0.16, 0.16, 0.16, 0.16, 0.16, 0.16, 0.16, 0.16, 0.159, 0.159, 0.159, 0.159, 0.159, 0.159, 0.159, 0.159, 0.159, 0.158, 0.158, 0.158, 0.158, 0.158, 0.158, 0.158, 0.158, 0.158, 0.158, 0.158, 0.158, 0.158, 0.158, 0.158, 0.158, 0.158, 0.158, 0.158, 0.158, 0.158, 0.158, 0.158, 0.158, 0.158, 0.158, 0.158, 0.158, 0.158, 0.158, 0.158, 0.158, 0.158, 0.158]
Test Loss: [212.127, 160.738, 136.777, 118.468, 101.937, 88.439, 76.287, 64.371, 53.058, 44.779, 37.751, 31.629, 25.248, 20.724, 17.088, 14.232, 12.222, 11.309, 10.377, 10.676, 9.724, 9.126, 9.144, 8.352, 8.399, 9.138, 8.181, 7.418, 7.716, 7.173, 6.742, 6.506, 6.252, 5.879, 6.353, 5.058, 5.305, 5.442, 6.13, 5.02, 4.619, 4.224, 4.864, 3.938, 3.585, 3.699, 4.837, 3.859, 3.654, 4.116, 3.193, 3.142, 3.309, 4.237, 3.674, 2.835, 3.541, 3.909, 2.615, 3.686, 3.057, 2.994, 2.918, 2.596, 3.601, 3.238, 2.851, 2.561, 3.862, 3.252, 3.536, 3.249, 2.28, 2.735, 2.881, 3.286, 4.066, 1.988, 3.038, 3.21, 2.795, 3.348, 3.267, 2.336, 2.274, 2.878, 2.718, 3.524, 2.644, 3.486, 2.299, 2.634, 3.532, 3.444, 3.207, 2.632, 2.314, 2.835, 3.557, 2.424, 2.148, 2.042, 2.749, 3.283, 1.812, 2.63, 2.723, 3.017, 2.714, 2.476, 2.263, 2.268, 3.102, 2.614, 3.379, 1.748, 3.605, 3.787, 2.555, 2.452]
Max test score: 0.824 found at epoch: 107
Max test score shapes: 0.766 found at epoch: 107
