logic loss multiplier: 0.05
Active: ImageLevelloss True True False 2 
Active: OneHotloss True 10 
Active: MinSizeBackgroundloss True 1 
Active: MaxSizeBackgroundloss True 20 
Active: MinSizeShapesloss True 30 
Active: MaxSizeShapesloss True 1 

Test Scores: [0.236, 0.283, 0.315, 0.335, 0.337, 0.357, 0.359, 0.355, 0.355, 0.351, 0.346, 0.289, 0.28, 0.281, 0.289, 0.286, 0.295, 0.305, 0.291, 0.292, 0.294, 0.31, 0.302, 0.304, 0.307, 0.314, 0.337, 0.343, 0.349, 0.342, 0.376, 0.413, 0.499, 0.452, 0.492, 0.516, 0.534, 0.541, 0.528, 0.538, 0.513, 0.546, 0.546, 0.578, 0.549, 0.56, 0.569, 0.627, 0.605, 0.608, 0.572, 0.628, 0.603, 0.603, 0.613, 0.615, 0.641, 0.658, 0.67, 0.703, 0.713, 0.648, 0.616, 0.647, 0.711, 0.709, 0.658, 0.706, 0.692, 0.701, 0.664, 0.705, 0.684, 0.67, 0.709, 0.739, 0.729, 0.671, 0.698, 0.705, 0.775, 0.729, 0.749, 0.732, 0.706, 0.717, 0.715, 0.745, 0.707, 0.729, 0.706, 0.718, 0.69, 0.779, 0.73, 0.727, 0.727, 0.743, 0.72, 0.743, 0.697, 0.721, 0.727, 0.735, 0.716, 0.709, 0.734, 0.748, 0.715, 0.703, 0.74, 0.706, 0.753, 0.695, 0.749, 0.747, 0.724, 0.733, 0.748, 0.724]
Test Scores w/o background: [0.045, 0.078, 0.109, 0.129, 0.131, 0.154, 0.154, 0.149, 0.148, 0.143, 0.137, 0.071, 0.062, 0.061, 0.071, 0.067, 0.078, 0.09, 0.074, 0.073, 0.076, 0.094, 0.085, 0.086, 0.09, 0.099, 0.128, 0.134, 0.142, 0.133, 0.175, 0.224, 0.337, 0.275, 0.327, 0.358, 0.381, 0.391, 0.374, 0.387, 0.355, 0.397, 0.397, 0.44, 0.401, 0.415, 0.428, 0.504, 0.475, 0.478, 0.43, 0.505, 0.472, 0.472, 0.485, 0.488, 0.522, 0.545, 0.561, 0.605, 0.618, 0.531, 0.489, 0.53, 0.616, 0.613, 0.545, 0.609, 0.59, 0.602, 0.553, 0.607, 0.58, 0.561, 0.613, 0.653, 0.64, 0.563, 0.598, 0.607, 0.701, 0.64, 0.666, 0.644, 0.608, 0.623, 0.621, 0.661, 0.61, 0.639, 0.608, 0.625, 0.588, 0.706, 0.641, 0.637, 0.636, 0.658, 0.627, 0.659, 0.596, 0.629, 0.637, 0.648, 0.622, 0.612, 0.646, 0.665, 0.621, 0.604, 0.655, 0.608, 0.672, 0.594, 0.666, 0.664, 0.633, 0.645, 0.664, 0.633]
Train Scores: [0.246, 0.291, 0.326, 0.351, 0.339, 0.35, 0.361, 0.361, 0.368, 0.356, 0.36, 0.289, 0.282, 0.289, 0.289, 0.294, 0.294, 0.317, 0.315, 0.315, 0.322, 0.336, 0.335, 0.338, 0.349, 0.35, 0.37, 0.383, 0.406, 0.416, 0.436, 0.505, 0.598, 0.554, 0.579, 0.618, 0.627, 0.642, 0.638, 0.636, 0.619, 0.669, 0.655, 0.685, 0.677, 0.694, 0.701, 0.748, 0.728, 0.75, 0.732, 0.738, 0.741, 0.732, 0.75, 0.73, 0.781, 0.745, 0.798, 0.777, 0.824, 0.788, 0.72, 0.774, 0.825, 0.806, 0.807, 0.792, 0.821, 0.825, 0.776, 0.811, 0.811, 0.808, 0.797, 0.864, 0.851, 0.783, 0.825, 0.832, 0.868, 0.854, 0.842, 0.83, 0.806, 0.83, 0.842, 0.863, 0.802, 0.821, 0.85, 0.837, 0.838, 0.883, 0.834, 0.818, 0.826, 0.861, 0.859, 0.862, 0.781, 0.841, 0.827, 0.847, 0.837, 0.836, 0.859, 0.855, 0.826, 0.824, 0.875, 0.856, 0.871, 0.847, 0.854, 0.859, 0.853, 0.844, 0.853, 0.85]
Train Scores w/o background: [0.057, 0.09, 0.123, 0.149, 0.134, 0.143, 0.155, 0.155, 0.164, 0.15, 0.156, 0.071, 0.063, 0.07, 0.07, 0.077, 0.076, 0.106, 0.103, 0.103, 0.112, 0.129, 0.128, 0.13, 0.147, 0.147, 0.172, 0.189, 0.218, 0.233, 0.256, 0.346, 0.469, 0.411, 0.443, 0.493, 0.506, 0.526, 0.52, 0.517, 0.496, 0.561, 0.543, 0.582, 0.571, 0.593, 0.603, 0.665, 0.638, 0.668, 0.643, 0.652, 0.657, 0.643, 0.668, 0.641, 0.709, 0.662, 0.732, 0.704, 0.766, 0.718, 0.628, 0.7, 0.768, 0.742, 0.744, 0.723, 0.762, 0.768, 0.702, 0.749, 0.749, 0.745, 0.73, 0.819, 0.802, 0.711, 0.767, 0.777, 0.825, 0.806, 0.79, 0.774, 0.742, 0.775, 0.79, 0.818, 0.736, 0.762, 0.801, 0.784, 0.785, 0.845, 0.779, 0.758, 0.769, 0.815, 0.813, 0.817, 0.709, 0.788, 0.771, 0.796, 0.783, 0.782, 0.813, 0.807, 0.769, 0.766, 0.834, 0.809, 0.828, 0.797, 0.807, 0.813, 0.804, 0.793, 0.805, 0.801]
Train Loss: [8.831, 6.791, 5.839, 5.134, 4.473, 3.932, 3.436, 2.929, 2.463, 2.111, 1.815, 1.53, 1.293, 1.1, 0.938, 0.812, 0.719, 0.646, 0.599, 0.572, 0.538, 0.509, 0.486, 0.479, 0.466, 0.45, 0.429, 0.41, 0.389, 0.373, 0.349, 0.325, 0.302, 0.274, 0.262, 0.251, 0.243, 0.235, 0.228, 0.225, 0.218, 0.212, 0.201, 0.203, 0.198, 0.195, 0.194, 0.196, 0.195, 0.194, 0.189, 0.185, 0.186, 0.186, 0.189, 0.184, 0.181, 0.179, 0.179, 0.176, 0.176, 0.177, 0.177, 0.177, 0.173, 0.173, 0.172, 0.17, 0.169, 0.168, 0.169, 0.168, 0.167, 0.167, 0.168, 0.169, 0.169, 0.167, 0.169, 0.169, 0.167, 0.166, 0.165, 0.165, 0.165, 0.165, 0.165, 0.164, 0.165, 0.166, 0.164, 0.165, 0.167, 0.167, 0.165, 0.165, 0.165, 0.164, 0.165, 0.164, 0.163, 0.163, 0.164, 0.165, 0.163, 0.163, 0.162, 0.164, 0.163, 0.163, 0.163, 0.164, 0.164, 0.163, 0.162, 0.162, 0.162, 0.162, 0.163, 0.163]
Test Loss: [212.542, 160.928, 137.274, 119.241, 102.55, 89.015, 76.9, 64.572, 52.715, 44.336, 37.24, 30.706, 24.918, 20.526, 16.998, 13.848, 12.314, 11.201, 10.516, 10.443, 9.672, 9.847, 9.419, 9.021, 9.056, 9.162, 8.64, 8.583, 8.545, 8.284, 7.167, 7.438, 6.683, 5.72, 5.652, 5.513, 5.896, 5.448, 6.209, 4.609, 6.039, 5.573, 4.845, 5.291, 5.148, 5.15, 5.375, 5.958, 5.431, 6.024, 5.041, 5.029, 4.579, 4.49, 4.499, 5.504, 5.024, 4.626, 4.261, 4.869, 3.792, 3.99, 4.613, 4.396, 3.579, 3.687, 4.044, 4.316, 4.668, 4.562, 4.444, 4.313, 4.727, 4.975, 4.603, 4.189, 4.443, 4.384, 4.557, 3.78, 3.309, 2.775, 3.396, 3.679, 3.863, 4.234, 4.413, 3.268, 3.283, 3.37, 4.323, 5.191, 4.05, 2.707, 3.653, 3.458, 3.976, 4.054, 4.876, 3.175, 3.648, 3.383, 3.319, 4.017, 4.562, 4.712, 3.524, 4.289, 4.039, 4.212, 3.827, 2.628, 3.423, 2.973, 2.857, 3.301, 3.608, 3.666, 4.216, 2.685]
Max test score: 0.779 found at epoch: 94
Max test score shapes: 0.706 found at epoch: 94
