Active:  BBox loss [True, True, 1] [True, 0.2] [True, 0.2] linear 
Active: OneHotloss True 20 

Test Scores: [0.092, 0.193, 0.237, 0.227, 0.225, 0.21, 0.238, 0.227, 0.277, 0.273, 0.291, 0.351, 0.463, 0.517, 0.544, 0.596, 0.642, 0.678, 0.689, 0.68]
Test Scores w/o background: [0.04, 0.08, 0.1, 0.106, 0.118, 0.112, 0.147, 0.13, 0.191, 0.176, 0.187, 0.24, 0.332, 0.386, 0.401, 0.468, 0.528, 0.575, 0.591, 0.578]
Train Scores: [0.092, 0.194, 0.256, 0.254, 0.237, 0.238, 0.265, 0.263, 0.315, 0.325, 0.336, 0.414, 0.507, 0.579, 0.669, 0.739, 0.765, 0.782, 0.778, 0.783]
Train Scores w/o background: [0.039, 0.079, 0.124, 0.14, 0.132, 0.149, 0.181, 0.175, 0.238, 0.242, 0.246, 0.324, 0.39, 0.467, 0.568, 0.658, 0.692, 0.714, 0.709, 0.716]
Train Loss: [242.68, 198.264, 148.862, 112.577, 89.553, 72.801, 60.759, 52.919, 47.494, 44.961, 41.999, 37.135, 34.533, 31.673, 28.932, 26.456, 23.77, 22.316, 20.996, 18.917]
Max test score: 0.6892017126083374 found at epoch: 19
Max test score shapes: 0.59050053358078 found at epoch: 19
