seed 100
percentFullySupervised 0.2
domainLossMultiplier 0.001
Active: Adjacencyloss True True 30 0.0001 False False 
Active: Relationsloss True 2 True 0.1 False True False 
Active: OneHotloss True 20 
Active: MinSizeShapesloss True 1 0.5 0.0035 0.015 
Active: MaxSizeShapesloss True 1 0.98 0.2 0.42 

Test Scores: [0.264, 0.305, 0.367, 0.438, 0.466, 0.478, 0.509, 0.498, 0.467, 0.525, 0.552, 0.557, 0.555, 0.474, 0.528, 0.537, 0.465, 0.534, 0.484, 0.518, 0.527, 0.541, 0.534, 0.53, 0.565, 0.538, 0.541, 0.544, 0.568, 0.51, 0.528, 0.533, 0.557, 0.508, 0.545, 0.541, 0.532, 0.554, 0.546, 0.563, 0.561, 0.547, 0.562, 0.533, 0.562, 0.556, 0.566, 0.557, 0.579, 0.544, 0.55, 0.539, 0.581, 0.561, 0.555, 0.551, 0.528, 0.562, 0.556, 0.543, 0.549, 0.553, 0.545, 0.539, 0.536, 0.542, 0.556, 0.571, 0.561, 0.569, 0.525, 0.557, 0.55, 0.54, 0.555, 0.545, 0.54, 0.541, 0.54, 0.554, 0.55, 0.563, 0.521, 0.571, 0.573, 0.58, 0.556, 0.545, 0.563, 0.556, 0.546, 0.559, 0.559, 0.555, 0.563, 0.566, 0.556, 0.553, 0.574, 0.538]
Test Scores w/o background: [0.168, 0.176, 0.219, 0.256, 0.326, 0.321, 0.349, 0.333, 0.301, 0.37, 0.4, 0.406, 0.414, 0.318, 0.366, 0.385, 0.277, 0.382, 0.3, 0.37, 0.37, 0.379, 0.38, 0.383, 0.412, 0.374, 0.402, 0.393, 0.425, 0.333, 0.371, 0.378, 0.414, 0.344, 0.398, 0.393, 0.38, 0.411, 0.401, 0.42, 0.424, 0.393, 0.414, 0.366, 0.423, 0.404, 0.417, 0.406, 0.442, 0.385, 0.405, 0.379, 0.436, 0.408, 0.395, 0.405, 0.359, 0.421, 0.404, 0.394, 0.393, 0.396, 0.388, 0.378, 0.376, 0.387, 0.409, 0.43, 0.413, 0.428, 0.36, 0.409, 0.404, 0.381, 0.405, 0.389, 0.385, 0.383, 0.388, 0.41, 0.4, 0.42, 0.357, 0.433, 0.432, 0.447, 0.406, 0.394, 0.418, 0.403, 0.392, 0.406, 0.415, 0.403, 0.416, 0.42, 0.41, 0.396, 0.43, 0.382]
Train Scores: [0.268, 0.334, 0.386, 0.499, 0.531, 0.6, 0.552, 0.609, 0.532, 0.639, 0.635, 0.659, 0.628, 0.602, 0.65, 0.621, 0.553, 0.651, 0.574, 0.625, 0.634, 0.653, 0.659, 0.661, 0.675, 0.656, 0.663, 0.661, 0.669, 0.664, 0.682, 0.679, 0.703, 0.665, 0.695, 0.682, 0.665, 0.682, 0.703, 0.69, 0.702, 0.705, 0.698, 0.681, 0.716, 0.71, 0.727, 0.702, 0.73, 0.678, 0.712, 0.664, 0.7, 0.703, 0.687, 0.691, 0.655, 0.694, 0.693, 0.706, 0.699, 0.697, 0.705, 0.716, 0.728, 0.719, 0.726, 0.735, 0.722, 0.708, 0.705, 0.718, 0.706, 0.713, 0.716, 0.697, 0.696, 0.716, 0.701, 0.733, 0.719, 0.738, 0.692, 0.735, 0.741, 0.738, 0.737, 0.716, 0.735, 0.716, 0.723, 0.708, 0.706, 0.736, 0.742, 0.724, 0.739, 0.736, 0.738, 0.714]
Train Scores w/o background: [0.18, 0.209, 0.238, 0.327, 0.394, 0.469, 0.401, 0.464, 0.37, 0.5, 0.487, 0.52, 0.491, 0.46, 0.508, 0.469, 0.375, 0.52, 0.409, 0.476, 0.491, 0.514, 0.534, 0.534, 0.548, 0.523, 0.542, 0.534, 0.548, 0.527, 0.563, 0.558, 0.594, 0.544, 0.586, 0.558, 0.538, 0.566, 0.59, 0.572, 0.587, 0.594, 0.584, 0.554, 0.608, 0.595, 0.617, 0.585, 0.63, 0.548, 0.609, 0.534, 0.588, 0.598, 0.565, 0.586, 0.522, 0.587, 0.578, 0.6, 0.586, 0.581, 0.596, 0.61, 0.63, 0.619, 0.629, 0.641, 0.62, 0.601, 0.59, 0.618, 0.601, 0.603, 0.607, 0.582, 0.586, 0.611, 0.592, 0.636, 0.616, 0.646, 0.577, 0.642, 0.65, 0.647, 0.642, 0.612, 0.641, 0.609, 0.625, 0.604, 0.607, 0.643, 0.65, 0.623, 0.642, 0.639, 0.643, 0.611]
Train Loss: [0.164, 0.091, 0.078, 0.068, 0.062, 0.055, 0.05, 0.047, 0.046, 0.043, 0.042, 0.04, 0.038, 0.037, 0.037, 0.038, 0.038, 0.039, 0.037, 0.037, 0.036, 0.035, 0.034, 0.034, 0.034, 0.034, 0.034, 0.033, 0.034, 0.034, 0.033, 0.033, 0.032, 0.032, 0.033, 0.033, 0.032, 0.032, 0.032, 0.032, 0.032, 0.031, 0.032, 0.031, 0.031, 0.033, 0.031, 0.031, 0.031, 0.031, 0.031, 0.031, 0.032, 0.031, 0.032, 0.031, 0.031, 0.031, 0.031, 0.031, 0.03, 0.03, 0.03, 0.03, 0.03, 0.03, 0.03, 0.03, 0.03, 0.03, 0.03, 0.03, 0.03, 0.03, 0.03, 0.03, 0.03, 0.03, 0.03, 0.03, 0.03, 0.029, 0.029, 0.029, 0.029, 0.029, 0.029, 0.029, 0.029, 0.029, 0.029, 0.029, 0.029, 0.03, 0.03, 0.029, 0.029, 0.029, 0.029, 0.029]
Max test score: 0.581 found at epoch: 53
Max test score shapes: 0.447 found at epoch: 86
Avg generalisation ratio: 0.699
Avg generalisation diff: 0.172