seed 0
percentFullySupervised 0.2
domainLossMultiplier 0.001
Active: Adjacencyloss True True 30 0.0001 False False 
Active: Relationsloss True 2 True 0.1 False True False 
Active: OneHotloss True 20 
Active: MinSizeShapesloss True 1 0.5 0.0035 0.015 
Active: MaxSizeShapesloss True 1 0.98 0.2 0.42 

Test Scores: [0.325, 0.325, 0.338, 0.456, 0.477, 0.446, 0.502, 0.485, 0.498, 0.53, 0.516, 0.487, 0.516, 0.505, 0.509, 0.534, 0.476, 0.568, 0.544, 0.52, 0.508, 0.531, 0.474, 0.539, 0.54, 0.549, 0.522, 0.533, 0.526, 0.545, 0.52, 0.507, 0.572, 0.528, 0.543, 0.523, 0.53, 0.529, 0.548, 0.518, 0.549, 0.528, 0.547, 0.556, 0.572, 0.527, 0.526, 0.539, 0.527, 0.536, 0.538, 0.539, 0.553, 0.548, 0.518, 0.543, 0.557, 0.542, 0.533, 0.538, 0.522, 0.562, 0.559, 0.569, 0.552, 0.549, 0.56, 0.566, 0.575, 0.571, 0.571, 0.554, 0.557, 0.558, 0.573, 0.559, 0.574, 0.556, 0.547, 0.571, 0.535, 0.544, 0.547, 0.563, 0.553, 0.533, 0.548, 0.543, 0.553, 0.537, 0.528, 0.526, 0.54, 0.55, 0.554, 0.543, 0.548, 0.544, 0.535, 0.545]
Test Scores w/o background: [0.147, 0.154, 0.162, 0.284, 0.32, 0.282, 0.352, 0.324, 0.339, 0.382, 0.369, 0.343, 0.358, 0.343, 0.347, 0.373, 0.319, 0.421, 0.394, 0.376, 0.347, 0.377, 0.335, 0.393, 0.397, 0.387, 0.366, 0.395, 0.363, 0.393, 0.347, 0.339, 0.428, 0.359, 0.398, 0.362, 0.373, 0.369, 0.391, 0.346, 0.4, 0.363, 0.403, 0.406, 0.421, 0.359, 0.358, 0.392, 0.376, 0.377, 0.375, 0.386, 0.397, 0.388, 0.358, 0.391, 0.415, 0.396, 0.385, 0.38, 0.367, 0.416, 0.409, 0.424, 0.405, 0.395, 0.421, 0.416, 0.428, 0.421, 0.421, 0.396, 0.402, 0.409, 0.43, 0.407, 0.429, 0.405, 0.394, 0.423, 0.378, 0.385, 0.389, 0.411, 0.404, 0.376, 0.399, 0.382, 0.404, 0.376, 0.364, 0.36, 0.384, 0.396, 0.409, 0.393, 0.388, 0.388, 0.377, 0.388]
Train Scores: [0.341, 0.381, 0.394, 0.565, 0.574, 0.612, 0.59, 0.621, 0.599, 0.637, 0.618, 0.588, 0.614, 0.6, 0.644, 0.607, 0.583, 0.635, 0.591, 0.635, 0.611, 0.648, 0.596, 0.654, 0.669, 0.654, 0.653, 0.648, 0.597, 0.651, 0.623, 0.613, 0.674, 0.655, 0.629, 0.676, 0.669, 0.65, 0.676, 0.609, 0.686, 0.676, 0.689, 0.676, 0.674, 0.664, 0.65, 0.685, 0.683, 0.664, 0.691, 0.682, 0.674, 0.666, 0.685, 0.683, 0.705, 0.684, 0.685, 0.686, 0.648, 0.7, 0.693, 0.686, 0.706, 0.685, 0.723, 0.705, 0.692, 0.716, 0.714, 0.734, 0.696, 0.71, 0.74, 0.715, 0.72, 0.703, 0.688, 0.7, 0.685, 0.727, 0.701, 0.732, 0.733, 0.714, 0.743, 0.714, 0.726, 0.693, 0.697, 0.689, 0.718, 0.736, 0.725, 0.682, 0.709, 0.695, 0.719, 0.687]
Train Scores w/o background: [0.135, 0.179, 0.186, 0.396, 0.415, 0.464, 0.445, 0.481, 0.447, 0.498, 0.49, 0.444, 0.461, 0.45, 0.509, 0.455, 0.44, 0.489, 0.435, 0.494, 0.458, 0.511, 0.474, 0.524, 0.536, 0.516, 0.521, 0.522, 0.446, 0.527, 0.483, 0.467, 0.547, 0.519, 0.495, 0.559, 0.549, 0.523, 0.56, 0.469, 0.57, 0.554, 0.582, 0.559, 0.547, 0.537, 0.519, 0.572, 0.567, 0.536, 0.576, 0.572, 0.549, 0.54, 0.563, 0.572, 0.602, 0.578, 0.577, 0.574, 0.526, 0.597, 0.587, 0.574, 0.602, 0.567, 0.618, 0.591, 0.572, 0.603, 0.604, 0.629, 0.574, 0.604, 0.645, 0.602, 0.61, 0.594, 0.571, 0.583, 0.576, 0.617, 0.582, 0.625, 0.626, 0.599, 0.643, 0.603, 0.623, 0.577, 0.588, 0.579, 0.619, 0.643, 0.631, 0.576, 0.601, 0.584, 0.618, 0.574]
Train Loss: [0.133, 0.084, 0.074, 0.065, 0.06, 0.053, 0.05, 0.046, 0.044, 0.042, 0.04, 0.04, 0.039, 0.037, 0.038, 0.037, 0.035, 0.036, 0.036, 0.035, 0.034, 0.034, 0.034, 0.035, 0.034, 0.034, 0.034, 0.035, 0.034, 0.034, 0.033, 0.033, 0.033, 0.033, 0.033, 0.032, 0.034, 0.033, 0.032, 0.032, 0.032, 0.032, 0.031, 0.031, 0.031, 0.031, 0.031, 0.031, 0.031, 0.031, 0.031, 0.031, 0.031, 0.031, 0.031, 0.031, 0.031, 0.031, 0.03, 0.03, 0.03, 0.03, 0.03, 0.03, 0.03, 0.03, 0.03, 0.03, 0.03, 0.03, 0.03, 0.03, 0.03, 0.03, 0.03, 0.029, 0.029, 0.029, 0.03, 0.03, 0.029, 0.03, 0.029, 0.029, 0.029, 0.029, 0.029, 0.029, 0.029, 0.029, 0.029, 0.029, 0.029, 0.029, 0.029, 0.029, 0.029, 0.029, 0.029, 0.029]
Max test score: 0.575 found at epoch: 69
Max test score shapes: 0.43 found at epoch: 75
Avg generalisation ratio: 0.708
Avg generalisation diff: 0.162