seed 123
percentFullySupervised 0.2
domainLossMultiplier 0.001
Active: Adjacencyloss True True 30 0.0001 False False 
Active: Relationsloss True 2 True 0.1 False True False 
Active: OneHotloss True 20 
Active: MinSizeShapesloss True 1 0.5 0.0035 0.015 
Active: MaxSizeShapesloss True 1 0.98 0.2 0.42 

Test Scores: [0.221, 0.273, 0.335, 0.403, 0.409, 0.417, 0.417, 0.416, 0.426, 0.448, 0.479, 0.513, 0.511, 0.51, 0.523, 0.502, 0.524, 0.526, 0.5, 0.509, 0.499, 0.528, 0.538, 0.499, 0.545, 0.536, 0.488, 0.53, 0.459, 0.535, 0.537, 0.536, 0.49, 0.542, 0.505, 0.524, 0.534, 0.532, 0.55, 0.517, 0.532, 0.546, 0.539, 0.526, 0.523, 0.547, 0.517, 0.52, 0.506, 0.505, 0.519, 0.521, 0.539, 0.511, 0.525, 0.545, 0.518, 0.541, 0.546, 0.529, 0.546, 0.563, 0.553, 0.514, 0.512, 0.494, 0.531, 0.529, 0.558, 0.529, 0.5, 0.55, 0.516, 0.542, 0.565, 0.501, 0.537, 0.516, 0.541, 0.515, 0.525, 0.554, 0.542, 0.56, 0.518, 0.548, 0.515, 0.564, 0.52, 0.552, 0.55, 0.54, 0.523, 0.547, 0.536, 0.532, 0.544, 0.548, 0.49, 0.546]
Test Scores w/o background: [0.137, 0.129, 0.149, 0.19, 0.205, 0.206, 0.216, 0.211, 0.225, 0.276, 0.294, 0.345, 0.335, 0.337, 0.356, 0.323, 0.355, 0.361, 0.326, 0.336, 0.331, 0.363, 0.388, 0.323, 0.401, 0.375, 0.309, 0.374, 0.272, 0.376, 0.375, 0.374, 0.304, 0.387, 0.325, 0.372, 0.378, 0.374, 0.402, 0.352, 0.377, 0.396, 0.382, 0.357, 0.351, 0.394, 0.35, 0.351, 0.334, 0.33, 0.347, 0.353, 0.383, 0.349, 0.365, 0.396, 0.362, 0.393, 0.394, 0.371, 0.402, 0.41, 0.402, 0.344, 0.339, 0.313, 0.364, 0.362, 0.414, 0.365, 0.322, 0.392, 0.347, 0.385, 0.424, 0.323, 0.377, 0.342, 0.391, 0.348, 0.36, 0.401, 0.384, 0.412, 0.357, 0.397, 0.352, 0.424, 0.353, 0.403, 0.397, 0.384, 0.352, 0.39, 0.375, 0.374, 0.387, 0.391, 0.306, 0.389]
Train Scores: [0.229, 0.266, 0.39, 0.446, 0.47, 0.451, 0.46, 0.45, 0.488, 0.516, 0.571, 0.6, 0.562, 0.627, 0.594, 0.581, 0.615, 0.622, 0.583, 0.665, 0.648, 0.669, 0.659, 0.614, 0.645, 0.641, 0.64, 0.588, 0.594, 0.699, 0.673, 0.678, 0.596, 0.657, 0.638, 0.65, 0.667, 0.686, 0.696, 0.697, 0.709, 0.708, 0.677, 0.656, 0.674, 0.693, 0.669, 0.679, 0.683, 0.624, 0.679, 0.687, 0.627, 0.652, 0.692, 0.68, 0.636, 0.709, 0.704, 0.684, 0.721, 0.678, 0.692, 0.629, 0.621, 0.631, 0.652, 0.641, 0.712, 0.716, 0.671, 0.701, 0.692, 0.686, 0.696, 0.642, 0.699, 0.664, 0.693, 0.67, 0.672, 0.699, 0.695, 0.72, 0.643, 0.724, 0.676, 0.704, 0.681, 0.704, 0.72, 0.715, 0.689, 0.701, 0.722, 0.72, 0.727, 0.702, 0.683, 0.725]
Train Scores w/o background: [0.129, 0.117, 0.183, 0.223, 0.256, 0.237, 0.253, 0.243, 0.295, 0.331, 0.406, 0.452, 0.393, 0.48, 0.436, 0.411, 0.458, 0.471, 0.421, 0.531, 0.506, 0.537, 0.524, 0.468, 0.507, 0.499, 0.499, 0.426, 0.434, 0.579, 0.543, 0.548, 0.436, 0.523, 0.494, 0.523, 0.537, 0.564, 0.585, 0.58, 0.604, 0.599, 0.555, 0.52, 0.544, 0.573, 0.536, 0.551, 0.566, 0.482, 0.55, 0.561, 0.496, 0.526, 0.57, 0.559, 0.508, 0.609, 0.59, 0.571, 0.619, 0.551, 0.57, 0.488, 0.472, 0.482, 0.511, 0.5, 0.607, 0.607, 0.539, 0.583, 0.57, 0.566, 0.575, 0.499, 0.577, 0.532, 0.575, 0.543, 0.544, 0.583, 0.574, 0.616, 0.516, 0.63, 0.561, 0.594, 0.553, 0.592, 0.614, 0.609, 0.563, 0.584, 0.615, 0.613, 0.623, 0.585, 0.554, 0.618]
Train Loss: [0.165, 0.099, 0.084, 0.075, 0.067, 0.061, 0.057, 0.054, 0.051, 0.049, 0.046, 0.044, 0.043, 0.04, 0.04, 0.039, 0.037, 0.036, 0.036, 0.035, 0.035, 0.034, 0.033, 0.033, 0.034, 0.034, 0.034, 0.034, 0.034, 0.033, 0.034, 0.033, 0.033, 0.033, 0.033, 0.032, 0.032, 0.032, 0.032, 0.032, 0.031, 0.032, 0.031, 0.031, 0.031, 0.031, 0.031, 0.031, 0.031, 0.031, 0.031, 0.031, 0.031, 0.031, 0.031, 0.031, 0.031, 0.031, 0.031, 0.031, 0.031, 0.03, 0.03, 0.03, 0.03, 0.03, 0.03, 0.03, 0.03, 0.03, 0.03, 0.03, 0.03, 0.03, 0.03, 0.03, 0.03, 0.03, 0.03, 0.03, 0.03, 0.031, 0.03, 0.03, 0.03, 0.03, 0.03, 0.029, 0.029, 0.029, 0.029, 0.029, 0.029, 0.029, 0.03, 0.03, 0.029, 0.029, 0.029, 0.029]
Max test score: 0.565 found at epoch: 75
Max test score shapes: 0.424 found at epoch: 88
Avg generalisation ratio: 0.7
Avg generalisation diff: 0.161