seed 234
percentFullySupervised 0.2
domainLossMultiplier 0.001
Active: Adjacencyloss True True 30 0.0001 False False 
Active: Relationsloss True 2 True 0.1 False True False 
Active: OneHotloss True 20 
Active: Smoothnessloss True 100 
Active: MinSizeShapesloss True 1 0.5 0.0035 0.015 
Active: MaxSizeShapesloss True 1 0.98 0.2 0.42 

Test Scores: [0.303, 0.327, 0.386, 0.457, 0.467, 0.459, 0.451, 0.508, 0.496, 0.505, 0.528, 0.519, 0.525, 0.489, 0.527, 0.525, 0.53, 0.511, 0.531, 0.498, 0.426, 0.474, 0.514, 0.523, 0.527, 0.53, 0.513, 0.532, 0.558, 0.532, 0.52, 0.565, 0.53, 0.539, 0.555, 0.537, 0.534, 0.543, 0.527, 0.534, 0.519, 0.533, 0.541, 0.514, 0.551, 0.533, 0.522, 0.565, 0.556, 0.539, 0.559, 0.533, 0.54, 0.498, 0.534, 0.551, 0.531, 0.535, 0.555, 0.552, 0.539, 0.568, 0.555, 0.574, 0.552, 0.525, 0.568, 0.551, 0.525, 0.523, 0.56, 0.535, 0.543, 0.542, 0.554, 0.538, 0.541, 0.562, 0.519, 0.566, 0.555, 0.53, 0.529, 0.552, 0.519, 0.548, 0.547, 0.539, 0.55, 0.539, 0.538, 0.543, 0.552, 0.529, 0.557, 0.528, 0.542, 0.548, 0.53, 0.56]
Test Scores w/o background: [0.162, 0.146, 0.191, 0.29, 0.292, 0.29, 0.278, 0.343, 0.332, 0.341, 0.37, 0.363, 0.366, 0.319, 0.375, 0.381, 0.382, 0.364, 0.373, 0.328, 0.251, 0.305, 0.371, 0.357, 0.362, 0.37, 0.37, 0.387, 0.419, 0.377, 0.375, 0.427, 0.381, 0.381, 0.405, 0.393, 0.386, 0.391, 0.388, 0.374, 0.363, 0.371, 0.387, 0.351, 0.409, 0.38, 0.357, 0.419, 0.405, 0.379, 0.416, 0.37, 0.398, 0.358, 0.381, 0.404, 0.379, 0.381, 0.406, 0.412, 0.38, 0.42, 0.41, 0.435, 0.393, 0.355, 0.431, 0.402, 0.368, 0.359, 0.425, 0.383, 0.398, 0.385, 0.397, 0.37, 0.379, 0.416, 0.358, 0.432, 0.401, 0.367, 0.368, 0.406, 0.351, 0.393, 0.393, 0.38, 0.394, 0.374, 0.379, 0.395, 0.405, 0.36, 0.406, 0.363, 0.381, 0.387, 0.367, 0.41]
Train Scores: [0.357, 0.355, 0.465, 0.545, 0.556, 0.56, 0.56, 0.633, 0.58, 0.612, 0.617, 0.611, 0.641, 0.618, 0.628, 0.619, 0.646, 0.613, 0.64, 0.647, 0.47, 0.588, 0.607, 0.644, 0.641, 0.66, 0.672, 0.651, 0.668, 0.675, 0.637, 0.62, 0.662, 0.659, 0.677, 0.672, 0.674, 0.669, 0.648, 0.659, 0.64, 0.628, 0.659, 0.623, 0.664, 0.638, 0.656, 0.681, 0.688, 0.686, 0.671, 0.644, 0.667, 0.615, 0.661, 0.674, 0.657, 0.676, 0.684, 0.645, 0.675, 0.676, 0.661, 0.677, 0.67, 0.65, 0.675, 0.668, 0.68, 0.646, 0.693, 0.704, 0.682, 0.667, 0.674, 0.651, 0.656, 0.669, 0.642, 0.664, 0.714, 0.693, 0.677, 0.683, 0.676, 0.694, 0.668, 0.686, 0.699, 0.696, 0.683, 0.689, 0.683, 0.67, 0.704, 0.689, 0.703, 0.659, 0.664, 0.68]
Train Scores w/o background: [0.202, 0.152, 0.253, 0.375, 0.397, 0.399, 0.398, 0.488, 0.423, 0.461, 0.475, 0.467, 0.502, 0.472, 0.486, 0.473, 0.512, 0.471, 0.504, 0.506, 0.285, 0.439, 0.461, 0.5, 0.501, 0.524, 0.557, 0.527, 0.549, 0.558, 0.506, 0.477, 0.543, 0.526, 0.548, 0.561, 0.557, 0.541, 0.524, 0.528, 0.518, 0.479, 0.526, 0.485, 0.544, 0.5, 0.524, 0.555, 0.563, 0.559, 0.54, 0.505, 0.553, 0.488, 0.537, 0.549, 0.525, 0.554, 0.557, 0.52, 0.546, 0.547, 0.534, 0.556, 0.537, 0.509, 0.559, 0.546, 0.555, 0.504, 0.579, 0.595, 0.567, 0.546, 0.548, 0.513, 0.527, 0.547, 0.505, 0.544, 0.601, 0.578, 0.548, 0.57, 0.547, 0.576, 0.541, 0.56, 0.58, 0.577, 0.558, 0.576, 0.56, 0.537, 0.586, 0.572, 0.584, 0.522, 0.531, 0.559]
Train Loss: [0.156, 0.096, 0.084, 0.073, 0.065, 0.057, 0.052, 0.048, 0.045, 0.043, 0.042, 0.041, 0.039, 0.038, 0.037, 0.036, 0.035, 0.035, 0.037, 0.037, 0.039, 0.038, 0.037, 0.036, 0.036, 0.035, 0.035, 0.034, 0.034, 0.033, 0.034, 0.035, 0.034, 0.033, 0.033, 0.032, 0.032, 0.032, 0.032, 0.032, 0.032, 0.032, 0.032, 0.032, 0.032, 0.032, 0.031, 0.031, 0.031, 0.031, 0.031, 0.031, 0.031, 0.031, 0.031, 0.031, 0.031, 0.031, 0.031, 0.031, 0.03, 0.03, 0.03, 0.031, 0.03, 0.03, 0.03, 0.03, 0.03, 0.03, 0.03, 0.03, 0.03, 0.03, 0.03, 0.029, 0.03, 0.03, 0.03, 0.03, 0.03, 0.03, 0.03, 0.029, 0.029, 0.03, 0.03, 0.029, 0.03, 0.03, 0.03, 0.03, 0.03, 0.03, 0.03, 0.03, 0.03, 0.029, 0.03, 0.029]
Max test score: 0.574 found at epoch: 64
Max test score shapes: 0.435 found at epoch: 64
Avg generalisation ratio: 0.727
Avg generalisation diff: 0.143