seed 42
percentFullySupervised 0.2
domainLossMultiplier 0.001
Active: Adjacencyloss True True 30 0.0001 False False 
Active: Relationsloss True 2 True 0.1 False True False 
Active: OneHotloss True 20 
Active: Smoothnessloss True 100 
Active: MinSizeShapesloss True 1 0.5 0.0035 0.015 
Active: MaxSizeShapesloss True 1 0.98 0.2 0.42 

Test Scores: [0.245, 0.3, 0.391, 0.443, 0.473, 0.462, 0.495, 0.478, 0.512, 0.483, 0.527, 0.52, 0.486, 0.531, 0.504, 0.542, 0.532, 0.501, 0.541, 0.53, 0.54, 0.539, 0.56, 0.568, 0.527, 0.531, 0.526, 0.548, 0.554, 0.547, 0.574, 0.577, 0.511, 0.564, 0.557, 0.563, 0.532, 0.522, 0.526, 0.522, 0.517, 0.535, 0.542, 0.559, 0.559, 0.542, 0.532, 0.569, 0.568, 0.547, 0.538, 0.506, 0.535, 0.546, 0.535, 0.523, 0.531, 0.521, 0.545, 0.54, 0.568, 0.533, 0.529, 0.57, 0.565, 0.571, 0.568, 0.53, 0.547, 0.574, 0.523, 0.562, 0.58, 0.57, 0.551, 0.547, 0.564, 0.561, 0.575, 0.565, 0.543, 0.579, 0.572, 0.56, 0.564, 0.54, 0.553, 0.535, 0.549, 0.533, 0.558, 0.556, 0.559, 0.548, 0.531, 0.532, 0.552, 0.544, 0.549, 0.508]
Test Scores w/o background: [0.113, 0.137, 0.185, 0.243, 0.302, 0.29, 0.322, 0.302, 0.354, 0.299, 0.365, 0.358, 0.297, 0.367, 0.327, 0.378, 0.37, 0.326, 0.4, 0.382, 0.389, 0.376, 0.41, 0.418, 0.369, 0.386, 0.354, 0.389, 0.405, 0.4, 0.431, 0.431, 0.338, 0.423, 0.402, 0.412, 0.381, 0.357, 0.363, 0.363, 0.37, 0.37, 0.38, 0.41, 0.412, 0.389, 0.371, 0.416, 0.435, 0.386, 0.382, 0.332, 0.387, 0.39, 0.374, 0.352, 0.362, 0.351, 0.385, 0.384, 0.418, 0.387, 0.372, 0.426, 0.418, 0.427, 0.422, 0.366, 0.394, 0.435, 0.353, 0.407, 0.444, 0.427, 0.406, 0.387, 0.414, 0.416, 0.437, 0.419, 0.384, 0.437, 0.431, 0.414, 0.429, 0.392, 0.4, 0.372, 0.391, 0.366, 0.413, 0.408, 0.411, 0.39, 0.367, 0.366, 0.398, 0.381, 0.396, 0.331]
Train Scores: [0.255, 0.312, 0.435, 0.53, 0.6, 0.531, 0.6, 0.585, 0.582, 0.598, 0.575, 0.608, 0.546, 0.59, 0.604, 0.635, 0.6, 0.576, 0.64, 0.634, 0.65, 0.634, 0.688, 0.678, 0.621, 0.607, 0.612, 0.677, 0.668, 0.663, 0.689, 0.702, 0.612, 0.668, 0.665, 0.664, 0.644, 0.69, 0.707, 0.654, 0.666, 0.705, 0.672, 0.694, 0.699, 0.704, 0.678, 0.668, 0.664, 0.669, 0.676, 0.629, 0.696, 0.68, 0.671, 0.661, 0.659, 0.672, 0.694, 0.696, 0.734, 0.703, 0.691, 0.733, 0.745, 0.743, 0.738, 0.708, 0.706, 0.724, 0.664, 0.702, 0.709, 0.729, 0.694, 0.715, 0.716, 0.71, 0.738, 0.724, 0.7, 0.72, 0.716, 0.712, 0.716, 0.711, 0.726, 0.696, 0.71, 0.682, 0.723, 0.723, 0.732, 0.704, 0.696, 0.692, 0.698, 0.716, 0.723, 0.657]
Train Scores w/o background: [0.117, 0.137, 0.216, 0.345, 0.456, 0.369, 0.444, 0.426, 0.428, 0.446, 0.412, 0.465, 0.368, 0.441, 0.455, 0.493, 0.449, 0.411, 0.515, 0.501, 0.521, 0.488, 0.564, 0.55, 0.488, 0.47, 0.464, 0.547, 0.542, 0.539, 0.565, 0.583, 0.467, 0.549, 0.534, 0.532, 0.511, 0.563, 0.594, 0.527, 0.552, 0.59, 0.545, 0.575, 0.582, 0.588, 0.551, 0.542, 0.553, 0.538, 0.55, 0.484, 0.589, 0.554, 0.541, 0.527, 0.524, 0.54, 0.575, 0.585, 0.628, 0.594, 0.581, 0.629, 0.648, 0.651, 0.638, 0.595, 0.593, 0.624, 0.532, 0.583, 0.609, 0.633, 0.585, 0.607, 0.612, 0.605, 0.639, 0.619, 0.586, 0.616, 0.616, 0.609, 0.616, 0.613, 0.628, 0.585, 0.606, 0.563, 0.628, 0.622, 0.642, 0.599, 0.588, 0.577, 0.591, 0.608, 0.624, 0.531]
Train Loss: [0.134, 0.088, 0.079, 0.07, 0.063, 0.057, 0.053, 0.049, 0.045, 0.044, 0.043, 0.042, 0.04, 0.038, 0.037, 0.037, 0.035, 0.035, 0.036, 0.035, 0.035, 0.034, 0.033, 0.034, 0.035, 0.035, 0.034, 0.033, 0.032, 0.032, 0.032, 0.032, 0.033, 0.033, 0.032, 0.032, 0.033, 0.032, 0.032, 0.032, 0.032, 0.031, 0.031, 0.031, 0.031, 0.032, 0.032, 0.031, 0.031, 0.031, 0.031, 0.031, 0.031, 0.031, 0.031, 0.03, 0.031, 0.031, 0.031, 0.031, 0.03, 0.031, 0.03, 0.03, 0.03, 0.03, 0.03, 0.03, 0.03, 0.03, 0.031, 0.03, 0.03, 0.03, 0.03, 0.03, 0.03, 0.03, 0.03, 0.03, 0.03, 0.029, 0.03, 0.029, 0.03, 0.03, 0.03, 0.029, 0.03, 0.029, 0.029, 0.03, 0.029, 0.03, 0.029, 0.029, 0.029, 0.029, 0.03, 0.029]
Max test score: 0.58 found at epoch: 73
Max test score shapes: 0.444 found at epoch: 73
Avg generalisation ratio: 0.708
Avg generalisation diff: 0.162