seed 100
percentFullySupervised 0.2
domainLossMultiplier 0.001
Active: Adjacencyloss True True 30 0.0001 False False 
Active: Relationsloss True 2 True 0.1 False True False 
Active: OneHotloss True 20 
Active: Smoothnessloss True 100 
Active: MinSizeShapesloss True 1 0.5 0.0035 0.015 
Active: MaxSizeShapesloss True 1 0.98 0.2 0.42 

Test Scores: [0.294, 0.344, 0.407, 0.416, 0.422, 0.431, 0.431, 0.428, 0.488, 0.512, 0.519, 0.512, 0.531, 0.489, 0.534, 0.549, 0.499, 0.533, 0.464, 0.516, 0.497, 0.523, 0.53, 0.518, 0.532, 0.575, 0.539, 0.562, 0.525, 0.548, 0.544, 0.497, 0.537, 0.483, 0.531, 0.529, 0.543, 0.56, 0.538, 0.537, 0.558, 0.567, 0.549, 0.568, 0.555, 0.549, 0.533, 0.56, 0.546, 0.532, 0.557, 0.542, 0.559, 0.533, 0.571, 0.538, 0.553, 0.557, 0.547, 0.555, 0.519, 0.548, 0.53, 0.557, 0.515, 0.559, 0.528, 0.554, 0.528, 0.549, 0.522, 0.554, 0.558, 0.534, 0.525, 0.554, 0.54, 0.544, 0.555, 0.535, 0.522, 0.531, 0.513, 0.552, 0.548, 0.56, 0.544, 0.532, 0.539, 0.553, 0.534, 0.524, 0.559, 0.548, 0.555, 0.548, 0.547, 0.539, 0.54, 0.522]
Test Scores w/o background: [0.13, 0.145, 0.209, 0.204, 0.218, 0.218, 0.229, 0.231, 0.311, 0.346, 0.347, 0.341, 0.373, 0.309, 0.371, 0.39, 0.329, 0.37, 0.3, 0.352, 0.314, 0.365, 0.38, 0.372, 0.383, 0.428, 0.388, 0.412, 0.36, 0.386, 0.39, 0.33, 0.384, 0.337, 0.371, 0.384, 0.393, 0.401, 0.386, 0.373, 0.413, 0.423, 0.394, 0.428, 0.405, 0.398, 0.378, 0.408, 0.391, 0.367, 0.408, 0.385, 0.407, 0.369, 0.422, 0.382, 0.396, 0.406, 0.389, 0.41, 0.349, 0.391, 0.363, 0.41, 0.342, 0.41, 0.371, 0.408, 0.36, 0.392, 0.352, 0.396, 0.4, 0.372, 0.359, 0.397, 0.375, 0.382, 0.398, 0.38, 0.356, 0.366, 0.34, 0.398, 0.392, 0.412, 0.383, 0.368, 0.376, 0.395, 0.382, 0.357, 0.411, 0.392, 0.405, 0.395, 0.393, 0.38, 0.382, 0.355]
Train Scores: [0.314, 0.364, 0.455, 0.469, 0.484, 0.493, 0.472, 0.495, 0.594, 0.619, 0.634, 0.613, 0.643, 0.601, 0.655, 0.669, 0.596, 0.656, 0.572, 0.682, 0.64, 0.664, 0.627, 0.618, 0.691, 0.707, 0.687, 0.707, 0.66, 0.692, 0.698, 0.668, 0.684, 0.643, 0.689, 0.631, 0.646, 0.672, 0.699, 0.678, 0.703, 0.698, 0.7, 0.717, 0.704, 0.716, 0.7, 0.697, 0.682, 0.699, 0.694, 0.689, 0.686, 0.685, 0.74, 0.719, 0.712, 0.742, 0.719, 0.709, 0.697, 0.713, 0.695, 0.727, 0.684, 0.733, 0.703, 0.733, 0.719, 0.735, 0.696, 0.679, 0.696, 0.726, 0.702, 0.693, 0.705, 0.728, 0.734, 0.711, 0.719, 0.71, 0.699, 0.735, 0.736, 0.735, 0.719, 0.698, 0.699, 0.712, 0.715, 0.69, 0.726, 0.697, 0.717, 0.697, 0.715, 0.728, 0.72, 0.716]
Train Scores w/o background: [0.133, 0.14, 0.254, 0.255, 0.28, 0.289, 0.269, 0.313, 0.438, 0.468, 0.487, 0.47, 0.504, 0.449, 0.518, 0.534, 0.445, 0.523, 0.436, 0.554, 0.495, 0.538, 0.501, 0.483, 0.577, 0.591, 0.561, 0.59, 0.523, 0.567, 0.583, 0.55, 0.565, 0.528, 0.576, 0.509, 0.525, 0.54, 0.586, 0.556, 0.592, 0.583, 0.587, 0.619, 0.592, 0.61, 0.589, 0.579, 0.556, 0.586, 0.584, 0.576, 0.564, 0.567, 0.64, 0.611, 0.598, 0.649, 0.609, 0.597, 0.575, 0.6, 0.579, 0.627, 0.563, 0.632, 0.594, 0.64, 0.614, 0.631, 0.576, 0.555, 0.579, 0.627, 0.591, 0.575, 0.585, 0.618, 0.629, 0.606, 0.611, 0.596, 0.582, 0.637, 0.636, 0.639, 0.609, 0.583, 0.583, 0.596, 0.608, 0.57, 0.625, 0.581, 0.611, 0.585, 0.611, 0.627, 0.618, 0.61]
Train Loss: [0.132, 0.086, 0.078, 0.07, 0.065, 0.059, 0.055, 0.052, 0.049, 0.045, 0.042, 0.04, 0.039, 0.037, 0.036, 0.036, 0.036, 0.036, 0.036, 0.037, 0.036, 0.035, 0.034, 0.035, 0.034, 0.034, 0.034, 0.033, 0.033, 0.033, 0.033, 0.033, 0.033, 0.033, 0.032, 0.034, 0.033, 0.033, 0.033, 0.032, 0.032, 0.032, 0.032, 0.032, 0.031, 0.032, 0.031, 0.031, 0.031, 0.031, 0.031, 0.031, 0.031, 0.031, 0.031, 0.03, 0.03, 0.03, 0.03, 0.03, 0.03, 0.03, 0.03, 0.031, 0.03, 0.03, 0.03, 0.03, 0.03, 0.03, 0.03, 0.03, 0.03, 0.03, 0.03, 0.03, 0.03, 0.03, 0.03, 0.03, 0.029, 0.029, 0.029, 0.029, 0.029, 0.029, 0.029, 0.029, 0.029, 0.029, 0.029, 0.029, 0.029, 0.029, 0.029, 0.029, 0.03, 0.029, 0.029, 0.029]
Max test score: 0.575 found at epoch: 26
Max test score shapes: 0.428 found at epoch: 44
Avg generalisation ratio: 0.678
Avg generalisation diff: 0.182