seed 999
percentFullySupervised 0.2
domainLossMultiplier 0.001
Active: Adjacencyloss True True 30 0.0001 False False 
Active: Relationsloss True 2 True 0.1 False True False 
Active: OneHotloss True 20 
Active: Smoothnessloss True 100 
Active: MinSizeShapesloss True 1 0.5 0.0035 0.015 
Active: MaxSizeShapesloss True 1 0.98 0.2 0.42 

Test Scores: [0.271, 0.389, 0.439, 0.45, 0.423, 0.478, 0.509, 0.516, 0.493, 0.506, 0.476, 0.522, 0.528, 0.517, 0.553, 0.509, 0.53, 0.521, 0.51, 0.55, 0.534, 0.553, 0.554, 0.554, 0.541, 0.535, 0.551, 0.536, 0.54, 0.46, 0.534, 0.554, 0.544, 0.524, 0.558, 0.526, 0.558, 0.54, 0.535, 0.501, 0.545, 0.51, 0.537, 0.531, 0.554, 0.529, 0.55, 0.532, 0.549, 0.546, 0.534, 0.519, 0.562, 0.557, 0.559, 0.548, 0.562, 0.541, 0.552, 0.539, 0.522, 0.539, 0.522, 0.539, 0.511, 0.563, 0.51, 0.57, 0.551, 0.559, 0.552, 0.573, 0.54, 0.567, 0.525, 0.546, 0.561, 0.544, 0.535, 0.538, 0.559, 0.545, 0.573, 0.522, 0.537, 0.572, 0.586, 0.552, 0.59, 0.58, 0.58, 0.554, 0.549, 0.543, 0.545, 0.556, 0.547, 0.549, 0.545, 0.518]
Test Scores w/o background: [0.167, 0.197, 0.245, 0.276, 0.244, 0.325, 0.348, 0.368, 0.346, 0.35, 0.316, 0.362, 0.378, 0.354, 0.413, 0.34, 0.366, 0.361, 0.348, 0.41, 0.372, 0.408, 0.398, 0.4, 0.381, 0.378, 0.401, 0.382, 0.395, 0.277, 0.374, 0.403, 0.401, 0.364, 0.407, 0.374, 0.407, 0.383, 0.384, 0.336, 0.393, 0.339, 0.401, 0.373, 0.409, 0.382, 0.398, 0.372, 0.393, 0.391, 0.369, 0.356, 0.411, 0.405, 0.413, 0.402, 0.413, 0.39, 0.399, 0.388, 0.356, 0.384, 0.36, 0.383, 0.346, 0.419, 0.335, 0.423, 0.395, 0.412, 0.399, 0.435, 0.383, 0.415, 0.359, 0.387, 0.411, 0.386, 0.372, 0.379, 0.41, 0.384, 0.426, 0.354, 0.373, 0.428, 0.448, 0.392, 0.453, 0.438, 0.441, 0.4, 0.392, 0.391, 0.393, 0.406, 0.396, 0.395, 0.39, 0.349]
Train Scores: [0.302, 0.486, 0.524, 0.507, 0.532, 0.613, 0.616, 0.597, 0.599, 0.601, 0.583, 0.631, 0.595, 0.619, 0.634, 0.657, 0.642, 0.654, 0.635, 0.679, 0.658, 0.687, 0.682, 0.674, 0.666, 0.679, 0.691, 0.67, 0.686, 0.594, 0.677, 0.677, 0.66, 0.659, 0.671, 0.686, 0.677, 0.673, 0.684, 0.674, 0.699, 0.641, 0.69, 0.704, 0.695, 0.652, 0.714, 0.688, 0.713, 0.709, 0.635, 0.68, 0.72, 0.711, 0.733, 0.713, 0.709, 0.705, 0.689, 0.688, 0.681, 0.705, 0.699, 0.698, 0.659, 0.715, 0.647, 0.72, 0.716, 0.734, 0.717, 0.746, 0.734, 0.74, 0.686, 0.736, 0.728, 0.72, 0.697, 0.719, 0.73, 0.714, 0.754, 0.697, 0.721, 0.757, 0.747, 0.723, 0.753, 0.739, 0.769, 0.731, 0.728, 0.691, 0.722, 0.725, 0.72, 0.704, 0.69, 0.687]
Train Scores w/o background: [0.201, 0.291, 0.342, 0.35, 0.377, 0.48, 0.465, 0.449, 0.46, 0.442, 0.438, 0.495, 0.454, 0.465, 0.495, 0.52, 0.502, 0.52, 0.508, 0.56, 0.519, 0.564, 0.552, 0.547, 0.541, 0.556, 0.572, 0.539, 0.566, 0.442, 0.547, 0.564, 0.54, 0.534, 0.546, 0.572, 0.55, 0.543, 0.567, 0.549, 0.585, 0.499, 0.581, 0.588, 0.578, 0.527, 0.601, 0.566, 0.601, 0.599, 0.487, 0.558, 0.608, 0.596, 0.636, 0.609, 0.601, 0.593, 0.568, 0.566, 0.558, 0.598, 0.593, 0.589, 0.539, 0.61, 0.508, 0.615, 0.602, 0.636, 0.607, 0.652, 0.63, 0.642, 0.567, 0.641, 0.629, 0.617, 0.583, 0.617, 0.632, 0.606, 0.664, 0.587, 0.619, 0.669, 0.656, 0.621, 0.662, 0.644, 0.687, 0.633, 0.629, 0.579, 0.625, 0.624, 0.624, 0.594, 0.577, 0.569]
Train Loss: [0.15, 0.093, 0.081, 0.072, 0.064, 0.056, 0.051, 0.047, 0.045, 0.042, 0.04, 0.039, 0.039, 0.037, 0.036, 0.036, 0.036, 0.035, 0.035, 0.035, 0.034, 0.034, 0.034, 0.033, 0.033, 0.033, 0.034, 0.035, 0.034, 0.034, 0.034, 0.033, 0.033, 0.034, 0.033, 0.032, 0.033, 0.032, 0.032, 0.032, 0.032, 0.032, 0.032, 0.032, 0.032, 0.032, 0.032, 0.032, 0.032, 0.032, 0.032, 0.031, 0.031, 0.031, 0.03, 0.031, 0.031, 0.031, 0.031, 0.031, 0.031, 0.03, 0.03, 0.031, 0.03, 0.03, 0.03, 0.03, 0.031, 0.03, 0.03, 0.03, 0.03, 0.03, 0.03, 0.03, 0.03, 0.029, 0.029, 0.029, 0.029, 0.03, 0.03, 0.029, 0.03, 0.03, 0.029, 0.029, 0.029, 0.029, 0.029, 0.029, 0.029, 0.029, 0.029, 0.029, 0.029, 0.029, 0.029, 0.029]
Max test score: 0.59 found at epoch: 89
Max test score shapes: 0.453 found at epoch: 89
Avg generalisation ratio: 0.681
Avg generalisation diff: 0.181