seed 42
percentFullySupervised 0.2
domainLossMultiplier 0.001
Active: Adjacencyloss True True 30 0.0001 False False 
Active: Relationsloss True 2 True 0.1 False True False 
Active: OneHotloss True 20 
Active: MinSizeShapesloss True 1 0.5 0.0035 0.015 
Active: MaxSizeShapesloss True 1 0.98 0.2 0.42 

Test Scores: [0.189, 0.278, 0.35, 0.356, 0.411, 0.414, 0.445, 0.415, 0.455, 0.456, 0.452, 0.448, 0.443, 0.455, 0.479, 0.494, 0.474, 0.493, 0.466, 0.497, 0.476, 0.504, 0.51, 0.512, 0.504, 0.496, 0.509, 0.5, 0.5, 0.492, 0.511, 0.51, 0.483, 0.508, 0.492, 0.508, 0.519, 0.48, 0.51, 0.511, 0.497, 0.508, 0.497, 0.516, 0.511, 0.505, 0.508, 0.521, 0.513, 0.522, 0.513, 0.508, 0.509, 0.506, 0.503, 0.525, 0.511, 0.525, 0.506, 0.507, 0.529, 0.525, 0.541, 0.542, 0.527, 0.516, 0.524, 0.524, 0.532, 0.51, 0.522, 0.528, 0.532, 0.519, 0.517, 0.521, 0.497, 0.525, 0.552, 0.532, 0.514, 0.527, 0.523, 0.522, 0.527, 0.533, 0.521, 0.51, 0.525, 0.515, 0.509, 0.522, 0.521, 0.521, 0.495, 0.519, 0.514, 0.516, 0.53, 0.513]
Test Scores w/o background: [0.127, 0.18, 0.212, 0.226, 0.252, 0.265, 0.279, 0.266, 0.29, 0.285, 0.288, 0.293, 0.279, 0.292, 0.306, 0.324, 0.307, 0.332, 0.325, 0.344, 0.317, 0.334, 0.345, 0.356, 0.334, 0.34, 0.339, 0.33, 0.335, 0.34, 0.349, 0.343, 0.296, 0.338, 0.322, 0.336, 0.368, 0.32, 0.338, 0.34, 0.33, 0.339, 0.323, 0.351, 0.351, 0.332, 0.338, 0.367, 0.358, 0.356, 0.338, 0.348, 0.351, 0.331, 0.322, 0.36, 0.335, 0.365, 0.328, 0.339, 0.366, 0.367, 0.389, 0.389, 0.362, 0.348, 0.362, 0.357, 0.367, 0.339, 0.359, 0.367, 0.384, 0.357, 0.359, 0.349, 0.317, 0.363, 0.406, 0.372, 0.344, 0.37, 0.367, 0.354, 0.373, 0.38, 0.353, 0.337, 0.357, 0.341, 0.357, 0.36, 0.365, 0.359, 0.32, 0.352, 0.35, 0.34, 0.369, 0.337]
Train Scores: [0.193, 0.297, 0.417, 0.419, 0.507, 0.501, 0.531, 0.512, 0.566, 0.59, 0.596, 0.582, 0.596, 0.595, 0.573, 0.618, 0.616, 0.644, 0.609, 0.657, 0.64, 0.653, 0.657, 0.676, 0.667, 0.649, 0.654, 0.653, 0.662, 0.671, 0.672, 0.651, 0.625, 0.673, 0.684, 0.69, 0.673, 0.657, 0.683, 0.689, 0.691, 0.682, 0.661, 0.68, 0.662, 0.669, 0.675, 0.681, 0.681, 0.666, 0.655, 0.687, 0.685, 0.655, 0.644, 0.668, 0.661, 0.685, 0.662, 0.678, 0.696, 0.689, 0.696, 0.721, 0.698, 0.683, 0.692, 0.696, 0.689, 0.674, 0.704, 0.705, 0.718, 0.711, 0.697, 0.679, 0.656, 0.712, 0.714, 0.705, 0.691, 0.698, 0.708, 0.683, 0.71, 0.719, 0.701, 0.7, 0.705, 0.69, 0.704, 0.722, 0.714, 0.717, 0.67, 0.712, 0.692, 0.693, 0.704, 0.685]
Train Scores w/o background: [0.128, 0.196, 0.268, 0.272, 0.339, 0.349, 0.367, 0.363, 0.419, 0.448, 0.462, 0.445, 0.464, 0.459, 0.416, 0.483, 0.483, 0.522, 0.483, 0.534, 0.508, 0.516, 0.523, 0.553, 0.535, 0.516, 0.515, 0.513, 0.526, 0.546, 0.54, 0.515, 0.479, 0.55, 0.568, 0.57, 0.564, 0.541, 0.558, 0.571, 0.579, 0.563, 0.54, 0.566, 0.547, 0.55, 0.558, 0.573, 0.573, 0.548, 0.529, 0.583, 0.58, 0.532, 0.515, 0.551, 0.535, 0.575, 0.537, 0.566, 0.588, 0.58, 0.594, 0.623, 0.589, 0.57, 0.582, 0.587, 0.578, 0.551, 0.598, 0.6, 0.613, 0.608, 0.584, 0.559, 0.523, 0.603, 0.615, 0.602, 0.578, 0.593, 0.609, 0.559, 0.612, 0.622, 0.595, 0.587, 0.593, 0.569, 0.607, 0.623, 0.616, 0.615, 0.542, 0.606, 0.58, 0.577, 0.596, 0.563]
Train Loss: [0.09, 0.086, 0.082, 0.079, 0.077, 0.074, 0.072, 0.071, 0.069, 0.068, 0.067, 0.066, 0.065, 0.064, 0.064, 0.063, 0.062, 0.062, 0.061, 0.06, 0.06, 0.059, 0.058, 0.058, 0.057, 0.056, 0.056, 0.055, 0.054, 0.054, 0.053, 0.053, 0.052, 0.051, 0.051, 0.05, 0.05, 0.049, 0.049, 0.048, 0.047, 0.047, 0.046, 0.046, 0.045, 0.045, 0.044, 0.044, 0.043, 0.043, 0.042, 0.042, 0.041, 0.041, 0.041, 0.04, 0.04, 0.039, 0.039, 0.039, 0.038, 0.038, 0.038, 0.037, 0.037, 0.036, 0.036, 0.036, 0.035, 0.035, 0.035, 0.035, 0.034, 0.034, 0.034, 0.034, 0.033, 0.033, 0.033, 0.033, 0.032, 0.032, 0.032, 0.032, 0.032, 0.032, 0.031, 0.031, 0.031, 0.031, 0.031, 0.031, 0.031, 0.03, 0.03, 0.03, 0.03, 0.03, 0.03, 0.03]
Max test score: 0.552 found at epoch: 79
Max test score shapes: 0.406 found at epoch: 79
Avg generalisation ratio: 0.637
Avg generalisation diff: 0.199