seed 123
percentFullySupervised 0.2
domainLossMultiplier 0.001
Active: Adjacencyloss True True 30 0.0001 False False 
Active: Relationsloss True 2 True 0.1 False True False 
Active: OneHotloss True 20 
Active: MinSizeShapesloss True 1 0.5 0.0035 0.015 
Active: MaxSizeShapesloss True 1 0.98 0.2 0.42 

Test Scores: [0.094, 0.182, 0.269, 0.326, 0.315, 0.374, 0.387, 0.428, 0.408, 0.423, 0.452, 0.449, 0.469, 0.473, 0.48, 0.476, 0.472, 0.476, 0.474, 0.489, 0.466, 0.49, 0.485, 0.492, 0.492, 0.502, 0.504, 0.511, 0.495, 0.506, 0.515, 0.511, 0.524, 0.521, 0.522, 0.51, 0.514, 0.516, 0.515, 0.496, 0.508, 0.526, 0.526, 0.511, 0.518, 0.514, 0.533, 0.521, 0.517, 0.536, 0.504, 0.528, 0.525, 0.519, 0.518, 0.526, 0.519, 0.527, 0.523, 0.527, 0.525, 0.512, 0.514, 0.516, 0.513, 0.497, 0.499, 0.513, 0.524, 0.511, 0.514, 0.514, 0.495, 0.49, 0.497, 0.504, 0.509, 0.513, 0.521, 0.513, 0.524, 0.513, 0.505, 0.508, 0.525, 0.509, 0.488, 0.518, 0.508, 0.51, 0.505, 0.52, 0.509, 0.52, 0.505, 0.503, 0.523, 0.522, 0.504, 0.502]
Test Scores w/o background: [0.095, 0.118, 0.16, 0.19, 0.198, 0.236, 0.252, 0.274, 0.254, 0.259, 0.278, 0.291, 0.3, 0.311, 0.314, 0.305, 0.307, 0.32, 0.321, 0.328, 0.311, 0.329, 0.337, 0.32, 0.346, 0.34, 0.344, 0.343, 0.313, 0.34, 0.355, 0.342, 0.355, 0.356, 0.355, 0.34, 0.345, 0.351, 0.362, 0.317, 0.346, 0.366, 0.358, 0.338, 0.352, 0.353, 0.367, 0.353, 0.349, 0.38, 0.324, 0.361, 0.362, 0.355, 0.348, 0.369, 0.354, 0.37, 0.365, 0.367, 0.371, 0.34, 0.356, 0.347, 0.342, 0.316, 0.322, 0.343, 0.369, 0.344, 0.342, 0.353, 0.319, 0.324, 0.341, 0.328, 0.341, 0.345, 0.362, 0.348, 0.362, 0.361, 0.336, 0.341, 0.374, 0.355, 0.32, 0.365, 0.345, 0.366, 0.343, 0.367, 0.338, 0.365, 0.339, 0.333, 0.367, 0.369, 0.331, 0.341]
Train Scores: [0.083, 0.153, 0.289, 0.382, 0.375, 0.478, 0.477, 0.567, 0.57, 0.592, 0.621, 0.606, 0.605, 0.61, 0.628, 0.605, 0.629, 0.646, 0.627, 0.614, 0.606, 0.602, 0.609, 0.656, 0.633, 0.665, 0.674, 0.657, 0.625, 0.652, 0.664, 0.667, 0.669, 0.676, 0.677, 0.656, 0.684, 0.671, 0.674, 0.671, 0.707, 0.691, 0.687, 0.681, 0.704, 0.681, 0.674, 0.697, 0.706, 0.698, 0.644, 0.683, 0.687, 0.716, 0.693, 0.71, 0.704, 0.713, 0.708, 0.714, 0.703, 0.694, 0.714, 0.712, 0.71, 0.673, 0.707, 0.712, 0.729, 0.725, 0.701, 0.711, 0.688, 0.711, 0.719, 0.709, 0.734, 0.728, 0.736, 0.716, 0.729, 0.722, 0.73, 0.718, 0.723, 0.717, 0.697, 0.727, 0.707, 0.716, 0.732, 0.725, 0.704, 0.723, 0.718, 0.72, 0.74, 0.729, 0.702, 0.718]
Train Scores w/o background: [0.083, 0.106, 0.178, 0.241, 0.261, 0.336, 0.342, 0.433, 0.439, 0.46, 0.491, 0.475, 0.469, 0.473, 0.493, 0.465, 0.498, 0.52, 0.494, 0.473, 0.47, 0.463, 0.478, 0.524, 0.501, 0.535, 0.549, 0.525, 0.476, 0.521, 0.533, 0.535, 0.539, 0.547, 0.548, 0.522, 0.557, 0.542, 0.554, 0.536, 0.59, 0.567, 0.56, 0.551, 0.583, 0.555, 0.54, 0.571, 0.585, 0.575, 0.499, 0.554, 0.563, 0.6, 0.57, 0.594, 0.583, 0.596, 0.591, 0.6, 0.587, 0.573, 0.6, 0.594, 0.59, 0.541, 0.586, 0.595, 0.617, 0.612, 0.58, 0.594, 0.559, 0.597, 0.608, 0.588, 0.624, 0.615, 0.627, 0.599, 0.617, 0.613, 0.618, 0.6, 0.613, 0.602, 0.576, 0.617, 0.589, 0.606, 0.622, 0.615, 0.579, 0.612, 0.602, 0.606, 0.633, 0.619, 0.578, 0.602]
Train Loss: [0.092, 0.089, 0.085, 0.082, 0.079, 0.077, 0.075, 0.073, 0.072, 0.071, 0.07, 0.069, 0.068, 0.067, 0.067, 0.066, 0.065, 0.065, 0.064, 0.063, 0.063, 0.062, 0.062, 0.061, 0.06, 0.06, 0.059, 0.058, 0.058, 0.057, 0.056, 0.056, 0.055, 0.054, 0.054, 0.053, 0.052, 0.052, 0.051, 0.05, 0.05, 0.049, 0.048, 0.048, 0.047, 0.047, 0.046, 0.045, 0.045, 0.044, 0.044, 0.043, 0.043, 0.042, 0.042, 0.041, 0.041, 0.04, 0.04, 0.039, 0.039, 0.038, 0.038, 0.038, 0.037, 0.037, 0.036, 0.036, 0.036, 0.035, 0.035, 0.035, 0.034, 0.034, 0.034, 0.034, 0.033, 0.033, 0.033, 0.033, 0.032, 0.032, 0.032, 0.032, 0.032, 0.031, 0.031, 0.031, 0.031, 0.031, 0.031, 0.031, 0.03, 0.03, 0.03, 0.03, 0.03, 0.03, 0.03, 0.03]
Max test score: 0.536 found at epoch: 50
Max test score shapes: 0.38 found at epoch: 50
Avg generalisation ratio: 0.629
Avg generalisation diff: 0.207