seed 999
percentFullySupervised 0.2
domainLossMultiplier 0.001
Active: Adjacencyloss True True 30 0.0001 False False 
Active: Relationsloss True 2 True 0.1 False True False 
Active: OneHotloss True 20 
Active: MinSizeShapesloss True 1 0.5 0.0035 0.015 
Active: MaxSizeShapesloss True 1 0.98 0.2 0.42 

Test Scores: [0.281, 0.358, 0.393, 0.401, 0.431, 0.408, 0.454, 0.464, 0.46, 0.468, 0.417, 0.463, 0.481, 0.458, 0.479, 0.472, 0.483, 0.479, 0.493, 0.494, 0.503, 0.495, 0.505, 0.497, 0.488, 0.485, 0.517, 0.504, 0.502, 0.513, 0.513, 0.518, 0.483, 0.497, 0.51, 0.522, 0.505, 0.511, 0.521, 0.517, 0.515, 0.51, 0.511, 0.511, 0.506, 0.508, 0.52, 0.521, 0.527, 0.513, 0.537, 0.541, 0.54, 0.528, 0.511, 0.516, 0.532, 0.514, 0.527, 0.503, 0.518, 0.495, 0.491, 0.507, 0.516, 0.508, 0.501, 0.527, 0.518, 0.498, 0.508, 0.509, 0.507, 0.507, 0.477, 0.504, 0.519, 0.51, 0.52, 0.501, 0.52, 0.497, 0.519, 0.517, 0.508, 0.494, 0.521, 0.505, 0.508, 0.534, 0.502, 0.492, 0.504, 0.495, 0.499, 0.523, 0.518, 0.533, 0.523, 0.523]
Test Scores w/o background: [0.166, 0.213, 0.243, 0.258, 0.272, 0.27, 0.295, 0.301, 0.3, 0.314, 0.276, 0.302, 0.325, 0.308, 0.319, 0.309, 0.327, 0.322, 0.341, 0.337, 0.335, 0.333, 0.342, 0.334, 0.337, 0.331, 0.357, 0.354, 0.347, 0.356, 0.353, 0.361, 0.336, 0.342, 0.342, 0.368, 0.356, 0.356, 0.373, 0.356, 0.361, 0.354, 0.345, 0.343, 0.355, 0.368, 0.383, 0.368, 0.373, 0.359, 0.384, 0.397, 0.389, 0.376, 0.363, 0.376, 0.386, 0.366, 0.377, 0.359, 0.363, 0.335, 0.336, 0.361, 0.362, 0.357, 0.341, 0.367, 0.373, 0.349, 0.354, 0.36, 0.347, 0.352, 0.313, 0.342, 0.367, 0.348, 0.372, 0.336, 0.369, 0.348, 0.373, 0.356, 0.348, 0.348, 0.368, 0.336, 0.356, 0.385, 0.347, 0.316, 0.34, 0.336, 0.357, 0.376, 0.373, 0.38, 0.376, 0.364]
Train Scores: [0.33, 0.43, 0.469, 0.48, 0.518, 0.509, 0.57, 0.571, 0.596, 0.603, 0.557, 0.601, 0.602, 0.626, 0.634, 0.625, 0.666, 0.664, 0.655, 0.644, 0.68, 0.674, 0.672, 0.657, 0.653, 0.647, 0.662, 0.657, 0.669, 0.682, 0.684, 0.69, 0.671, 0.692, 0.677, 0.688, 0.68, 0.681, 0.679, 0.685, 0.673, 0.686, 0.686, 0.659, 0.695, 0.676, 0.681, 0.67, 0.687, 0.7, 0.678, 0.677, 0.686, 0.693, 0.694, 0.685, 0.693, 0.708, 0.687, 0.682, 0.692, 0.685, 0.685, 0.688, 0.691, 0.68, 0.679, 0.673, 0.689, 0.692, 0.683, 0.688, 0.677, 0.688, 0.674, 0.7, 0.692, 0.698, 0.689, 0.67, 0.69, 0.682, 0.687, 0.675, 0.696, 0.684, 0.68, 0.68, 0.682, 0.705, 0.707, 0.675, 0.678, 0.666, 0.683, 0.701, 0.681, 0.702, 0.686, 0.695]
Train Scores w/o background: [0.201, 0.269, 0.305, 0.325, 0.357, 0.373, 0.422, 0.419, 0.452, 0.466, 0.427, 0.459, 0.469, 0.488, 0.496, 0.486, 0.539, 0.532, 0.53, 0.513, 0.552, 0.543, 0.538, 0.527, 0.536, 0.519, 0.539, 0.531, 0.549, 0.556, 0.562, 0.575, 0.56, 0.585, 0.552, 0.57, 0.57, 0.567, 0.566, 0.575, 0.563, 0.576, 0.577, 0.534, 0.591, 0.564, 0.57, 0.548, 0.576, 0.593, 0.562, 0.567, 0.568, 0.582, 0.585, 0.581, 0.584, 0.606, 0.574, 0.579, 0.583, 0.574, 0.578, 0.58, 0.585, 0.568, 0.571, 0.559, 0.581, 0.588, 0.575, 0.583, 0.562, 0.58, 0.562, 0.594, 0.584, 0.591, 0.581, 0.556, 0.581, 0.572, 0.578, 0.562, 0.587, 0.576, 0.565, 0.565, 0.568, 0.597, 0.601, 0.557, 0.565, 0.553, 0.577, 0.597, 0.574, 0.596, 0.582, 0.587]
Train Loss: [0.086, 0.08, 0.077, 0.074, 0.071, 0.069, 0.067, 0.065, 0.064, 0.063, 0.062, 0.061, 0.06, 0.06, 0.059, 0.058, 0.057, 0.057, 0.056, 0.055, 0.055, 0.054, 0.054, 0.053, 0.052, 0.052, 0.051, 0.051, 0.05, 0.05, 0.049, 0.048, 0.048, 0.047, 0.047, 0.046, 0.046, 0.045, 0.045, 0.044, 0.044, 0.043, 0.043, 0.042, 0.042, 0.042, 0.041, 0.041, 0.04, 0.04, 0.039, 0.039, 0.039, 0.038, 0.038, 0.038, 0.037, 0.037, 0.036, 0.036, 0.036, 0.035, 0.035, 0.035, 0.035, 0.034, 0.034, 0.034, 0.034, 0.033, 0.033, 0.033, 0.033, 0.032, 0.032, 0.032, 0.032, 0.031, 0.031, 0.031, 0.031, 0.031, 0.031, 0.031, 0.031, 0.03, 0.03, 0.03, 0.03, 0.03, 0.03, 0.03, 0.03, 0.03, 0.03, 0.03, 0.029, 0.029, 0.029, 0.029]
Max test score: 0.541 found at epoch: 52
Max test score shapes: 0.397 found at epoch: 52
Avg generalisation ratio: 0.639
Avg generalisation diff: 0.198