seed 0
percentFullySupervised 0.2
domainLossMultiplier 0.001
Active: Adjacencyloss True True 30 0.0001 False False 
Active: Relationsloss True 2 True 0.1 False True False 
Active: OneHotloss True 20 
Active: MinSizeShapesloss True 1 0.5 0.0035 0.015 
Active: MaxSizeShapesloss True 1 0.98 0.2 0.42 

Test Scores: [0.278, 0.303, 0.357, 0.391, 0.414, 0.45, 0.47, 0.489, 0.501, 0.497, 0.468, 0.458, 0.495, 0.491, 0.489, 0.493, 0.479, 0.505, 0.511, 0.509, 0.501, 0.519, 0.508, 0.519, 0.515, 0.505, 0.489, 0.501, 0.483, 0.522, 0.524, 0.51, 0.507, 0.519, 0.52, 0.513, 0.534, 0.528, 0.519, 0.499, 0.531, 0.501, 0.506, 0.503, 0.498, 0.505, 0.505, 0.527, 0.529, 0.509, 0.519, 0.524, 0.512, 0.531, 0.528, 0.529, 0.532, 0.524, 0.518, 0.529, 0.525, 0.526, 0.51, 0.509, 0.52, 0.524, 0.515, 0.537, 0.516, 0.5, 0.525, 0.502, 0.525, 0.517, 0.509, 0.541, 0.525, 0.534, 0.516, 0.509, 0.531, 0.503, 0.517, 0.521, 0.51, 0.529, 0.518, 0.52, 0.527, 0.517, 0.525, 0.507, 0.512, 0.501, 0.515, 0.522, 0.505, 0.515, 0.517, 0.516]
Test Scores w/o background: [0.157, 0.19, 0.217, 0.238, 0.263, 0.296, 0.316, 0.324, 0.34, 0.337, 0.311, 0.295, 0.337, 0.333, 0.326, 0.339, 0.325, 0.343, 0.364, 0.357, 0.342, 0.353, 0.34, 0.372, 0.355, 0.34, 0.332, 0.343, 0.326, 0.37, 0.361, 0.342, 0.346, 0.358, 0.36, 0.349, 0.38, 0.376, 0.362, 0.325, 0.376, 0.335, 0.34, 0.33, 0.32, 0.327, 0.326, 0.368, 0.371, 0.339, 0.354, 0.37, 0.342, 0.373, 0.369, 0.373, 0.378, 0.374, 0.371, 0.372, 0.369, 0.374, 0.348, 0.368, 0.373, 0.365, 0.375, 0.382, 0.362, 0.341, 0.373, 0.334, 0.36, 0.36, 0.343, 0.389, 0.371, 0.384, 0.357, 0.344, 0.376, 0.332, 0.357, 0.36, 0.349, 0.376, 0.365, 0.358, 0.371, 0.343, 0.364, 0.336, 0.346, 0.33, 0.357, 0.372, 0.336, 0.354, 0.355, 0.351]
Train Scores: [0.269, 0.301, 0.389, 0.452, 0.497, 0.537, 0.576, 0.595, 0.607, 0.634, 0.621, 0.618, 0.617, 0.61, 0.639, 0.631, 0.647, 0.642, 0.647, 0.665, 0.664, 0.67, 0.65, 0.664, 0.678, 0.662, 0.636, 0.657, 0.634, 0.645, 0.65, 0.661, 0.644, 0.664, 0.665, 0.69, 0.669, 0.664, 0.669, 0.667, 0.657, 0.657, 0.662, 0.682, 0.667, 0.643, 0.638, 0.669, 0.682, 0.676, 0.665, 0.653, 0.657, 0.665, 0.667, 0.663, 0.671, 0.677, 0.678, 0.661, 0.66, 0.686, 0.676, 0.678, 0.673, 0.667, 0.677, 0.683, 0.663, 0.667, 0.674, 0.67, 0.66, 0.676, 0.668, 0.688, 0.679, 0.678, 0.675, 0.674, 0.68, 0.657, 0.664, 0.669, 0.658, 0.669, 0.673, 0.666, 0.668, 0.654, 0.678, 0.667, 0.672, 0.665, 0.669, 0.671, 0.661, 0.662, 0.664, 0.648]
Train Scores w/o background: [0.161, 0.199, 0.245, 0.29, 0.338, 0.373, 0.423, 0.439, 0.457, 0.496, 0.483, 0.475, 0.478, 0.472, 0.502, 0.493, 0.523, 0.505, 0.511, 0.536, 0.532, 0.541, 0.512, 0.548, 0.553, 0.539, 0.507, 0.533, 0.512, 0.522, 0.522, 0.535, 0.511, 0.531, 0.537, 0.566, 0.541, 0.537, 0.54, 0.536, 0.523, 0.518, 0.522, 0.549, 0.528, 0.495, 0.497, 0.534, 0.553, 0.544, 0.53, 0.515, 0.515, 0.545, 0.548, 0.54, 0.548, 0.559, 0.565, 0.534, 0.534, 0.559, 0.55, 0.564, 0.56, 0.55, 0.56, 0.571, 0.542, 0.54, 0.553, 0.535, 0.536, 0.557, 0.543, 0.568, 0.56, 0.559, 0.557, 0.553, 0.562, 0.524, 0.539, 0.543, 0.532, 0.546, 0.561, 0.54, 0.55, 0.527, 0.56, 0.544, 0.547, 0.529, 0.546, 0.555, 0.528, 0.542, 0.535, 0.518]
Train Loss: [0.087, 0.082, 0.078, 0.075, 0.072, 0.07, 0.068, 0.067, 0.065, 0.064, 0.063, 0.062, 0.061, 0.06, 0.059, 0.058, 0.058, 0.057, 0.056, 0.056, 0.055, 0.054, 0.054, 0.053, 0.052, 0.052, 0.051, 0.05, 0.05, 0.049, 0.048, 0.048, 0.047, 0.047, 0.046, 0.046, 0.045, 0.045, 0.044, 0.044, 0.043, 0.042, 0.042, 0.042, 0.041, 0.041, 0.04, 0.04, 0.039, 0.039, 0.038, 0.038, 0.038, 0.037, 0.037, 0.037, 0.036, 0.036, 0.036, 0.035, 0.035, 0.035, 0.034, 0.034, 0.034, 0.034, 0.033, 0.033, 0.033, 0.033, 0.032, 0.032, 0.032, 0.032, 0.032, 0.032, 0.031, 0.031, 0.031, 0.031, 0.031, 0.031, 0.03, 0.03, 0.03, 0.03, 0.03, 0.03, 0.03, 0.03, 0.03, 0.03, 0.03, 0.03, 0.029, 0.029, 0.029, 0.029, 0.029, 0.029]
Max test score: 0.541 found at epoch: 76
Max test score shapes: 0.389 found at epoch: 76
Avg generalisation ratio: 0.676
Avg generalisation diff: 0.171