seed 234
percentFullySupervised 0.2
domainLossMultiplier 0.001
Active: Adjacencyloss True True 30 0.0001 False False 
Active: Relationsloss True 2 True 0.1 False True False 
Active: OneHotloss True 20 
Active: MinSizeShapesloss True 1 0.5 0.0035 0.015 
Active: MaxSizeShapesloss True 1 0.98 0.2 0.42 

Test Scores: [0.339, 0.375, 0.386, 0.416, 0.439, 0.465, 0.481, 0.483, 0.486, 0.494, 0.499, 0.486, 0.495, 0.489, 0.491, 0.481, 0.503, 0.494, 0.512, 0.504, 0.517, 0.507, 0.517, 0.508, 0.513, 0.505, 0.506, 0.504, 0.509, 0.514, 0.513, 0.518, 0.503, 0.494, 0.498, 0.503, 0.507, 0.499, 0.53, 0.511, 0.508, 0.493, 0.506, 0.505, 0.52, 0.498, 0.513, 0.522, 0.504, 0.513, 0.519, 0.52, 0.527, 0.501, 0.524, 0.498, 0.509, 0.513, 0.506, 0.518, 0.506, 0.518, 0.522, 0.531, 0.529, 0.507, 0.52, 0.528, 0.522, 0.511, 0.519, 0.524, 0.519, 0.511, 0.504, 0.506, 0.499, 0.52, 0.51, 0.515, 0.523, 0.505, 0.512, 0.507, 0.513, 0.533, 0.53, 0.507, 0.518, 0.514, 0.508, 0.519, 0.519, 0.501, 0.499, 0.511, 0.508, 0.505, 0.515, 0.52]
Test Scores w/o background: [0.172, 0.21, 0.238, 0.264, 0.286, 0.305, 0.315, 0.315, 0.314, 0.32, 0.332, 0.327, 0.336, 0.331, 0.33, 0.317, 0.34, 0.342, 0.353, 0.346, 0.349, 0.353, 0.358, 0.354, 0.35, 0.345, 0.355, 0.352, 0.349, 0.356, 0.359, 0.358, 0.351, 0.326, 0.33, 0.35, 0.355, 0.349, 0.377, 0.34, 0.348, 0.34, 0.346, 0.344, 0.365, 0.355, 0.353, 0.361, 0.335, 0.347, 0.357, 0.364, 0.381, 0.341, 0.365, 0.359, 0.36, 0.355, 0.339, 0.368, 0.341, 0.366, 0.377, 0.386, 0.378, 0.342, 0.37, 0.386, 0.372, 0.348, 0.367, 0.37, 0.368, 0.356, 0.35, 0.344, 0.338, 0.369, 0.36, 0.371, 0.366, 0.348, 0.361, 0.354, 0.353, 0.383, 0.382, 0.355, 0.358, 0.353, 0.347, 0.364, 0.36, 0.333, 0.338, 0.348, 0.345, 0.335, 0.355, 0.37]
Train Scores: [0.362, 0.446, 0.472, 0.523, 0.558, 0.594, 0.637, 0.615, 0.633, 0.612, 0.622, 0.629, 0.635, 0.606, 0.64, 0.641, 0.659, 0.677, 0.684, 0.677, 0.679, 0.672, 0.694, 0.678, 0.668, 0.682, 0.691, 0.696, 0.7, 0.686, 0.693, 0.684, 0.677, 0.657, 0.641, 0.684, 0.692, 0.676, 0.676, 0.649, 0.67, 0.675, 0.701, 0.711, 0.691, 0.685, 0.681, 0.698, 0.675, 0.683, 0.707, 0.693, 0.715, 0.704, 0.715, 0.689, 0.703, 0.709, 0.695, 0.72, 0.723, 0.709, 0.728, 0.715, 0.706, 0.713, 0.724, 0.715, 0.717, 0.702, 0.728, 0.733, 0.726, 0.691, 0.71, 0.712, 0.704, 0.726, 0.698, 0.718, 0.725, 0.722, 0.737, 0.722, 0.735, 0.723, 0.728, 0.72, 0.713, 0.728, 0.715, 0.732, 0.737, 0.71, 0.723, 0.727, 0.737, 0.715, 0.736, 0.717]
Train Scores w/o background: [0.192, 0.279, 0.325, 0.379, 0.416, 0.449, 0.501, 0.473, 0.497, 0.462, 0.489, 0.498, 0.509, 0.466, 0.517, 0.515, 0.534, 0.565, 0.57, 0.562, 0.562, 0.562, 0.585, 0.562, 0.543, 0.567, 0.588, 0.595, 0.594, 0.578, 0.589, 0.572, 0.568, 0.535, 0.512, 0.574, 0.585, 0.569, 0.568, 0.52, 0.556, 0.568, 0.589, 0.608, 0.581, 0.587, 0.57, 0.581, 0.557, 0.564, 0.591, 0.583, 0.617, 0.601, 0.617, 0.593, 0.6, 0.606, 0.577, 0.623, 0.609, 0.607, 0.635, 0.608, 0.605, 0.598, 0.629, 0.622, 0.618, 0.596, 0.627, 0.627, 0.622, 0.578, 0.607, 0.608, 0.597, 0.63, 0.597, 0.623, 0.624, 0.617, 0.641, 0.624, 0.632, 0.623, 0.628, 0.622, 0.606, 0.621, 0.606, 0.625, 0.637, 0.602, 0.622, 0.624, 0.634, 0.602, 0.638, 0.618]
Train Loss: [0.082, 0.079, 0.076, 0.073, 0.071, 0.069, 0.067, 0.066, 0.064, 0.063, 0.062, 0.061, 0.06, 0.06, 0.059, 0.058, 0.057, 0.057, 0.056, 0.055, 0.055, 0.054, 0.053, 0.052, 0.052, 0.051, 0.05, 0.05, 0.049, 0.049, 0.048, 0.047, 0.047, 0.046, 0.046, 0.045, 0.044, 0.044, 0.043, 0.043, 0.042, 0.042, 0.041, 0.041, 0.04, 0.04, 0.039, 0.039, 0.038, 0.038, 0.038, 0.037, 0.037, 0.036, 0.036, 0.036, 0.035, 0.035, 0.035, 0.034, 0.034, 0.034, 0.034, 0.033, 0.033, 0.033, 0.033, 0.032, 0.032, 0.032, 0.032, 0.032, 0.031, 0.031, 0.031, 0.031, 0.031, 0.031, 0.031, 0.031, 0.03, 0.03, 0.03, 0.03, 0.03, 0.03, 0.03, 0.03, 0.03, 0.03, 0.03, 0.029, 0.029, 0.029, 0.029, 0.029, 0.029, 0.029, 0.029, 0.029]
Max test score: 0.533 found at epoch: 86
Max test score shapes: 0.386 found at epoch: 64
Avg generalisation ratio: 0.612
Avg generalisation diff: 0.224